23.Aichi.ken, Death Rates (period 5x1)     Last modified:2023-12-05, ver.004_004 JMD(IPSS)

   Year      Age       Female       Male         Total
   1947     0      0.080892     0.090188     0.085665
   1947     1-4    0.014601     0.014964     0.014786
   1947     5-9    0.003025     0.003379     0.003204
   1947    10-14   0.001551     0.001579     0.001565
   1947    15-19   0.003921     0.004351     0.004128
   1947    20-24   0.006996     0.008726     0.007801
   1947    25-29   0.006581     0.007663     0.007048
   1947    30-34   0.006633     0.007775     0.007162
   1947    35-39   0.006425     0.007866     0.007118
   1947    40-44   0.007647     0.009012     0.008337
   1947    45-49   0.008519     0.011885     0.010247
   1947    50-54   0.011907     0.015382     0.013677
   1947    55-59   0.015826     0.023998     0.019892
   1947    60-64   0.024224     0.037112     0.030372
   1947    65-69   0.038608     0.057813     0.047318
   1947    70-74   0.063345     0.085193     0.072658
   1947    75-79   0.099281     0.138313     0.114459
   1947    80-84   0.169663     0.217652     0.186296
   1947    85-89   0.260092     0.306833     0.274985
   1947    90-94   0.376852     0.404899     0.384154
   1947    95-99   0.480113     0.261752     0.414337
   1947   100-104  0.000000     3.934426     0.937500
   1947   105-109  4.095563            .     4.095563
   1947   110+            .     0.000000     0.000000
   1948     0      0.054706     0.065406     0.060172
   1948     1-4    0.007777     0.008142     0.007963
   1948     5-9    0.001726     0.002225     0.001979
   1948    10-14   0.001181     0.001287     0.001233
   1948    15-19   0.003158     0.003262     0.003208
   1948    20-24   0.006325     0.007444     0.006857
   1948    25-29   0.006098     0.006693     0.006352
   1948    30-34   0.005187     0.006541     0.005809
   1948    35-39   0.005991     0.006998     0.006471
   1948    40-44   0.006637     0.008115     0.007378
   1948    45-49   0.007894     0.010367     0.009158
   1948    50-54   0.010687     0.013682     0.012216
   1948    55-59   0.013935     0.020598     0.017252
   1948    60-64   0.020209     0.032260     0.025997
   1948    65-69   0.034427     0.048346     0.040756
   1948    70-74   0.051877     0.071221     0.060126
   1948    75-79   0.084171     0.103665     0.091811
   1948    80-84   0.136553     0.172483     0.148986
   1948    85-89   0.199808     0.248716     0.215013
   1948    90-94   0.302193     0.317941     0.306569
   1948    95-99   0.327630     0.373320     0.337971
   1948   100-104  0.000000     2.745995     0.922367
   1948   105-109  0.000000            .     0.000000
   1948   110+            .     0.000000     0.000000
   1949     0      0.063404     0.070390     0.066958
   1949     1-4    0.009959     0.009867     0.009912
   1949     5-9    0.001973     0.002416     0.002198
   1949    10-14   0.001185     0.001207     0.001196
   1949    15-19   0.002786     0.002709     0.002749
   1949    20-24   0.005143     0.006133     0.005618
   1949    25-29   0.005316     0.005974     0.005599
   1949    30-34   0.004847     0.005686     0.005228
   1949    35-39   0.005477     0.006585     0.006000
   1949    40-44   0.006077     0.007247     0.006659
   1949    45-49   0.006995     0.009415     0.008225
   1949    50-54   0.010438     0.013561     0.012036
   1949    55-59   0.013357     0.019671     0.016513
   1949    60-64   0.021219     0.030290     0.025603
   1949    65-69   0.032302     0.046438     0.038745
   1949    70-74   0.054452     0.070812     0.061441
   1949    75-79   0.081346     0.107475     0.091734
   1949    80-84   0.144889     0.162201     0.150953
   1949    85-89   0.207913     0.230634     0.214878
   1949    90-94   0.276990     0.401586     0.311295
   1949    95-99   0.413417     0.132714     0.351468
   1949   100-104  0.000000     0.000000     0.000000
   1949   105-109  0.000000            .     0.000000
   1949   110+            .     0.000000     0.000000
   1950     0      0.052159     0.059983     0.056165
   1950     1-4    0.008513     0.007810     0.008155
   1950     5-9    0.001966     0.002036     0.002001
   1950    10-14   0.001019     0.001144     0.001082
   1950    15-19   0.002360     0.002760     0.002552
   1950    20-24   0.004542     0.005122     0.004822
   1950    25-29   0.004873     0.005805     0.005282
   1950    30-34   0.004308     0.005439     0.004812
   1950    35-39   0.004779     0.005984     0.005342
   1950    40-44   0.005982     0.006236     0.006108
   1950    45-49   0.007455     0.008689     0.008079
   1950    50-54   0.009750     0.012940     0.011381
   1950    55-59   0.013995     0.020242     0.017130
   1950    60-64   0.021052     0.030396     0.025586
   1950    65-69   0.034367     0.048398     0.040781
   1950    70-74   0.052514     0.076979     0.062969
   1950    75-79   0.085866     0.110928     0.095898
   1950    80-84   0.143747     0.175412     0.154947
   1950    85-89   0.209171     0.270198     0.227792
   1950    90-94   0.371276     0.436808     0.388961
   1950    95-99   0.476023     0.496586     0.480571
   1950   100-104  0.353565     0.000000     0.214669
   1950   105-109  0.000000     0.000000     0.000000
   1950   110+     0.000000     0.000000     0.000000
   1951     0      0.051238     0.058437     0.054920
   1951     1-4    0.007889     0.007956     0.007923
   1951     5-9    0.001761     0.002092     0.001929
   1951    10-14   0.000908     0.001063     0.000985
   1951    15-19   0.001649     0.001870     0.001756
   1951    20-24   0.003168     0.003839     0.003493
   1951    25-29   0.003926     0.004328     0.004108
   1951    30-34   0.003794     0.003797     0.003795
   1951    35-39   0.004317     0.004300     0.004309
   1951    40-44   0.005316     0.005570     0.005440
   1951    45-49   0.006502     0.008622     0.007572
   1951    50-54   0.009406     0.011869     0.010664
   1951    55-59   0.012694     0.017502     0.015111
   1951    60-64   0.019705     0.029133     0.024295
   1951    65-69   0.032984     0.048263     0.039993
   1951    70-74   0.052873     0.075479     0.062554
   1951    75-79   0.084844     0.105660     0.093177
   1951    80-84   0.143009     0.163222     0.150248
   1951    85-89   0.199096     0.233867     0.209659
   1951    90-94   0.302241     0.353249     0.315747
   1951    95-99   0.432804     0.588478     0.464506
   1951   100-104  1.140496     0.332180     0.719741
   1951   105-109  0.972973     3.000000     1.140496
   1951   110+     1.285714     1.500000     1.390244
   1952     0      0.045521     0.053563     0.049618
   1952     1-4    0.005893     0.006044     0.005970
   1952     5-9    0.001541     0.001712     0.001628
   1952    10-14   0.000691     0.000851     0.000771
   1952    15-19   0.001234     0.001499     0.001362
   1952    20-24   0.002471     0.002697     0.002581
   1952    25-29   0.003004     0.003224     0.003107
   1952    30-34   0.003458     0.003385     0.003426
   1952    35-39   0.003632     0.003832     0.003725
   1952    40-44   0.004854     0.005341     0.005089
   1952    45-49   0.005838     0.007580     0.006716
   1952    50-54   0.008267     0.011072     0.009699
   1952    55-59   0.012750     0.016904     0.014845
   1952    60-64   0.019467     0.025611     0.022466
   1952    65-69   0.031433     0.044401     0.037421
   1952    70-74   0.052769     0.074285     0.062033
   1952    75-79   0.081534     0.106556     0.091533
   1952    80-84   0.129006     0.161968     0.140940
   1952    85-89   0.224871     0.233565     0.227569
   1952    90-94   0.276777     0.318938     0.288076
   1952    95-99   0.483307     0.800695     0.536440
   1952   100-104  0.000000     1.167630     0.574680
   1952   105-109  0.000000     0.000000     0.000000
   1952   110+     0.000000            .     0.000000
   1953     0      0.043805     0.051048     0.047508
   1953     1-4    0.004837     0.005167     0.005005
   1953     5-9    0.001461     0.001684     0.001575
   1953    10-14   0.000752     0.000793     0.000772
   1953    15-19   0.001199     0.001448     0.001318
   1953    20-24   0.002283     0.002630     0.002452
   1953    25-29   0.002747     0.002849     0.002796
   1953    30-34   0.002996     0.003248     0.003104
   1953    35-39   0.003255     0.003291     0.003271
   1953    40-44   0.004141     0.004632     0.004375
   1953    45-49   0.005219     0.007348     0.006284
   1953    50-54   0.008542     0.010698     0.009638
   1953    55-59   0.012752     0.016962     0.014883
   1953    60-64   0.020133     0.028894     0.024420
   1953    65-69   0.031927     0.043908     0.037524
   1953    70-74   0.056755     0.077288     0.065607
   1953    75-79   0.089222     0.121451     0.102043
   1953    80-84   0.144055     0.191270     0.161161
   1953    85-89   0.241200     0.298844     0.259226
   1953    90-94   0.327285     0.421713     0.352246
   1953    95-99   0.613445     0.654780     0.619891
   1953   100-104  0.416159     0.000000     0.283784
   1953   105-109  0.243655     0.000000     0.174545
   1953   110+     3.000000            .     3.000000
   1954     0      0.040626     0.048148     0.044485
   1954     1-4    0.004288     0.004136     0.004210
   1954     5-9    0.001207     0.001609     0.001412
   1954    10-14   0.000558     0.000737     0.000647
   1954    15-19   0.001089     0.001588     0.001324
   1954    20-24   0.002232     0.002677     0.002448
   1954    25-29   0.002473     0.003074     0.002767
   1954    30-34   0.002790     0.003123     0.002934
   1954    35-39   0.002975     0.003461     0.003196
   1954    40-44   0.003677     0.004648     0.004136
   1954    45-49   0.005372     0.006523     0.005943
   1954    50-54   0.008952     0.009949     0.009457
   1954    55-59   0.011289     0.016903     0.014139
   1954    60-64   0.018285     0.026478     0.022316
   1954    65-69   0.029254     0.043850     0.036132
   1954    70-74   0.050579     0.068858     0.058483
   1954    75-79   0.078300     0.108585     0.090288
   1954    80-84   0.125890     0.164715     0.139979
   1954    85-89   0.209326     0.261390     0.225503
   1954    90-94   0.298260     0.428534     0.332047
   1954    95-99   0.455601     0.805169     0.507835
   1954   100-104  0.972152     0.000000     0.601881
   1954   105-109  0.211454     0.000000     0.119701
   1954   110+     0.000000            .     0.000000
   1955     0      0.036368     0.044630     0.040600
   1955     1-4    0.003427     0.003497     0.003463
   1955     5-9    0.001190     0.001433     0.001314
   1955    10-14   0.000558     0.000744     0.000652
   1955    15-19   0.000952     0.001390     0.001157
   1955    20-24   0.001661     0.002452     0.002043
   1955    25-29   0.002216     0.002292     0.002254
   1955    30-34   0.002225     0.002446     0.002324
   1955    35-39   0.003028     0.002843     0.002945
   1955    40-44   0.003435     0.004300     0.003840
   1955    45-49   0.005030     0.006145     0.005581
   1955    50-54   0.007849     0.010059     0.008964
   1955    55-59   0.011191     0.015703     0.013483
   1955    60-64   0.017100     0.025908     0.021455
   1955    65-69   0.027691     0.042110     0.034509
   1955    70-74   0.047221     0.069626     0.056954
   1955    75-79   0.080497     0.105987     0.090575
   1955    80-84   0.128377     0.155037     0.138102
   1955    85-89   0.199508     0.232728     0.209851
   1955    90-94   0.272696     0.260112     0.269408
   1955    95-99   0.551085     0.188383     0.496478
   1955   100-104  0.000000     1.197200     0.417752
   1955   105-109  0.000000     1.076087     0.502538
   1955   110+     0.000000            .     0.000000
   1956     0      0.037668     0.042967     0.040380
   1956     1-4    0.003406     0.003256     0.003329
   1956     5-9    0.001040     0.001301     0.001173
   1956    10-14   0.000441     0.000582     0.000512
   1956    15-19   0.000853     0.001166     0.001001
   1956    20-24   0.001782     0.002053     0.001913
   1956    25-29   0.002018     0.002330     0.002174
   1956    30-34   0.002303     0.002469     0.002380
   1956    35-39   0.002558     0.003068     0.002783
   1956    40-44   0.003558     0.004098     0.003810
   1956    45-49   0.004994     0.006473     0.005717
   1956    50-54   0.007598     0.010397     0.009008
   1956    55-59   0.011236     0.016745     0.014033
   1956    60-64   0.017124     0.026894     0.021963
   1956    65-69   0.029298     0.040157     0.034452
   1956    70-74   0.050198     0.073917     0.060558
   1956    75-79   0.083982     0.113531     0.095723
   1956    80-84   0.135311     0.178987     0.151208
   1956    85-89   0.213353     0.239761     0.221670
   1956    90-94   0.323919     0.438124     0.353823
   1956    95-99   0.434144     0.703180     0.480203
   1956   100-104  0.423581     0.920690     0.510216
   1956   105-109  0.090909     0.496815     0.270423
   1956   110+     0.214286            .     0.214286
   1957     0      0.032920     0.040820     0.036980
   1957     1-4    0.003140     0.003334     0.003239
   1957     5-9    0.000958     0.001228     0.001096
   1957    10-14   0.000501     0.000646     0.000573
   1957    15-19   0.000924     0.001515     0.001207
   1957    20-24   0.001627     0.002210     0.001909
   1957    25-29   0.002103     0.002118     0.002110
   1957    30-34   0.002438     0.002844     0.002631
   1957    35-39   0.002535     0.003415     0.002918
   1957    40-44   0.003488     0.003965     0.003711
   1957    45-49   0.005245     0.006715     0.005954
   1957    50-54   0.007979     0.010424     0.009209
   1957    55-59   0.011882     0.017078     0.014515
   1957    60-64   0.018534     0.027501     0.022985
   1957    65-69   0.030769     0.044403     0.037253
   1957    70-74   0.050700     0.078461     0.062905
   1957    75-79   0.090216     0.129482     0.105851
   1957    80-84   0.148139     0.183787     0.161026
   1957    85-89   0.221167     0.285840     0.241500
   1957    90-94   0.383431     0.406170     0.389423
   1957    95-99   0.614704     0.876476     0.658914
   1957   100-104  0.917623     2.119149     1.005943
   1957   105-109  2.181818     2.400000     2.260870
   1957   110+     2.000000            .     2.000000
   1958     0      0.032068     0.037469     0.034843
   1958     1-4    0.002514     0.002518     0.002516
   1958     5-9    0.000735     0.001024     0.000882
   1958    10-14   0.000420     0.000596     0.000509
   1958    15-19   0.000720     0.001262     0.000981
   1958    20-24   0.001497     0.002055     0.001769
   1958    25-29   0.001822     0.002333     0.002079
   1958    30-34   0.001892     0.002249     0.002067
   1958    35-39   0.002301     0.002785     0.002511
   1958    40-44   0.003042     0.003744     0.003367
   1958    45-49   0.004612     0.005703     0.005135
   1958    50-54   0.006780     0.009103     0.007942
   1958    55-59   0.010341     0.015489     0.012940
   1958    60-64   0.016014     0.025788     0.020880
   1958    65-69   0.026748     0.042227     0.034118
   1958    70-74   0.046187     0.069732     0.056641
   1958    75-79   0.082489     0.109924     0.093412
   1958    80-84   0.127426     0.164648     0.140828
   1958    85-89   0.191464     0.259987     0.212788
   1958    90-94   0.308660     0.396058     0.331783
   1958    95-99   0.352552     0.782155     0.414668
   1958   100-104  0.482703            .     0.482703
   1958   105-109         .            .            .
   1958   110+            .            .            .
   1959     0      0.032962     0.038632     0.035864
   1959     1-4    0.003433     0.004149     0.003800
   1959     5-9    0.001888     0.002042     0.001967
   1959    10-14   0.001092     0.001142     0.001117
   1959    15-19   0.001034     0.001311     0.001167
   1959    20-24   0.001750     0.002302     0.002021
   1959    25-29   0.002256     0.002378     0.002318
   1959    30-34   0.002924     0.002494     0.002709
   1959    35-39   0.003399     0.003556     0.003468
   1959    40-44   0.003721     0.003976     0.003838
   1959    45-49   0.005237     0.006078     0.005637
   1959    50-54   0.007395     0.009876     0.008628
   1959    55-59   0.011991     0.016267     0.014143
   1959    60-64   0.017248     0.026098     0.021664
   1959    65-69   0.027899     0.041863     0.034579
   1959    70-74   0.049201     0.067232     0.057280
   1959    75-79   0.080723     0.111065     0.092851
   1959    80-84   0.133221     0.179057     0.149572
   1959    85-89   0.228313     0.267874     0.240752
   1959    90-94   0.332747     0.427757     0.356867
   1959    95-99   0.428077     0.331089     0.412582
   1959   100-104  0.535475            .     0.535475
   1959   105-109         .            .            .
   1959   110+            .            .            .
   1960     0      0.024828     0.031183     0.028067
   1960     1-4    0.001720     0.002196     0.001964
   1960     5-9    0.000658     0.000891     0.000777
   1960    10-14   0.000415     0.000534     0.000476
   1960    15-19   0.000701     0.001226     0.000951
   1960    20-24   0.001126     0.002004     0.001558
   1960    25-29   0.001428     0.002138     0.001789
   1960    30-34   0.001708     0.002117     0.001915
   1960    35-39   0.002316     0.002851     0.002557
   1960    40-44   0.003089     0.003917     0.003465
   1960    45-49   0.004213     0.005879     0.005001
   1960    50-54   0.006710     0.009866     0.008272
   1960    55-59   0.009926     0.015224     0.012584
   1960    60-64   0.016393     0.024606     0.020491
   1960    65-69   0.027937     0.040344     0.033909
   1960    70-74   0.048283     0.068471     0.057378
   1960    75-79   0.084925     0.119959     0.098952
   1960    80-84   0.145636     0.183237     0.158980
   1960    85-89   0.208345     0.270464     0.228099
   1960    90-94   0.342259     0.382654     0.352159
   1960    95-99   0.543008     0.554913     0.545472
   1960   100-104  0.199468            .     0.199468
   1960   105-109         .            .            .
   1960   110+            .            .            .
   1961     0      0.024454     0.030514     0.027548
   1961     1-4    0.001870     0.002254     0.002066
   1961     5-9    0.000697     0.000940     0.000821
   1961    10-14   0.000347     0.000555     0.000452
   1961    15-19   0.000677     0.001359     0.001007
   1961    20-24   0.001050     0.001888     0.001462
   1961    25-29   0.001194     0.001947     0.001578
   1961    30-34   0.001670     0.002218     0.001949
   1961    35-39   0.002157     0.002968     0.002536
   1961    40-44   0.002678     0.003675     0.003122
   1961    45-49   0.004189     0.005867     0.004979
   1961    50-54   0.006625     0.009096     0.007836
   1961    55-59   0.010300     0.014805     0.012559
   1961    60-64   0.015731     0.023371     0.019544
   1961    65-69   0.026469     0.038924     0.032480
   1961    70-74   0.046194     0.067730     0.055933
   1961    75-79   0.081651     0.112127     0.093922
   1961    80-84   0.142974     0.178840     0.155753
   1961    85-89   0.221916     0.271433     0.237609
   1961    90-94   0.336909     0.396106     0.351295
   1961    95-99   0.472666     0.655380     0.511023
   1961   100-104  0.467168            .     0.467168
   1961   105-109         .            .            .
   1961   110+            .            .            .
   1962     0      0.022594     0.028875     0.025817
   1962     1-4    0.001500     0.001893     0.001700
   1962     5-9    0.000585     0.000725     0.000656
   1962    10-14   0.000275     0.000471     0.000373
   1962    15-19   0.000540     0.000959     0.000746
   1962    20-24   0.000940     0.001664     0.001298
   1962    25-29   0.001299     0.001668     0.001487
   1962    30-34   0.001616     0.001855     0.001738
   1962    35-39   0.002002     0.002540     0.002262
   1962    40-44   0.002514     0.003666     0.003021
   1962    45-49   0.004027     0.005096     0.004528
   1962    50-54   0.006299     0.009037     0.007622
   1962    55-59   0.009832     0.015082     0.012462
   1962    60-64   0.015315     0.024775     0.020037
   1962    65-69   0.026786     0.040351     0.033342
   1962    70-74   0.048302     0.069266     0.057799
   1962    75-79   0.082768     0.120149     0.097949
   1962    80-84   0.142481     0.189820     0.159323
   1962    85-89   0.230077     0.264356     0.240908
   1962    90-94   0.349701     0.391365     0.360033
   1962    95-99   0.394674     0.472565     0.409467
   1962   100-104  0.677201     0.000000     0.624350
   1962   105-109  0.000000            .     0.000000
   1962   110+            .            .            .
   1963     0      0.019986     0.026217     0.023177
   1963     1-4    0.001301     0.001721     0.001515
   1963     5-9    0.000502     0.000695     0.000600
   1963    10-14   0.000309     0.000417     0.000363
   1963    15-19   0.000492     0.000972     0.000730
   1963    20-24   0.000955     0.001480     0.001216
   1963    25-29   0.001154     0.001422     0.001291
   1963    30-34   0.001423     0.001784     0.001608
   1963    35-39   0.001926     0.002366     0.002144
   1963    40-44   0.002505     0.003298     0.002852
   1963    45-49   0.004202     0.005377     0.004749
   1963    50-54   0.006029     0.008138     0.007039
   1963    55-59   0.008766     0.014100     0.011423
   1963    60-64   0.013586     0.021992     0.017766
   1963    65-69   0.024984     0.037153     0.030883
   1963    70-74   0.043363     0.063282     0.052421
   1963    75-79   0.078349     0.106607     0.089979
   1963    80-84   0.131589     0.163258     0.142860
   1963    85-89   0.203642     0.241522     0.215529
   1963    90-94   0.294372     0.354823     0.309885
   1963    95-99   0.486116     0.648193     0.515626
   1963   100-104  0.881057     0.000000     0.701139
   1963   105-109  0.000000            .     0.000000
   1963   110+            .            .            .
   1964     0      0.016582     0.022986     0.019846
   1964     1-4    0.001049     0.001587     0.001323
   1964     5-9    0.000479     0.000664     0.000573
   1964    10-14   0.000282     0.000493     0.000388
   1964    15-19   0.000344     0.001017     0.000676
   1964    20-24   0.000787     0.001337     0.001064
   1964    25-29   0.001013     0.001574     0.001301
   1964    30-34   0.001396     0.001753     0.001579
   1964    35-39   0.001702     0.002400     0.002054
   1964    40-44   0.002446     0.003430     0.002881
   1964    45-49   0.003960     0.004784     0.004340
   1964    50-54   0.005289     0.008120     0.006634
   1964    55-59   0.008440     0.013539     0.010964
   1964    60-64   0.012785     0.022421     0.017557
   1964    65-69   0.022436     0.037125     0.029575
   1964    70-74   0.041492     0.061808     0.050797
   1964    75-79   0.076702     0.104424     0.088256
   1964    80-84   0.126324     0.157836     0.137646
   1964    85-89   0.202247     0.245374     0.215628
   1964    90-94   0.273821     0.343976     0.292222
   1964    95-99   0.457473     0.593765     0.479876
   1964   100-104  0.555298     0.000000     0.338028
   1964   105-109  0.000000            .     0.000000
   1964   110+            .            .            .
   1965     0      0.015180     0.019262     0.017263
   1965     1-4    0.001135     0.001466     0.001304
   1965     5-9    0.000425     0.000633     0.000531
   1965    10-14   0.000306     0.000456     0.000382
   1965    15-19   0.000307     0.000932     0.000612
   1965    20-24   0.000704     0.001220     0.000967
   1965    25-29   0.000862     0.001285     0.001080
   1965    30-34   0.001234     0.001618     0.001432
   1965    35-39   0.001514     0.002212     0.001869
   1965    40-44   0.002384     0.003282     0.002792
   1965    45-49   0.003517     0.004636     0.004026
   1965    50-54   0.005168     0.007678     0.006352
   1965    55-59   0.008731     0.013433     0.011048
   1965    60-64   0.014068     0.023823     0.018878
   1965    65-69   0.023197     0.038004     0.030387
   1965    70-74   0.041305     0.064572     0.052022
   1965    75-79   0.073370     0.113793     0.090258
   1965    80-84   0.137433     0.173641     0.150483
   1965    85-89   0.214916     0.276657     0.233953
   1965    90-94   0.322726     0.401011     0.343083
   1965    95-99   0.423328     0.457282     0.429117
   1965   100-104  1.016949     0.612870     0.804721
   1965   105-109  0.000000            .     0.000000
   1965   110+            .            .            .
   1966     0      0.013253     0.016741     0.015048
   1966     1-4    0.001087     0.001363     0.001227
   1966     5-9    0.000373     0.000570     0.000473
   1966    10-14   0.000277     0.000401     0.000340
   1966    15-19   0.000369     0.000864     0.000612
   1966    20-24   0.000747     0.001178     0.000967
   1966    25-29   0.000765     0.001554     0.001173
   1966    30-34   0.001219     0.001599     0.001415
   1966    35-39   0.001607     0.002359     0.001992
   1966    40-44   0.002089     0.002985     0.002510
   1966    45-49   0.003276     0.004700     0.003913
   1966    50-54   0.005199     0.007830     0.006433
   1966    55-59   0.007775     0.012808     0.010226
   1966    60-64   0.012979     0.022583     0.017711
   1966    65-69   0.023237     0.034634     0.028766
   1966    70-74   0.040183     0.061722     0.050116
   1966    75-79   0.069948     0.103803     0.084109
   1966    80-84   0.120242     0.156075     0.133202
   1966    85-89   0.191952     0.225725     0.202497
   1966    90-94   0.300169     0.308939     0.302442
   1966    95-99   0.350278     0.450216     0.370859
   1966   100-104  1.256106     0.933126     1.103347
   1966   105-109  1.500000            .     1.500000
   1966   110+            .            .            .
   1967     0      0.014388     0.018926     0.016728
   1967     1-4    0.000971     0.001205     0.001090
   1967     5-9    0.000336     0.000568     0.000454
   1967    10-14   0.000228     0.000429     0.000329
   1967    15-19   0.000383     0.000945     0.000660
   1967    20-24   0.000612     0.001143     0.000883
   1967    25-29   0.000913     0.001226     0.001075
   1967    30-34   0.001040     0.001498     0.001277
   1967    35-39   0.001549     0.002091     0.001828
   1967    40-44   0.002227     0.003141     0.002670
   1967    45-49   0.003343     0.004686     0.003936
   1967    50-54   0.004892     0.007833     0.006266
   1967    55-59   0.007481     0.013041     0.010146
   1967    60-64   0.013556     0.021356     0.017394
   1967    65-69   0.021823     0.035590     0.028493
   1967    70-74   0.040198     0.058996     0.048882
   1967    75-79   0.070163     0.101080     0.083143
   1967    80-84   0.121009     0.158440     0.134701
   1967    85-89   0.186224     0.223960     0.198119
   1967    90-94   0.328536     0.311140     0.323910
   1967    95-99   0.415629     0.307751     0.389915
   1967   100-104  0.562061     0.000000     0.438757
   1967   105-109         .            .            .
   1967   110+            .            .            .
   1968     0      0.012082     0.016699     0.014459
   1968     1-4    0.000877     0.001179     0.001031
   1968     5-9    0.000459     0.000620     0.000541
   1968    10-14   0.000264     0.000395     0.000330
   1968    15-19   0.000429     0.000885     0.000655
   1968    20-24   0.000599     0.001189     0.000899
   1968    25-29   0.000751     0.001281     0.001025
   1968    30-34   0.001031     0.001449     0.001248
   1968    35-39   0.001631     0.002179     0.001914
   1968    40-44   0.002348     0.002850     0.002598
   1968    45-49   0.003319     0.004644     0.003902
   1968    50-54   0.004830     0.007747     0.006184
   1968    55-59   0.007781     0.012150     0.009854
   1968    60-64   0.013241     0.020140     0.016617
   1968    65-69   0.022040     0.034905     0.028241
   1968    70-74   0.038514     0.059574     0.048266
   1968    75-79   0.066338     0.097687     0.079578
   1968    80-84   0.110914     0.156741     0.127831
   1968    85-89   0.201288     0.245002     0.215071
   1968    90-94   0.311170     0.348572     0.321175
   1968    95-99   0.432233     0.591748     0.471094
   1968   100-104  0.553511     0.000000     0.468281
   1968   105-109         .            .            .
   1968   110+            .            .            .
   1969     0      0.011579     0.014387     0.013027
   1969     1-4    0.000862     0.001227     0.001049
   1969     5-9    0.000304     0.000614     0.000462
   1969    10-14   0.000249     0.000399     0.000325
   1969    15-19   0.000443     0.000987     0.000713
   1969    20-24   0.000594     0.001140     0.000873
   1969    25-29   0.000830     0.001321     0.001083
   1969    30-34   0.000984     0.001440     0.001220
   1969    35-39   0.001410     0.001991     0.001710
   1969    40-44   0.002139     0.003165     0.002659
   1969    45-49   0.003564     0.004680     0.004060
   1969    50-54   0.005255     0.007073     0.006091
   1969    55-59   0.007471     0.011856     0.009534
   1969    60-64   0.012039     0.020822     0.016306
   1969    65-69   0.019995     0.035093     0.027235
   1969    70-74   0.039552     0.060130     0.049100
   1969    75-79   0.067011     0.101635     0.081759
   1969    80-84   0.118457     0.156121     0.132456
   1969    85-89   0.191956     0.257243     0.212521
   1969    90-94   0.282043     0.355695     0.301172
   1969    95-99   0.395366     0.600622     0.443566
   1969   100-104  0.688863     0.461184     0.648824
   1969   105-109         .            .            .
   1969   110+            .            .            .
   1970     0      0.011498     0.014045     0.012808
   1970     1-4    0.000826     0.001106     0.000970
   1970     5-9    0.000299     0.000531     0.000417
   1970    10-14   0.000215     0.000400     0.000309
   1970    15-19   0.000416     0.000872     0.000640
   1970    20-24   0.000607     0.001106     0.000862
   1970    25-29   0.000775     0.001150     0.000968
   1970    30-34   0.001001     0.001511     0.001265
   1970    35-39   0.001243     0.002041     0.001655
   1970    40-44   0.002052     0.002923     0.002498
   1970    45-49   0.003377     0.004705     0.003983
   1970    50-54   0.004797     0.007209     0.005891
   1970    55-59   0.007635     0.012244     0.009786
   1970    60-64   0.012627     0.020364     0.016363
   1970    65-69   0.021702     0.036233     0.028639
   1970    70-74   0.039032     0.060217     0.048835
   1970    75-79   0.068155     0.099493     0.081593
   1970    80-84   0.116101     0.149559     0.128661
   1970    85-89   0.185705     0.238436     0.202235
   1970    90-94   0.307894     0.390180     0.328493
   1970    95-99   0.415532     0.478020     0.430737
   1970   100-104  0.880704     0.332594     0.744526
   1970   105-109         .            .            .
   1970   110+            .            .            .
   1971     0      0.011105     0.013850     0.012518
   1971     1-4    0.000773     0.001098     0.000940
   1971     5-9    0.000279     0.000465     0.000374
   1971    10-14   0.000198     0.000378     0.000290
   1971    15-19   0.000408     0.000857     0.000629
   1971    20-24   0.000554     0.001118     0.000842
   1971    25-29   0.000748     0.001022     0.000890
   1971    30-34   0.000846     0.001157     0.001007
   1971    35-39   0.001324     0.001854     0.001598
   1971    40-44   0.002071     0.003062     0.002581
   1971    45-49   0.002993     0.003889     0.003415
   1971    50-54   0.004247     0.006664     0.005324
   1971    55-59   0.006769     0.011403     0.008920
   1971    60-64   0.011878     0.019098     0.015320
   1971    65-69   0.021241     0.031867     0.026319
   1971    70-74   0.035328     0.056345     0.045021
   1971    75-79   0.063739     0.090318     0.075170
   1971    80-84   0.116183     0.149502     0.128809
   1971    85-89   0.182510     0.226176     0.196252
   1971    90-94   0.269092     0.333220     0.285122
   1971    95-99   0.445669     0.359375     0.424056
   1971   100-104  0.398583     0.542005     0.445765
   1971   105-109         .            .            .
   1971   110+            .            .            .
   1972     0      0.009927     0.012604     0.011307
   1972     1-4    0.000913     0.001169     0.001044
   1972     5-9    0.000299     0.000495     0.000399
   1972    10-14   0.000174     0.000313     0.000244
   1972    15-19   0.000339     0.001058     0.000697
   1972    20-24   0.000542     0.000977     0.000763
   1972    25-29   0.000615     0.001018     0.000823
   1972    30-34   0.000985     0.001134     0.001062
   1972    35-39   0.001343     0.001851     0.001606
   1972    40-44   0.001748     0.002917     0.002351
   1972    45-49   0.002964     0.004295     0.003611
   1972    50-54   0.004318     0.006108     0.005105
   1972    55-59   0.007342     0.011098     0.009076
   1972    60-64   0.011685     0.018745     0.014998
   1972    65-69   0.019342     0.031929     0.025351
   1972    70-74   0.032721     0.054498     0.042750
   1972    75-79   0.065217     0.093122     0.077238
   1972    80-84   0.108749     0.146301     0.123051
   1972    85-89   0.184630     0.221084     0.196290
   1972    90-94   0.286193     0.336635     0.299056
   1972    95-99   0.430151     0.365408     0.414000
   1972   100-104  0.184615     0.240000     0.200000
   1972   105-109  0.000000            .     0.000000
   1972   110+            .            .            .
   1973     0      0.009272     0.012119     0.010737
   1973     1-4    0.000830     0.001133     0.000985
   1973     5-9    0.000365     0.000474     0.000421
   1973    10-14   0.000240     0.000267     0.000254
   1973    15-19   0.000371     0.000868     0.000621
   1973    20-24   0.000572     0.000972     0.000775
   1973    25-29   0.000585     0.000967     0.000781
   1973    30-34   0.000924     0.001033     0.000980
   1973    35-39   0.001120     0.001752     0.001447
   1973    40-44   0.001842     0.002687     0.002278
   1973    45-49   0.002955     0.003939     0.003445
   1973    50-54   0.004070     0.005816     0.004833
   1973    55-59   0.006705     0.010764     0.008565
   1973    60-64   0.010829     0.017875     0.014102
   1973    65-69   0.019186     0.032214     0.025356
   1973    70-74   0.033471     0.053756     0.042778
   1973    75-79   0.065500     0.093772     0.077726
   1973    80-84   0.114064     0.145486     0.126129
   1973    85-89   0.190839     0.233003     0.204469
   1973    90-94   0.313089     0.373364     0.328572
   1973    95-99   0.422539     0.592419     0.461056
   1973   100-104  0.477273     0.938650     0.582749
   1973   105-109  3.000000            .     3.000000
   1973   110+            .            .            .
   1974     0      0.008729     0.011447     0.010129
   1974     1-4    0.000709     0.000926     0.000821
   1974     5-9    0.000266     0.000503     0.000388
   1974    10-14   0.000170     0.000265     0.000218
   1974    15-19   0.000358     0.000783     0.000572
   1974    20-24   0.000462     0.000999     0.000735
   1974    25-29   0.000672     0.000929     0.000803
   1974    30-34   0.000800     0.001091     0.000949
   1974    35-39   0.001094     0.001813     0.001467
   1974    40-44   0.001901     0.002903     0.002418
   1974    45-49   0.002589     0.003954     0.003279
   1974    50-54   0.004319     0.006071     0.005092
   1974    55-59   0.006824     0.010290     0.008396
   1974    60-64   0.010802     0.017701     0.013976
   1974    65-69   0.018790     0.030407     0.024251
   1974    70-74   0.035334     0.051829     0.042878
   1974    75-79   0.063583     0.088650     0.074454
   1974    80-84   0.119329     0.147910     0.130470
   1974    85-89   0.190810     0.237266     0.205969
   1974    90-94   0.298187     0.353707     0.312618
   1974    95-99   0.406022     0.411963     0.407264
   1974   100-104  0.593407     0.206897     0.500000
   1974   105-109         .            .            .
   1974   110+            .            .            .
   1975     0      0.008161     0.009789     0.008998
   1975     1-4    0.000631     0.000907     0.000773
   1975     5-9    0.000268     0.000450     0.000361
   1975    10-14   0.000153     0.000262     0.000209
   1975    15-19   0.000303     0.000788     0.000547
   1975    20-24   0.000490     0.000909     0.000704
   1975    25-29   0.000489     0.000832     0.000664
   1975    30-34   0.000675     0.001068     0.000877
   1975    35-39   0.001044     0.001655     0.001360
   1975    40-44   0.001553     0.002554     0.002069
   1975    45-49   0.002357     0.004202     0.003298
   1975    50-54   0.004030     0.005751     0.004808
   1975    55-59   0.006253     0.009497     0.007701
   1975    60-64   0.010227     0.016354     0.013024
   1975    65-69   0.017017     0.028598     0.022427
   1975    70-74   0.033906     0.050894     0.041655
   1975    75-79   0.059727     0.087790     0.071893
   1975    80-84   0.115555     0.142371     0.126119
   1975    85-89   0.181269     0.234669     0.198901
   1975    90-94   0.295124     0.348206     0.309153
   1975    95-99   0.434710     0.486156     0.444849
   1975   100-104  1.015385     0.857143     0.967742
   1975   105-109         .            .            .
   1975   110+            .            .            .
   1976     0      0.007337     0.009519     0.008457
   1976     1-4    0.000653     0.000835     0.000746
   1976     5-9    0.000234     0.000411     0.000325
   1976    10-14   0.000165     0.000256     0.000212
   1976    15-19   0.000274     0.000701     0.000489
   1976    20-24   0.000452     0.000816     0.000638
   1976    25-29   0.000534     0.000811     0.000675
   1976    30-34   0.000669     0.000922     0.000799
   1976    35-39   0.000956     0.001534     0.001254
   1976    40-44   0.001429     0.002642     0.002055
   1976    45-49   0.002705     0.003974     0.003355
   1976    50-54   0.004090     0.005755     0.004867
   1976    55-59   0.005879     0.009535     0.007481
   1976    60-64   0.009816     0.015685     0.012483
   1976    65-69   0.016258     0.027946     0.021652
   1976    70-74   0.031944     0.049220     0.039830
   1976    75-79   0.059422     0.084497     0.070281
   1976    80-84   0.103893     0.143660     0.119540
   1976    85-89   0.178549     0.226684     0.194540
   1976    90-94   0.271128     0.333313     0.287828
   1976    95-99   0.430501     0.590996     0.460563
   1976   100-104  0.311688     0.642857     0.400000
   1976   105-109         .            .            .
   1976   110+            .            .            .
   1977     0      0.007352     0.009532     0.008471
   1977     1-4    0.000641     0.000784     0.000714
   1977     5-9    0.000295     0.000408     0.000353
   1977    10-14   0.000165     0.000145     0.000155
   1977    15-19   0.000287     0.000716     0.000503
   1977    20-24   0.000419     0.000911     0.000670
   1977    25-29   0.000470     0.000854     0.000665
   1977    30-34   0.000594     0.000883     0.000742
   1977    35-39   0.000971     0.001521     0.001254
   1977    40-44   0.001475     0.002244     0.001872
   1977    45-49   0.002431     0.004185     0.003331
   1977    50-54   0.003913     0.005609     0.004730
   1977    55-59   0.005455     0.009213     0.007079
   1977    60-64   0.009262     0.015955     0.012291
   1977    65-69   0.016668     0.026784     0.021276
   1977    70-74   0.029775     0.048461     0.038288
   1977    75-79   0.056030     0.080840     0.066764
   1977    80-84   0.100374     0.132116     0.112884
   1977    85-89   0.169112     0.207667     0.182081
   1977    90-94   0.267280     0.294552     0.274639
   1977    95-99   0.366475     0.364341     0.366062
   1977   100-104  0.428227     1.268052     0.597950
   1977   105-109         .            .            .
   1977   110+            .            .            .
   1978     0      0.006049     0.008621     0.007368
   1978     1-4    0.000580     0.000698     0.000640
   1978     5-9    0.000222     0.000390     0.000308
   1978    10-14   0.000097     0.000160     0.000129
   1978    15-19   0.000265     0.000713     0.000492
   1978    20-24   0.000368     0.000798     0.000588
   1978    25-29   0.000457     0.000845     0.000653
   1978    30-34   0.000603     0.000976     0.000793
   1978    35-39   0.000871     0.001328     0.001105
   1978    40-44   0.001591     0.002265     0.001939
   1978    45-49   0.002268     0.003591     0.002947
   1978    50-54   0.003486     0.005674     0.004567
   1978    55-59   0.005852     0.009424     0.007390
   1978    60-64   0.009189     0.015095     0.011842
   1978    65-69   0.015514     0.026325     0.020396
   1978    70-74   0.029125     0.045872     0.036704
   1978    75-79   0.055654     0.079702     0.066042
   1978    80-84   0.098286     0.132030     0.111639
   1978    85-89   0.162015     0.204065     0.176349
   1978    90-94   0.264791     0.310090     0.277058
   1978    95-99   0.330437     0.407247     0.346096
   1978   100-104  0.568078     1.623853     0.681282
   1978   105-109         .            .            .
   1978   110+            .            .            .
   1979     0      0.006267     0.007379     0.006838
   1979     1-4    0.000597     0.000733     0.000667
   1979     5-9    0.000247     0.000323     0.000286
   1979    10-14   0.000158     0.000207     0.000183
   1979    15-19   0.000272     0.000757     0.000517
   1979    20-24   0.000334     0.000789     0.000567
   1979    25-29   0.000459     0.000874     0.000669
   1979    30-34   0.000557     0.000942     0.000752
   1979    35-39   0.000947     0.001274     0.001115
   1979    40-44   0.001353     0.002076     0.001726
   1979    45-49   0.002300     0.003681     0.003009
   1979    50-54   0.003476     0.005804     0.004645
   1979    55-59   0.005104     0.008012     0.006371
   1979    60-64   0.008724     0.014652     0.011361
   1979    65-69   0.014512     0.024843     0.019140
   1979    70-74   0.026372     0.045293     0.034884
   1979    75-79   0.051954     0.077447     0.062933
   1979    80-84   0.086079     0.128613     0.102877
   1979    85-89   0.154022     0.188892     0.166147
   1979    90-94   0.239649     0.313369     0.259769
   1979    95-99   0.329122     0.375704     0.339111
   1979   100-104  0.516044     0.800000     0.541537
   1979   105-109  6.000000            .     6.000000
   1979   110+            .            .            .
   1980     0      0.006392     0.007492     0.006958
   1980     1-4    0.000498     0.000679     0.000591
   1980     5-9    0.000225     0.000339     0.000284
   1980    10-14   0.000129     0.000198     0.000164
   1980    15-19   0.000273     0.000757     0.000518
   1980    20-24   0.000315     0.000835     0.000581
   1980    25-29   0.000417     0.000824     0.000624
   1980    30-34   0.000476     0.000786     0.000633
   1980    35-39   0.000813     0.001215     0.001019
   1980    40-44   0.001298     0.001955     0.001637
   1980    45-49   0.002200     0.003542     0.002889
   1980    50-54   0.003601     0.005612     0.004620
   1980    55-59   0.005211     0.008656     0.006751
   1980    60-64   0.008183     0.014419     0.010915
   1980    65-69   0.014421     0.024190     0.018770
   1980    70-74   0.027051     0.046034     0.035538
   1980    75-79   0.050782     0.075528     0.061395
   1980    80-84   0.092410     0.128043     0.106479
   1980    85-89   0.159098     0.205861     0.175509
   1980    90-94   0.252226     0.282430     0.260656
   1980    95-99   0.407863     0.471839     0.421905
   1980   100-104  0.476190     1.058824     0.524272
   1980   105-109         .            .            .
   1980   110+            .            .            .
   1981     0      0.004789     0.006639     0.005743
   1981     1-4    0.000479     0.000634     0.000558
   1981     5-9    0.000149     0.000332     0.000243
   1981    10-14   0.000091     0.000239     0.000167
   1981    15-19   0.000302     0.000721     0.000515
   1981    20-24   0.000329     0.000771     0.000554
   1981    25-29   0.000382     0.000656     0.000521
   1981    30-34   0.000526     0.000797     0.000663
   1981    35-39   0.000770     0.001163     0.000971
   1981    40-44   0.001255     0.002030     0.001654
   1981    45-49   0.001974     0.003575     0.002797
   1981    50-54   0.003250     0.005445     0.004367
   1981    55-59   0.004821     0.008955     0.006731
   1981    60-64   0.008332     0.013537     0.010571
   1981    65-69   0.013935     0.023844     0.018327
   1981    70-74   0.025551     0.042146     0.032881
   1981    75-79   0.048319     0.076370     0.060354
   1981    80-84   0.087790     0.121822     0.101291
   1981    85-89   0.151912     0.195650     0.167129
   1981    90-94   0.252836     0.305148     0.267881
   1981    95-99   0.314385     0.563080     0.364977
   1981   100-104  0.663158     0.666667     0.663594
   1981   105-109  6.000000            .     6.000000
   1981   110+            .            .            .
   1982     0      0.005586     0.006066     0.005832
   1982     1-4    0.000506     0.000595     0.000552
   1982     5-9    0.000132     0.000251     0.000193
   1982    10-14   0.000124     0.000240     0.000184
   1982    15-19   0.000245     0.000712     0.000484
   1982    20-24   0.000260     0.000737     0.000504
   1982    25-29   0.000460     0.000654     0.000560
   1982    30-34   0.000556     0.000878     0.000718
   1982    35-39   0.000887     0.001170     0.001031
   1982    40-44   0.001152     0.002014     0.001595
   1982    45-49   0.002120     0.003493     0.002826
   1982    50-54   0.003319     0.005677     0.004522
   1982    55-59   0.004918     0.008581     0.006663
   1982    60-64   0.007190     0.013660     0.009937
   1982    65-69   0.013011     0.023644     0.017701
   1982    70-74   0.023227     0.039997     0.030542
   1982    75-79   0.046523     0.070584     0.056822
   1982    80-84   0.081270     0.120448     0.096842
   1982    85-89   0.145162     0.186132     0.159446
   1982    90-94   0.215114     0.278505     0.233500
   1982    95-99   0.344200     0.322963     0.339834
   1982   100-104  0.439024     0.292683     0.414634
   1982   105-109  6.000000            .     6.000000
   1982   110+            .            .            .
   1983     0      0.005689     0.005961     0.005828
   1983     1-4    0.000402     0.000460     0.000432
   1983     5-9    0.000170     0.000255     0.000214
   1983    10-14   0.000151     0.000238     0.000195
   1983    15-19   0.000210     0.000724     0.000473
   1983    20-24   0.000282     0.000825     0.000559
   1983    25-29   0.000385     0.000775     0.000585
   1983    30-34   0.000545     0.000859     0.000703
   1983    35-39   0.000792     0.001182     0.000990
   1983    40-44   0.001229     0.002025     0.001637
   1983    45-49   0.001854     0.003493     0.002698
   1983    50-54   0.002750     0.005921     0.004369
   1983    55-59   0.004798     0.008740     0.006726
   1983    60-64   0.007589     0.013882     0.010248
   1983    65-69   0.012479     0.022026     0.016659
   1983    70-74   0.023679     0.039033     0.030329
   1983    75-79   0.044320     0.069238     0.054911
   1983    80-84   0.086153     0.117249     0.098520
   1983    85-89   0.142510     0.176253     0.154331
   1983    90-94   0.239369     0.265107     0.246821
   1983    95-99   0.368985     0.371778     0.369597
   1983   100-104  0.339130     0.600000     0.385714
   1983   105-109  0.000000            .     0.000000
   1983   110+            .            .            .
   1984     0      0.005529     0.006370     0.005961
   1984     1-4    0.000400     0.000538     0.000471
   1984     5-9    0.000162     0.000214     0.000189
   1984    10-14   0.000080     0.000224     0.000154
   1984    15-19   0.000234     0.000616     0.000430
   1984    20-24   0.000325     0.000804     0.000570
   1984    25-29   0.000339     0.000723     0.000536
   1984    30-34   0.000537     0.000830     0.000685
   1984    35-39   0.000744     0.001131     0.000940
   1984    40-44   0.001210     0.002061     0.001646
   1984    45-49   0.001853     0.003192     0.002543
   1984    50-54   0.003060     0.005764     0.004441
   1984    55-59   0.004359     0.008232     0.006285
   1984    60-64   0.006890     0.013056     0.009524
   1984    65-69   0.012830     0.021309     0.016505
   1984    70-74   0.021545     0.037912     0.028586
   1984    75-79   0.042242     0.066801     0.052633
   1984    80-84   0.077179     0.114136     0.091835
   1984    85-89   0.138539     0.178728     0.152632
   1984    90-94   0.229182     0.272130     0.241894
   1984    95-99   0.349868     0.425718     0.367497
   1984   100-104  0.511111     0.545455     0.516923
   1984   105-109  0.545455            .     0.545455
   1984   110+            .            .            .
   1985     0      0.004897     0.005796     0.005359
   1985     1-4    0.000332     0.000464     0.000400
   1985     5-9    0.000149     0.000225     0.000188
   1985    10-14   0.000127     0.000172     0.000150
   1985    15-19   0.000207     0.000691     0.000456
   1985    20-24   0.000256     0.000820     0.000546
   1985    25-29   0.000370     0.000716     0.000548
   1985    30-34   0.000463     0.000764     0.000615
   1985    35-39   0.000752     0.001091     0.000923
   1985    40-44   0.001153     0.001825     0.001496
   1985    45-49   0.001955     0.002912     0.002448
   1985    50-54   0.002835     0.005502     0.004198
   1985    55-59   0.004277     0.008532     0.006411
   1985    60-64   0.006995     0.012899     0.009585
   1985    65-69   0.011879     0.021580     0.016021
   1985    70-74   0.020622     0.036350     0.027348
   1985    75-79   0.038029     0.068038     0.050658
   1985    80-84   0.078254     0.110290     0.090854
   1985    85-89   0.142277     0.183809     0.156924
   1985    90-94   0.220507     0.243502     0.227446
   1985    95-99   0.323306     0.353518     0.330497
   1985   100-104  0.376068     0.250000     0.360902
   1985   105-109  0.315789     0.000000     0.272727
   1985   110+            .            .            .
   1986     0      0.004125     0.005915     0.005042
   1986     1-4    0.000449     0.000475     0.000462
   1986     5-9    0.000138     0.000249     0.000195
   1986    10-14   0.000151     0.000182     0.000167
   1986    15-19   0.000236     0.000644     0.000446
   1986    20-24   0.000356     0.000888     0.000630
   1986    25-29   0.000331     0.000613     0.000476
   1986    30-34   0.000530     0.000886     0.000711
   1986    35-39   0.000682     0.001209     0.000948
   1986    40-44   0.001227     0.001805     0.001522
   1986    45-49   0.001800     0.002895     0.002363
   1986    50-54   0.002817     0.005176     0.004024
   1986    55-59   0.004219     0.008450     0.006352
   1986    60-64   0.006522     0.012038     0.009026
   1986    65-69   0.011292     0.020168     0.015013
   1986    70-74   0.020793     0.034877     0.026798
   1986    75-79   0.038424     0.064933     0.049431
   1986    80-84   0.072861     0.106640     0.086157
   1986    85-89   0.130467     0.175233     0.146282
   1986    90-94   0.215389     0.236755     0.221910
   1986    95-99   0.330400     0.376972     0.341875
   1986   100-104  0.428571     0.244898     0.408791
   1986   105-109  0.352941     0.000000     0.260870
   1986   110+            .            .            .
   1987     0      0.004930     0.005072     0.005003
   1987     1-4    0.000307     0.000530     0.000421
   1987     5-9    0.000119     0.000236     0.000179
   1987    10-14   0.000125     0.000166     0.000146
   1987    15-19   0.000179     0.000533     0.000361
   1987    20-24   0.000304     0.000638     0.000477
   1987    25-29   0.000397     0.000678     0.000541
   1987    30-34   0.000385     0.000799     0.000596
   1987    35-39   0.000702     0.001095     0.000899
   1987    40-44   0.001144     0.001650     0.001402
   1987    45-49   0.001659     0.002733     0.002211
   1987    50-54   0.002709     0.004945     0.003855
   1987    55-59   0.004368     0.008541     0.006476
   1987    60-64   0.006489     0.012520     0.009318
   1987    65-69   0.010553     0.020196     0.014539
   1987    70-74   0.018680     0.035155     0.025684
   1987    75-79   0.035786     0.063938     0.047313
   1987    80-84   0.074257     0.109571     0.088141
   1987    85-89   0.126861     0.170912     0.142454
   1987    90-94   0.209526     0.280111     0.230980
   1987    95-99   0.340106     0.347903     0.342118
   1987   100-104  0.363196     0.276923     0.351464
   1987   105-109  0.260870     0.000000     0.187500
   1987   110+            .            .            .
   1988     0      0.004150     0.005236     0.004708
   1988     1-4    0.000384     0.000390     0.000387
   1988     5-9    0.000167     0.000224     0.000196
   1988    10-14   0.000080     0.000155     0.000118
   1988    15-19   0.000223     0.000668     0.000452
   1988    20-24   0.000317     0.000727     0.000530
   1988    25-29   0.000342     0.000586     0.000468
   1988    30-34   0.000432     0.000647     0.000542
   1988    35-39   0.000590     0.001035     0.000814
   1988    40-44   0.001113     0.001656     0.001389
   1988    45-49   0.001513     0.002597     0.002069
   1988    50-54   0.002748     0.005018     0.003914
   1988    55-59   0.004217     0.008373     0.006320
   1988    60-64   0.006442     0.013019     0.009610
   1988    65-69   0.010328     0.020104     0.014351
   1988    70-74   0.019028     0.035561     0.026005
   1988    75-79   0.036580     0.062088     0.046934
   1988    80-84   0.074589     0.109389     0.088125
   1988    85-89   0.135545     0.177272     0.150305
   1988    90-94   0.229240     0.291552     0.247884
   1988    95-99   0.368035     0.367145     0.367800
   1988   100-104  0.516129     0.378947     0.492857
   1988   105-109  0.642857     0.545455     0.615385
   1988   110+            .            .            .
   1989     0      0.004391     0.004853     0.004628
   1989     1-4    0.000353     0.000444     0.000400
   1989     5-9    0.000130     0.000242     0.000188
   1989    10-14   0.000130     0.000144     0.000137
   1989    15-19   0.000233     0.000657     0.000451
   1989    20-24   0.000297     0.000805     0.000560
   1989    25-29   0.000381     0.000783     0.000589
   1989    30-34   0.000386     0.000695     0.000544
   1989    35-39   0.000701     0.000955     0.000829
   1989    40-44   0.001167     0.001656     0.001414
   1989    45-49   0.001603     0.002713     0.002172
   1989    50-54   0.002631     0.004711     0.003701
   1989    55-59   0.004394     0.008322     0.006384
   1989    60-64   0.006359     0.012771     0.009499
   1989    65-69   0.010723     0.019364     0.014324
   1989    70-74   0.018286     0.034179     0.024925
   1989    75-79   0.035181     0.060253     0.045301
   1989    80-84   0.067837     0.104716     0.082081
   1989    85-89   0.129532     0.173603     0.145010
   1989    90-94   0.211093     0.265941     0.227431
   1989    95-99   0.303860     0.355936     0.317443
   1989   100-104  0.360465     0.672000     0.421217
   1989   105-109  0.444444     0.545455     0.473684
   1989   110+     1.500000            .     1.500000
   1990     0      0.003660     0.004934     0.004312
   1990     1-4    0.000232     0.000463     0.000350
   1990     5-9    0.000199     0.000203     0.000201
   1990    10-14   0.000097     0.000147     0.000122
   1990    15-19   0.000206     0.000601     0.000409
   1990    20-24   0.000265     0.000744     0.000514
   1990    25-29   0.000312     0.000674     0.000500
   1990    30-34   0.000436     0.000672     0.000557
   1990    35-39   0.000581     0.000882     0.000733
   1990    40-44   0.001050     0.001704     0.001381
   1990    45-49   0.001724     0.002611     0.002178
   1990    50-54   0.002550     0.004414     0.003509
   1990    55-59   0.003709     0.007917     0.005843
   1990    60-64   0.005808     0.012494     0.009111
   1990    65-69   0.010072     0.019600     0.014156
   1990    70-74   0.018913     0.033988     0.025110
   1990    75-79   0.034768     0.059500     0.044715
   1990    80-84   0.068629     0.103861     0.082179
   1990    85-89   0.124467     0.178553     0.143179
   1990    90-94   0.212776     0.278432     0.232356
   1990    95-99   0.319023     0.357666     0.328987
   1990   100-104  0.437956     0.333333     0.414085
   1990   105-109  0.580645     3.000000     0.857143
   1990   110+     0.000000            .     0.000000
   1991     0      0.004349     0.004810     0.004585
   1991     1-4    0.000294     0.000441     0.000370
   1991     5-9    0.000119     0.000162     0.000141
   1991    10-14   0.000097     0.000127     0.000112
   1991    15-19   0.000268     0.000689     0.000485
   1991    20-24   0.000328     0.000759     0.000551
   1991    25-29   0.000275     0.000624     0.000457
   1991    30-34   0.000381     0.000586     0.000486
   1991    35-39   0.000520     0.000903     0.000715
   1991    40-44   0.001066     0.001522     0.001296
   1991    45-49   0.001600     0.002638     0.002131
   1991    50-54   0.002364     0.004488     0.003456
   1991    55-59   0.003681     0.008004     0.005877
   1991    60-64   0.006058     0.012960     0.009485
   1991    65-69   0.010183     0.019696     0.014406
   1991    70-74   0.017643     0.033721     0.024126
   1991    75-79   0.033462     0.057693     0.043192
   1991    80-84   0.065283     0.102649     0.079437
   1991    85-89   0.119462     0.171146     0.137286
   1991    90-94   0.217029     0.266826     0.231832
   1991    95-99   0.327396     0.348138     0.332568
   1991   100-104  0.489185     0.648938     0.526787
   1991   105-109  0.545455            .     0.545455
   1991   110+     0.000000            .     0.000000
   1992     0      0.004078     0.004419     0.004252
   1992     1-4    0.000258     0.000384     0.000322
   1992     5-9    0.000115     0.000169     0.000143
   1992    10-14   0.000091     0.000218     0.000156
   1992    15-19   0.000278     0.000653     0.000470
   1992    20-24   0.000305     0.000739     0.000530
   1992    25-29   0.000344     0.000597     0.000476
   1992    30-34   0.000357     0.000624     0.000494
   1992    35-39   0.000606     0.000866     0.000739
   1992    40-44   0.001026     0.001586     0.001308
   1992    45-49   0.001604     0.002788     0.002208
   1992    50-54   0.002345     0.004363     0.003381
   1992    55-59   0.003946     0.007838     0.005926
   1992    60-64   0.005930     0.013308     0.009602
   1992    65-69   0.010042     0.019763     0.014501
   1992    70-74   0.017116     0.033569     0.023654
   1992    75-79   0.032417     0.057293     0.042365
   1992    80-84   0.065936     0.103266     0.079846
   1992    85-89   0.122085     0.170941     0.138894
   1992    90-94   0.202473     0.243868     0.214823
   1992    95-99   0.306577     0.351678     0.317948
   1992   100-104  0.453507     0.408313     0.443387
   1992   105-109  0.620690            .     0.620690
   1992   110+     0.000000            .     0.000000
   1993     0      0.003622     0.003999     0.003815
   1993     1-4    0.000458     0.000382     0.000419
   1993     5-9    0.000149     0.000193     0.000172
   1993    10-14   0.000129     0.000136     0.000132
   1993    15-19   0.000173     0.000613     0.000398
   1993    20-24   0.000300     0.000692     0.000502
   1993    25-29   0.000311     0.000681     0.000504
   1993    30-34   0.000416     0.000736     0.000581
   1993    35-39   0.000603     0.001033     0.000823
   1993    40-44   0.001015     0.001632     0.001325
   1993    45-49   0.001511     0.002721     0.002126
   1993    50-54   0.002272     0.004219     0.003270
   1993    55-59   0.003830     0.007323     0.005610
   1993    60-64   0.005861     0.013204     0.009521
   1993    65-69   0.009441     0.019547     0.014201
   1993    70-74   0.017267     0.032943     0.023468
   1993    75-79   0.032738     0.058116     0.042800
   1993    80-84   0.063774     0.097834     0.076391
   1993    85-89   0.115155     0.170396     0.133861
   1993    90-94   0.194247     0.268742     0.216185
   1993    95-99   0.301054     0.391713     0.323546
   1993   100-104  0.477089     0.450901     0.471247
   1993   105-109  0.960000     0.000000     0.857143
   1993   110+     0.000000            .     0.000000
   1994     0      0.003428     0.004961     0.004215
   1994     1-4    0.000279     0.000491     0.000387
   1994     5-9    0.000153     0.000162     0.000157
   1994    10-14   0.000086     0.000158     0.000123
   1994    15-19   0.000214     0.000542     0.000382
   1994    20-24   0.000296     0.000700     0.000505
   1994    25-29   0.000316     0.000629     0.000479
   1994    30-34   0.000408     0.000744     0.000582
   1994    35-39   0.000637     0.001045     0.000846
   1994    40-44   0.000930     0.001558     0.001247
   1994    45-49   0.001495     0.002575     0.002042
   1994    50-54   0.002340     0.004295     0.003339
   1994    55-59   0.003361     0.007379     0.005412
   1994    60-64   0.005799     0.013150     0.009465
   1994    65-69   0.009633     0.019310     0.014267
   1994    70-74   0.016072     0.032674     0.022726
   1994    75-79   0.030340     0.055693     0.040278
   1994    80-84   0.059722     0.095262     0.072836
   1994    85-89   0.113022     0.163294     0.129909
   1994    90-94   0.195924     0.245570     0.210293
   1994    95-99   0.333893     0.359925     0.340322
   1994   100-104  0.392777     0.361402     0.385893
   1994   105-109  0.206897     0.000000     0.157895
   1994   110+     0.000000            .     0.000000
   1995     0      0.003612     0.004027     0.003825
   1995     1-4    0.000294     0.000406     0.000352
   1995     5-9    0.000135     0.000155     0.000145
   1995    10-14   0.000092     0.000181     0.000138
   1995    15-19   0.000218     0.000612     0.000420
   1995    20-24   0.000267     0.000669     0.000474
   1995    25-29   0.000282     0.000669     0.000484
   1995    30-34   0.000387     0.000719     0.000559
   1995    35-39   0.000604     0.000806     0.000708
   1995    40-44   0.000965     0.001445     0.001208
   1995    45-49   0.001487     0.002574     0.002037
   1995    50-54   0.002345     0.004532     0.003460
   1995    55-59   0.003551     0.007402     0.005517
   1995    60-64   0.005531     0.012964     0.009239
   1995    65-69   0.008711     0.019971     0.014149
   1995    70-74   0.016640     0.032031     0.022993
   1995    75-79   0.030594     0.057021     0.040772
   1995    80-84   0.058465     0.098829     0.073266
   1995    85-89   0.112200     0.165168     0.129889
   1995    90-94   0.188699     0.275519     0.213217
   1995    95-99   0.325819     0.408428     0.346250
   1995   100-104  0.491903     0.364435     0.463751
   1995   105-109  1.304348     2.000000     1.448276
   1995   110+     0.857143            .     0.857143
   1996     0      0.003019     0.004589     0.003822
   1996     1-4    0.000387     0.000444     0.000416
   1996     5-9    0.000144     0.000164     0.000154
   1996    10-14   0.000114     0.000148     0.000132
   1996    15-19   0.000181     0.000448     0.000318
   1996    20-24   0.000246     0.000686     0.000472
   1996    25-29   0.000313     0.000658     0.000493
   1996    30-34   0.000455     0.000643     0.000552
   1996    35-39   0.000641     0.000904     0.000776
   1996    40-44   0.000949     0.001492     0.001224
   1996    45-49   0.001621     0.002620     0.002125
   1996    50-54   0.002455     0.004133     0.003310
   1996    55-59   0.003645     0.006581     0.005142
   1996    60-64   0.005744     0.012483     0.009113
   1996    65-69   0.008839     0.020281     0.014388
   1996    70-74   0.015046     0.030551     0.021685
   1996    75-79   0.029376     0.052844     0.038251
   1996    80-84   0.053355     0.091450     0.067261
   1996    85-89   0.100652     0.152374     0.117587
   1996    90-94   0.171288     0.233737     0.188835
   1996    95-99   0.263603     0.369182     0.288928
   1996   100-104  0.363971     0.358944     0.362881
   1996   105-109  0.300000     1.500000     0.642857
   1996   110+     0.000000            .     0.000000
   1997     0      0.003659     0.003671     0.003665
   1997     1-4    0.000349     0.000443     0.000397
   1997     5-9    0.000082     0.000111     0.000097
   1997    10-14   0.000090     0.000115     0.000103
   1997    15-19   0.000244     0.000487     0.000369
   1997    20-24   0.000274     0.000598     0.000441
   1997    25-29   0.000341     0.000646     0.000499
   1997    30-34   0.000438     0.000707     0.000578
   1997    35-39   0.000559     0.000950     0.000760
   1997    40-44   0.000955     0.001345     0.001154
   1997    45-49   0.001624     0.002432     0.002031
   1997    50-54   0.002464     0.004101     0.003297
   1997    55-59   0.003260     0.006745     0.005035
   1997    60-64   0.005531     0.011813     0.008681
   1997    65-69   0.008365     0.019428     0.013740
   1997    70-74   0.014243     0.029863     0.021163
   1997    75-79   0.027653     0.050754     0.036289
   1997    80-84   0.051423     0.090468     0.065537
   1997    85-89   0.095907     0.148595     0.112854
   1997    90-94   0.172440     0.257086     0.196090
   1997    95-99   0.270853     0.346399     0.288100
   1997   100-104  0.338710     0.448842     0.359822
   1997   105-109  0.558140     0.375000     0.508475
   1997   110+     1.500000            .     1.500000
   1998     0      0.003323     0.003288     0.003305
   1998     1-4    0.000280     0.000356     0.000319
   1998     5-9    0.000071     0.000113     0.000092
   1998    10-14   0.000108     0.000149     0.000129
   1998    15-19   0.000217     0.000460     0.000343
   1998    20-24   0.000220     0.000649     0.000441
   1998    25-29   0.000304     0.000597     0.000456
   1998    30-34   0.000456     0.000805     0.000638
   1998    35-39   0.000656     0.001012     0.000839
   1998    40-44   0.000908     0.001632     0.001278
   1998    45-49   0.001539     0.002652     0.002099
   1998    50-54   0.002425     0.004375     0.003413
   1998    55-59   0.003319     0.006805     0.005092
   1998    60-64   0.005059     0.011699     0.008395
   1998    65-69   0.008732     0.019056     0.013758
   1998    70-74   0.014182     0.029478     0.021145
   1998    75-79   0.026556     0.049543     0.035139
   1998    80-84   0.051519     0.088255     0.064646
   1998    85-89   0.095362     0.148903     0.112454
   1998    90-94   0.165150     0.227943     0.182417
   1998    95-99   0.255897     0.331393     0.272601
   1998   100-104  0.411843     0.522765     0.431310
   1998   105-109  0.626866     0.300000     0.551724
   1998   110+            .            .            .
   1999     0      0.003555     0.003454     0.003503
   1999     1-4    0.000307     0.000298     0.000302
   1999     5-9    0.000142     0.000175     0.000159
   1999    10-14   0.000094     0.000189     0.000143
   1999    15-19   0.000255     0.000554     0.000410
   1999    20-24   0.000217     0.000649     0.000440
   1999    25-29   0.000352     0.000641     0.000502
   1999    30-34   0.000442     0.000819     0.000638
   1999    35-39   0.000537     0.001012     0.000782
   1999    40-44   0.000959     0.001555     0.001264
   1999    45-49   0.001544     0.002638     0.002095
   1999    50-54   0.002168     0.004068     0.003127
   1999    55-59   0.003250     0.006862     0.005083
   1999    60-64   0.005092     0.011176     0.008155
   1999    65-69   0.008010     0.019174     0.013452
   1999    70-74   0.013862     0.029987     0.021321
   1999    75-79   0.026540     0.050018     0.035446
   1999    80-84   0.049959     0.089374     0.063888
   1999    85-89   0.094843     0.149114     0.112051
   1999    90-94   0.169786     0.240487     0.189147
   1999    95-99   0.273858     0.354494     0.291023
   1999   100-104  0.436956     0.500282     0.448704
   1999   105-109  0.400000     1.285714     0.519231
   1999   110+            .            .            .
   2000     0      0.002803     0.003757     0.003293
   2000     1-4    0.000277     0.000331     0.000305
   2000     5-9    0.000100     0.000140     0.000121
   2000    10-14   0.000085     0.000178     0.000132
   2000    15-19   0.000200     0.000599     0.000406
   2000    20-24   0.000237     0.000733     0.000493
   2000    25-29   0.000199     0.000678     0.000447
   2000    30-34   0.000428     0.000723     0.000582
   2000    35-39   0.000640     0.001104     0.000880
   2000    40-44   0.000898     0.001502     0.001208
   2000    45-49   0.001439     0.002435     0.001941
   2000    50-54   0.002351     0.004081     0.003223
   2000    55-59   0.003292     0.007017     0.005179
   2000    60-64   0.004861     0.010808     0.007857
   2000    65-69   0.008302     0.018256     0.013161
   2000    70-74   0.013153     0.029125     0.020605
   2000    75-79   0.024648     0.046899     0.033365
   2000    80-84   0.047074     0.083376     0.059697
   2000    85-89   0.088904     0.139023     0.104728
   2000    90-94   0.160484     0.234972     0.180518
   2000    95-99   0.252496     0.314263     0.265494
   2000   100-104  0.388107     0.558796     0.417487
   2000   105-109  0.292683     1.333333     0.363636
   2000   110+            .            .            .
   2001     0      0.002338     0.002759     0.002555
   2001     1-4    0.000198     0.000282     0.000241
   2001     5-9    0.000088     0.000101     0.000094
   2001    10-14   0.000104     0.000132     0.000118
   2001    15-19   0.000235     0.000450     0.000346
   2001    20-24   0.000282     0.000571     0.000432
   2001    25-29   0.000305     0.000633     0.000475
   2001    30-34   0.000451     0.000719     0.000591
   2001    35-39   0.000609     0.001006     0.000815
   2001    40-44   0.000944     0.001515     0.001237
   2001    45-49   0.001454     0.002512     0.001990
   2001    50-54   0.002260     0.004099     0.003185
   2001    55-59   0.003129     0.006778     0.004976
   2001    60-64   0.004790     0.010121     0.007474
   2001    65-69   0.007548     0.017787     0.012561
   2001    70-74   0.013225     0.028823     0.020539
   2001    75-79   0.024160     0.046808     0.033376
   2001    80-84   0.045888     0.080079     0.057534
   2001    85-89   0.084454     0.137713     0.101201
   2001    90-94   0.155449     0.218569     0.172031
   2001    95-99   0.247479     0.299236     0.258554
   2001   100-104  0.366413     0.395806     0.371385
   2001   105-109  0.836066     1.000000     0.850746
   2001   110+            .            .            .
   2002     0      0.002809     0.002731     0.002768
   2002     1-4    0.000232     0.000233     0.000233
   2002     5-9    0.000076     0.000133     0.000105
   2002    10-14   0.000094     0.000151     0.000123
   2002    15-19   0.000228     0.000454     0.000345
   2002    20-24   0.000228     0.000616     0.000430
   2002    25-29   0.000279     0.000634     0.000463
   2002    30-34   0.000440     0.000678     0.000564
   2002    35-39   0.000601     0.000938     0.000777
   2002    40-44   0.000839     0.001504     0.001181
   2002    45-49   0.001284     0.002446     0.001875
   2002    50-54   0.002164     0.004161     0.003166
   2002    55-59   0.003036     0.006630     0.004851
   2002    60-64   0.004617     0.009753     0.007202
   2002    65-69   0.007336     0.016608     0.011891
   2002    70-74   0.013229     0.028108     0.020222
   2002    75-79   0.022673     0.046421     0.032676
   2002    80-84   0.043007     0.080433     0.055586
   2002    85-89   0.080623     0.139455     0.098887
   2002    90-94   0.146764     0.209361     0.163041
   2002    95-99   0.247397     0.340303     0.267121
   2002   100-104  0.349420     0.447822     0.366072
   2002   105-109  0.375000     1.333333     0.437956
   2002   110+            .            .            .
   2003     0      0.002511     0.002866     0.002694
   2003     1-4    0.000262     0.000280     0.000271
   2003     5-9    0.000110     0.000104     0.000107
   2003    10-14   0.000101     0.000136     0.000119
   2003    15-19   0.000200     0.000498     0.000355
   2003    20-24   0.000217     0.000529     0.000380
   2003    25-29   0.000294     0.000590     0.000448
   2003    30-34   0.000404     0.000774     0.000596
   2003    35-39   0.000609     0.001066     0.000847
   2003    40-44   0.000850     0.001414     0.001141
   2003    45-49   0.001499     0.002632     0.002077
   2003    50-54   0.002229     0.004063     0.003148
   2003    55-59   0.003135     0.006395     0.004776
   2003    60-64   0.004492     0.009892     0.007206
   2003    65-69   0.006946     0.016196     0.011506
   2003    70-74   0.012272     0.027801     0.019590
   2003    75-79   0.022025     0.045953     0.032369
   2003    80-84   0.041727     0.075678     0.053102
   2003    85-89   0.082265     0.135798     0.098678
   2003    90-94   0.143999     0.208996     0.160758
   2003    95-99   0.255500     0.319639     0.268958
   2003   100-104  0.363282     0.638649     0.403966
   2003   105-109  0.450867     0.600000     0.459016
   2003   110+            .            .            .
   2004     0      0.002847     0.002571     0.002706
   2004     1-4    0.000215     0.000249     0.000233
   2004     5-9    0.000109     0.000125     0.000117
   2004    10-14   0.000090     0.000114     0.000102
   2004    15-19   0.000177     0.000393     0.000289
   2004    20-24   0.000286     0.000648     0.000476
   2004    25-29   0.000297     0.000594     0.000452
   2004    30-34   0.000377     0.000744     0.000567
   2004    35-39   0.000708     0.000970     0.000845
   2004    40-44   0.000818     0.001523     0.001182
   2004    45-49   0.001343     0.002320     0.001844
   2004    50-54   0.002090     0.004093     0.003095
   2004    55-59   0.002986     0.006286     0.004642
   2004    60-64   0.004366     0.009838     0.007110
   2004    65-69   0.006947     0.015528     0.011191
   2004    70-74   0.011613     0.027295     0.019019
   2004    75-79   0.021574     0.044429     0.031614
   2004    80-84   0.039696     0.077140     0.052431
   2004    85-89   0.079731     0.130315     0.095147
   2004    90-94   0.142214     0.220773     0.162170
   2004    95-99   0.246647     0.324037     0.262770
   2004   100-104  0.391946     0.496952     0.407115
   2004   105-109  0.394366     1.500000     0.434389
   2004   110+     0.000000            .     0.000000
   2005     0      0.002474     0.003446     0.002972
   2005     1-4    0.000167     0.000260     0.000215
   2005     5-9    0.000068     0.000162     0.000116
   2005    10-14   0.000095     0.000141     0.000119
   2005    15-19   0.000188     0.000380     0.000288
   2005    20-24   0.000276     0.000519     0.000404
   2005    25-29   0.000325     0.000652     0.000496
   2005    30-34   0.000398     0.000681     0.000545
   2005    35-39   0.000544     0.001090     0.000829
   2005    40-44   0.000795     0.001459     0.001139
   2005    45-49   0.001287     0.002325     0.001819
   2005    50-54   0.002055     0.003796     0.002931
   2005    55-59   0.002938     0.006404     0.004674
   2005    60-64   0.004218     0.010060     0.007141
   2005    65-69   0.007067     0.015634     0.011312
   2005    70-74   0.012117     0.026832     0.019081
   2005    75-79   0.022049     0.044724     0.032102
   2005    80-84   0.041635     0.076952     0.054071
   2005    85-89   0.081243     0.136118     0.097704
   2005    90-94   0.155003     0.224221     0.172447
   2005    95-99   0.270508     0.342543     0.285228
   2005   100-104  0.394891     0.445180     0.402660
   2005   105-109  0.536170     0.000000     0.516393
   2005   110+     0.000000            .     0.000000
   2006     0      0.002520     0.003032     0.002782
   2006     1-4    0.000207     0.000301     0.000255
   2006     5-9    0.000062     0.000070     0.000066
   2006    10-14   0.000088     0.000078     0.000083
   2006    15-19   0.000153     0.000376     0.000268
   2006    20-24   0.000233     0.000547     0.000398
   2006    25-29   0.000339     0.000601     0.000477
   2006    30-34   0.000415     0.000657     0.000541
   2006    35-39   0.000564     0.000837     0.000706
   2006    40-44   0.000748     0.001359     0.001066
   2006    45-49   0.001204     0.002158     0.001693
   2006    50-54   0.002087     0.003911     0.003008
   2006    55-59   0.002951     0.005968     0.004458
   2006    60-64   0.004167     0.009675     0.006920
   2006    65-69   0.006356     0.013921     0.010102
   2006    70-74   0.011241     0.025720     0.018115
   2006    75-79   0.021565     0.044347     0.031704
   2006    80-84   0.040028     0.074504     0.052691
   2006    85-89   0.077374     0.135257     0.094307
   2006    90-94   0.144996     0.220044     0.163748
   2006    95-99   0.235849     0.351219     0.258385
   2006   100-104  0.368372     0.474306     0.385706
   2006   105-109  0.357895     0.947368     0.394737
   2006   110+     0.461538            .     0.461538
   2007     0      0.002305     0.003188     0.002759
   2007     1-4    0.000165     0.000299     0.000234
   2007     5-9    0.000114     0.000118     0.000116
   2007    10-14   0.000099     0.000111     0.000105
   2007    15-19   0.000230     0.000345     0.000290
   2007    20-24   0.000230     0.000560     0.000404
   2007    25-29   0.000305     0.000634     0.000478
   2007    30-34   0.000406     0.000683     0.000550
   2007    35-39   0.000606     0.000873     0.000745
   2007    40-44   0.000698     0.001411     0.001069
   2007    45-49   0.001274     0.002308     0.001805
   2007    50-54   0.001901     0.003557     0.002741
   2007    55-59   0.002897     0.006065     0.004475
   2007    60-64   0.004032     0.009466     0.006744
   2007    65-69   0.006251     0.014531     0.010343
   2007    70-74   0.011198     0.024744     0.017649
   2007    75-79   0.020541     0.042996     0.030536
   2007    80-84   0.038704     0.075119     0.052588
   2007    85-89   0.075665     0.130615     0.091483
   2007    90-94   0.143870     0.211860     0.160658
   2007    95-99   0.232565     0.350701     0.254796
   2007   100-104  0.366328     0.419541     0.374517
   2007   105-109  0.603896     0.923077     0.628743
   2007   110+     0.461538            .     0.461538
   2008     0      0.002823     0.003082     0.002956
   2008     1-4    0.000233     0.000215     0.000224
   2008     5-9    0.000063     0.000119     0.000092
   2008    10-14   0.000081     0.000126     0.000104
   2008    15-19   0.000225     0.000369     0.000299
   2008    20-24   0.000225     0.000623     0.000435
   2008    25-29   0.000256     0.000654     0.000466
   2008    30-34   0.000340     0.000680     0.000517
   2008    35-39   0.000508     0.000851     0.000686
   2008    40-44   0.000690     0.001248     0.000981
   2008    45-49   0.001244     0.002247     0.001759
   2008    50-54   0.001825     0.003664     0.002762
   2008    55-59   0.002684     0.006140     0.004405
   2008    60-64   0.004193     0.009514     0.006839
   2008    65-69   0.006041     0.014519     0.010220
   2008    70-74   0.011152     0.025012     0.017772
   2008    75-79   0.020320     0.044393     0.031039
   2008    80-84   0.039313     0.074720     0.053210
   2008    85-89   0.073873     0.129724     0.089912
   2008    90-94   0.147209     0.218410     0.164593
   2008    95-99   0.244424     0.331255     0.260374
   2008   100-104  0.446115     0.444918     0.445939
   2008   105-109  0.444444     0.810811     0.479381
   2008   110+     3.000000            .     3.000000
   2009     0      0.002623     0.002632     0.002627
   2009     1-4    0.000143     0.000259     0.000202
   2009     5-9    0.000070     0.000110     0.000090
   2009    10-14   0.000086     0.000104     0.000095
   2009    15-19   0.000180     0.000305     0.000244
   2009    20-24   0.000214     0.000546     0.000388
   2009    25-29   0.000340     0.000591     0.000473
   2009    30-34   0.000344     0.000710     0.000535
   2009    35-39   0.000558     0.000888     0.000730
   2009    40-44   0.000801     0.001445     0.001138
   2009    45-49   0.001238     0.002180     0.001723
   2009    50-54   0.001914     0.003601     0.002775
   2009    55-59   0.002691     0.005700     0.004193
   2009    60-64   0.003970     0.009062     0.006494
   2009    65-69   0.005873     0.013797     0.009767
   2009    70-74   0.010024     0.022274     0.015890
   2009    75-79   0.019175     0.040626     0.028741
   2009    80-84   0.035941     0.071891     0.050259
   2009    85-89   0.072462     0.122358     0.087089
   2009    90-94   0.139512     0.211643     0.156974
   2009    95-99   0.237199     0.315847     0.251562
   2009   100-104  0.413747     0.535525     0.431759
   2009   105-109  0.604488     0.615385     0.605463
   2009   110+     6.000000            .     6.000000
   2010     0      0.001831     0.002620     0.002236
   2010     1-4    0.000188     0.000215     0.000202
   2010     5-9    0.000094     0.000100     0.000097
   2010    10-14   0.000103     0.000147     0.000125
   2010    15-19   0.000104     0.000375     0.000244
   2010    20-24   0.000203     0.000595     0.000409
   2010    25-29   0.000272     0.000566     0.000428
   2010    30-34   0.000356     0.000665     0.000518
   2010    35-39   0.000496     0.000828     0.000669
   2010    40-44   0.000738     0.001362     0.001064
   2010    45-49   0.001196     0.002373     0.001803
   2010    50-54   0.001871     0.003308     0.002604
   2010    55-59   0.002586     0.005444     0.004017
   2010    60-64   0.003900     0.009063     0.006453
   2010    65-69   0.005977     0.014443     0.010130
   2010    70-74   0.009890     0.023197     0.016272
   2010    75-79   0.019268     0.040830     0.028917
   2010    80-84   0.036869     0.074248     0.051867
   2010    85-89   0.074123     0.129137     0.090899
   2010    90-94   0.140721     0.224428     0.160485
   2010    95-99   0.250497     0.319850     0.263315
   2010   100-104  0.408802     0.496251     0.421006
   2010   105-109  0.549492     1.034483     0.582814
   2010   110+     2.400000            .     2.400000
   2011     0      0.002710     0.002449     0.002576
   2011     1-4    0.000227     0.000200     0.000213
   2011     5-9    0.000096     0.000114     0.000105
   2011    10-14   0.000085     0.000125     0.000105
   2011    15-19   0.000152     0.000348     0.000253
   2011    20-24   0.000333     0.000573     0.000459
   2011    25-29   0.000338     0.000568     0.000460
   2011    30-34   0.000327     0.000748     0.000548
   2011    35-39   0.000475     0.000874     0.000682
   2011    40-44   0.000764     0.001267     0.001027
   2011    45-49   0.001215     0.001863     0.001551
   2011    50-54   0.001800     0.003390     0.002611
   2011    55-59   0.002623     0.005418     0.004028
   2011    60-64   0.004098     0.008967     0.006500
   2011    65-69   0.005986     0.014533     0.010177
   2011    70-74   0.009623     0.021918     0.015523
   2011    75-79   0.018080     0.039852     0.027875
   2011    80-84   0.037329     0.072032     0.051341
   2011    85-89   0.072472     0.125966     0.089472
   2011    90-94   0.143530     0.205516     0.157796
   2011    95-99   0.249578     0.356781     0.269299
   2011   100-104  0.407223     0.550296     0.425420
   2011   105-109  0.516543     0.769231     0.540518
   2011   110+     0.000000            .     0.000000
   2012     0      0.002004     0.002180     0.002095
   2012     1-4    0.000211     0.000208     0.000210
   2012     5-9    0.000072     0.000086     0.000079
   2012    10-14   0.000074     0.000140     0.000108
   2012    15-19   0.000194     0.000274     0.000236
   2012    20-24   0.000231     0.000495     0.000370
   2012    25-29   0.000290     0.000526     0.000415
   2012    30-34   0.000400     0.000616     0.000513
   2012    35-39   0.000511     0.000856     0.000691
   2012    40-44   0.000738     0.001298     0.001030
   2012    45-49   0.001273     0.001825     0.001560
   2012    50-54   0.001783     0.003354     0.002585
   2012    55-59   0.002525     0.005215     0.003883
   2012    60-64   0.003814     0.008782     0.006261
   2012    65-69   0.005849     0.013770     0.009730
   2012    70-74   0.009840     0.021963     0.015658
   2012    75-79   0.018316     0.037965     0.027213
   2012    80-84   0.035710     0.071149     0.050067
   2012    85-89   0.072148     0.127209     0.090350
   2012    90-94   0.143987     0.213158     0.159786
   2012    95-99   0.263541     0.364622     0.281642
   2012   100-104  0.409421     0.476570     0.417799
   2012   105-109  0.504545     0.387097     0.490040
   2012   110+     1.125000            .     1.125000
   2013     0      0.001722     0.002249     0.001992
   2013     1-4    0.000205     0.000224     0.000215
   2013     5-9    0.000067     0.000098     0.000083
   2013    10-14   0.000069     0.000092     0.000081
   2013    15-19   0.000113     0.000227     0.000172
   2013    20-24   0.000257     0.000461     0.000364
   2013    25-29   0.000265     0.000557     0.000420
   2013    30-34   0.000310     0.000513     0.000417
   2013    35-39   0.000491     0.000751     0.000627
   2013    40-44   0.000739     0.001393     0.001079
   2013    45-49   0.001181     0.001865     0.001537
   2013    50-54   0.001812     0.003081     0.002462
   2013    55-59   0.002620     0.005313     0.003984
   2013    60-64   0.003962     0.008770     0.006331
   2013    65-69   0.005398     0.013597     0.009404
   2013    70-74   0.009204     0.021015     0.014867
   2013    75-79   0.018036     0.037468     0.026894
   2013    80-84   0.036536     0.067861     0.049287
   2013    85-89   0.072337     0.123040     0.089624
   2013    90-94   0.141200     0.208880     0.156660
   2013    95-99   0.252092     0.361266     0.271245
   2013   100-104  0.419246     0.535794     0.433405
   2013   105-109  0.469945     0.813559     0.503289
   2013   110+     0.315789     0.000000     0.272727
   2014     0      0.001957     0.002247     0.002106
   2014     1-4    0.000208     0.000139     0.000172
   2014     5-9    0.000061     0.000087     0.000074
   2014    10-14   0.000093     0.000093     0.000093
   2014    15-19   0.000123     0.000293     0.000211
   2014    20-24   0.000175     0.000527     0.000359
   2014    25-29   0.000265     0.000608     0.000447
   2014    30-34   0.000320     0.000557     0.000445
   2014    35-39   0.000366     0.000771     0.000577
   2014    40-44   0.000706     0.001193     0.000959
   2014    45-49   0.001236     0.001871     0.001566
   2014    50-54   0.001683     0.003124     0.002422
   2014    55-59   0.002543     0.004781     0.003679
   2014    60-64   0.003893     0.008623     0.006230
   2014    65-69   0.005289     0.013096     0.009094
   2014    70-74   0.008905     0.020964     0.014674
   2014    75-79   0.016956     0.035444     0.025436
   2014    80-84   0.033566     0.066941     0.047246
   2014    85-89   0.069040     0.119064     0.086407
   2014    90-94   0.140159     0.197869     0.153771
   2014    95-99   0.248091     0.322445     0.260986
   2014   100-104  0.401153     0.461953     0.408686
   2014   105-109  0.544484     0.588235     0.548124
   2014   110+     1.142857     0.000000     0.888889
   2015     0      0.002005     0.002393     0.002204
   2015     1-4    0.000149     0.000208     0.000179
   2015     5-9    0.000110     0.000093     0.000101
   2015    10-14   0.000100     0.000084     0.000092
   2015    15-19   0.000111     0.000282     0.000200
   2015    20-24   0.000174     0.000448     0.000317
   2015    25-29   0.000261     0.000530     0.000404
   2015    30-34   0.000377     0.000498     0.000441
   2015    35-39   0.000461     0.000713     0.000593
   2015    40-44   0.000685     0.001149     0.000927
   2015    45-49   0.001127     0.001780     0.001467
   2015    50-54   0.001756     0.002835     0.002311
   2015    55-59   0.002387     0.004491     0.003456
   2015    60-64   0.003550     0.007640     0.005575
   2015    65-69   0.005587     0.012510     0.008958
   2015    70-74   0.009353     0.020673     0.014760
   2015    75-79   0.017157     0.035163     0.025453
   2015    80-84   0.034244     0.064745     0.046863
   2015    85-89   0.068978     0.119047     0.086558
   2015    90-94   0.138697     0.201442     0.154155
   2015    95-99   0.240453     0.344785     0.258147
   2015   100-104  0.396331     0.452643     0.403691
   2015   105-109  0.614173     1.058824     0.647230
   2015   110+     0.428571     0.000000     0.300000
   2016     0      0.001915     0.001795     0.001854
   2016     1-4    0.000168     0.000144     0.000155
   2016     5-9    0.000037     0.000081     0.000059
   2016    10-14   0.000042     0.000080     0.000061
   2016    15-19   0.000078     0.000256     0.000170
   2016    20-24   0.000189     0.000396     0.000297
   2016    25-29   0.000235     0.000525     0.000389
   2016    30-34   0.000300     0.000497     0.000404
   2016    35-39   0.000514     0.000770     0.000648
   2016    40-44   0.000664     0.001149     0.000917
   2016    45-49   0.001095     0.001781     0.001452
   2016    50-54   0.001775     0.002630     0.002216
   2016    55-59   0.002387     0.004735     0.003580
   2016    60-64   0.003299     0.007328     0.005302
   2016    65-69   0.005659     0.012785     0.009122
   2016    70-74   0.008911     0.020348     0.014372
   2016    75-79   0.015884     0.034479     0.024461
   2016    80-84   0.033662     0.063264     0.046028
   2016    85-89   0.068902     0.115926     0.085597
   2016    90-94   0.137115     0.191066     0.151103
   2016    95-99   0.238978     0.335143     0.255147
   2016   100-104  0.393150     0.530139     0.410047
   2016   105-109  0.453197     0.666667     0.465412
   2016   110+     0.315789     1.200000     0.500000
   2017     0      0.001700     0.001432     0.001563
   2017     1-4    0.000113     0.000230     0.000173
   2017     5-9    0.000086     0.000081     0.000084
   2017    10-14   0.000042     0.000104     0.000074
   2017    15-19   0.000118     0.000258     0.000190
   2017    20-24   0.000187     0.000470     0.000334
   2017    25-29   0.000201     0.000430     0.000322
   2017    30-34   0.000305     0.000523     0.000420
   2017    35-39   0.000387     0.000708     0.000555
   2017    40-44   0.000713     0.001024     0.000875
   2017    45-49   0.000968     0.001728     0.001363
   2017    50-54   0.001788     0.002673     0.002246
   2017    55-59   0.002265     0.004431     0.003367
   2017    60-64   0.003243     0.007403     0.005322
   2017    65-69   0.005512     0.013319     0.009296
   2017    70-74   0.008454     0.020641     0.014268
   2017    75-79   0.015512     0.033816     0.023949
   2017    80-84   0.031947     0.061428     0.044377
   2017    85-89   0.067883     0.118563     0.086016
   2017    90-94   0.133644     0.202584     0.152349
   2017    95-99   0.248765     0.328369     0.262146
   2017   100-104  0.399699     0.500568     0.411543
   2017   105-109  0.573187     0.393443     0.560541
   2017   110+     0.375000     1.500000     0.500000
   2018     0      0.001801     0.001534     0.001665
   2018     1-4    0.000139     0.000101     0.000119
   2018     5-9    0.000031     0.000076     0.000054
   2018    10-14   0.000128     0.000081     0.000104
   2018    15-19   0.000136     0.000255     0.000197
   2018    20-24   0.000169     0.000418     0.000298
   2018    25-29   0.000220     0.000383     0.000306
   2018    30-34   0.000303     0.000560     0.000438
   2018    35-39   0.000437     0.000589     0.000517
   2018    40-44   0.000725     0.001077     0.000908
   2018    45-49   0.000956     0.001498     0.001238
   2018    50-54   0.001654     0.002684     0.002188
   2018    55-59   0.002598     0.004382     0.003507
   2018    60-64   0.003477     0.007445     0.005468
   2018    65-69   0.005563     0.012957     0.009147
   2018    70-74   0.008796     0.020503     0.014364
   2018    75-79   0.015824     0.033016     0.023736
   2018    80-84   0.031865     0.062129     0.044728
   2018    85-89   0.066452     0.116007     0.084270
   2018    90-94   0.129234     0.198830     0.148720
   2018    95-99   0.234750     0.327733     0.250519
   2018   100-104  0.388779     0.431099     0.393806
   2018   105-109  0.536483     0.405405     0.524781
   2018   110+     1.655172            .     1.655172
   2019     0      0.001895     0.001840     0.001867
   2019     1-4    0.000207     0.000181     0.000194
   2019     5-9    0.000069     0.000059     0.000064
   2019    10-14   0.000104     0.000087     0.000095
   2019    15-19   0.000126     0.000215     0.000172
   2019    20-24   0.000163     0.000499     0.000337
   2019    25-29   0.000220     0.000422     0.000327
   2019    30-34   0.000340     0.000551     0.000451
   2019    35-39   0.000423     0.000650     0.000543
   2019    40-44   0.000644     0.000927     0.000791
   2019    45-49   0.001027     0.001580     0.001314
   2019    50-54   0.001581     0.002557     0.002088
   2019    55-59   0.002348     0.004083     0.003234
   2019    60-64   0.003252     0.007274     0.005274
   2019    65-69   0.005421     0.012326     0.008776
   2019    70-74   0.008129     0.019771     0.013653
   2019    75-79   0.014718     0.033229     0.023212
   2019    80-84   0.031253     0.060082     0.043585
   2019    85-89   0.065873     0.114435     0.083465
   2019    90-94   0.129369     0.196718     0.148536
   2019    95-99   0.242798     0.315141     0.255643
   2019   100-104  0.412081     0.436462     0.414985
   2019   105-109  0.469018     0.696056     0.489396
   2019   110+     1.000000     0.000000     0.800000
   2020     0      0.001379     0.002037     0.001718
   2020     1-4    0.000102     0.000163     0.000133
   2020     5-9    0.000063     0.000072     0.000068
   2020    10-14   0.000067     0.000075     0.000071
   2020    15-19   0.000175     0.000302     0.000241
   2020    20-24   0.000234     0.000539     0.000391
   2020    25-29   0.000218     0.000453     0.000342
   2020    30-34   0.000281     0.000486     0.000389
   2020    35-39   0.000501     0.000662     0.000585
   2020    40-44   0.000665     0.001046     0.000864
   2020    45-49   0.001060     0.001687     0.001386
   2020    50-54   0.001575     0.002499     0.002055
   2020    55-59   0.002250     0.004145     0.003221
   2020    60-64   0.003303     0.007229     0.005279
   2020    65-69   0.005111     0.011994     0.008464
   2020    70-74   0.008437     0.019898     0.013868
   2020    75-79   0.014924     0.033381     0.023371
   2020    80-84   0.029587     0.058402     0.041970
   2020    85-89   0.062196     0.108874     0.079293
   2020    90-94   0.126097     0.188830     0.144172
   2020    95-99   0.226230     0.307283     0.241433
   2020   100-104  0.360589     0.477433     0.373951
   2020   105-109  0.543000     0.273798     0.519971
   2020   110+     1.500000     3.000000     1.800000
   2021     0      0.001545     0.002303     0.001934
   2021     1-4    0.000194     0.000109     0.000151
   2021     5-9    0.000077     0.000085     0.000081
   2021    10-14   0.000085     0.000075     0.000080
   2021    15-19   0.000173     0.000248     0.000212
   2021    20-24   0.000245     0.000357     0.000303
   2021    25-29   0.000213     0.000498     0.000362
   2021    30-34   0.000308     0.000429     0.000372
   2021    35-39   0.000350     0.000650     0.000508
   2021    40-44   0.000607     0.001038     0.000832
   2021    45-49   0.000901     0.001590     0.001259
   2021    50-54   0.001544     0.002708     0.002148
   2021    55-59   0.002124     0.004391     0.003290
   2021    60-64   0.003223     0.006983     0.005116
   2021    65-69   0.005130     0.012046     0.008514
   2021    70-74   0.008817     0.020132     0.014166
   2021    75-79   0.015704     0.034124     0.024128
   2021    80-84   0.029400     0.058233     0.041825
   2021    85-89   0.064315     0.106098     0.079817
   2021    90-94   0.129370     0.197433     0.149246
   2021    95-99   0.228381     0.309768     0.244392
   2021   100-104  0.373331     0.476894     0.385109
   2021   105-109  0.601264     0.525101     0.594392
   2021   110+     0.618557            .     0.618557
   2022     0      0.001760     0.001844     0.001803
   2022     1-4    0.000128     0.000104     0.000116
   2022     5-9    0.000059     0.000062     0.000060
   2022    10-14   0.000018     0.000099     0.000060
   2022    15-19   0.000199     0.000299     0.000251
   2022    20-24   0.000215     0.000439     0.000330
   2022    25-29   0.000276     0.000430     0.000356
   2022    30-34   0.000265     0.000537     0.000408
   2022    35-39   0.000438     0.000663     0.000556
   2022    40-44   0.000628     0.001004     0.000825
   2022    45-49   0.001056     0.001592     0.001334
   2022    50-54   0.001453     0.002720     0.002109
   2022    55-59   0.002196     0.004404     0.003335
   2022    60-64   0.003304     0.007492     0.005416
   2022    65-69   0.005519     0.012122     0.008769
   2022    70-74   0.008951     0.022085     0.015146
   2022    75-79   0.016209     0.035791     0.025158
   2022    80-84   0.031713     0.062559     0.045021
   2022    85-89   0.067248     0.117206     0.085984
   2022    90-94   0.138529     0.213740     0.160649
   2022    95-99   0.258234     0.340694     0.275267
   2022   100-104  0.410457     0.519818     0.423069
   2022   105-109  0.618670     0.706357     0.625972
   2022   110+     1.332346            .     1.332346
