12.Chiba.ken, Death Rates (period 5x1)     Last modified:2023-12-05, ver.004_004 JMD(IPSS)

   Year      Age       Female       Male         Total
   1947     0      0.086882     0.105103     0.096167
   1947     1-4    0.014430     0.015636     0.015038
   1947     5-9    0.003244     0.003675     0.003461
   1947    10-14   0.001660     0.001879     0.001769
   1947    15-19   0.004137     0.004847     0.004489
   1947    20-24   0.006322     0.009312     0.007721
   1947    25-29   0.006563     0.009757     0.007974
   1947    30-34   0.006880     0.007996     0.007392
   1947    35-39   0.006382     0.008197     0.007249
   1947    40-44   0.006775     0.009094     0.007942
   1947    45-49   0.008694     0.011265     0.009997
   1947    50-54   0.011818     0.017529     0.014696
   1947    55-59   0.014920     0.026292     0.020476
   1947    60-64   0.025299     0.040763     0.032414
   1947    65-69   0.037506     0.062577     0.048415
   1947    70-74   0.058239     0.090140     0.071110
   1947    75-79   0.102612     0.137070     0.115395
   1947    80-84   0.162582     0.225461     0.182378
   1947    85-89   0.238251     0.309439     0.257342
   1947    90-94   0.313224     0.399068     0.333828
   1947    95-99   0.438404     0.510042     0.456756
   1947   100-104  0.000000            .     0.000000
   1947   105-109  1.115242            .     1.115242
   1947   110+     0.000000     3.000000     2.830189
   1948     0      0.058273     0.073128     0.065825
   1948     1-4    0.007932     0.008596     0.008267
   1948     5-9    0.002279     0.002990     0.002637
   1948    10-14   0.001581     0.001558     0.001570
   1948    15-19   0.003342     0.003866     0.003602
   1948    20-24   0.006058     0.008635     0.007288
   1948    25-29   0.005866     0.008473     0.007011
   1948    30-34   0.006029     0.007505     0.006701
   1948    35-39   0.006314     0.007847     0.007038
   1948    40-44   0.007132     0.008837     0.007983
   1948    45-49   0.007902     0.010346     0.009137
   1948    50-54   0.011258     0.015127     0.013208
   1948    55-59   0.014294     0.022308     0.018222
   1948    60-64   0.022582     0.034626     0.028178
   1948    65-69   0.036774     0.053521     0.044052
   1948    70-74   0.054865     0.083021     0.066200
   1948    75-79   0.087529     0.117852     0.098797
   1948    80-84   0.136542     0.191197     0.153747
   1948    85-89   0.230265     0.281903     0.244076
   1948    90-94   0.271055     0.331217     0.284828
   1948    95-99   0.503667     0.221239     0.428989
   1948   100-104  0.946372     0.000000     0.628272
   1948   105-109  0.000000            .     0.000000
   1948   110+     0.000000            .     0.000000
   1949     0      0.061865     0.073196     0.067626
   1949     1-4    0.010216     0.010345     0.010281
   1949     5-9    0.002421     0.002571     0.002496
   1949    10-14   0.001368     0.001525     0.001447
   1949    15-19   0.002727     0.002931     0.002828
   1949    20-24   0.004877     0.007012     0.005912
   1949    25-29   0.005696     0.007369     0.006431
   1949    30-34   0.005300     0.007063     0.006098
   1949    35-39   0.005955     0.007084     0.006483
   1949    40-44   0.006579     0.007796     0.007180
   1949    45-49   0.008062     0.010247     0.009164
   1949    50-54   0.010843     0.014215     0.012545
   1949    55-59   0.014589     0.021578     0.018032
   1949    60-64   0.021758     0.034551     0.027746
   1949    65-69   0.033972     0.053823     0.042595
   1949    70-74   0.052747     0.072973     0.060944
   1949    75-79   0.085753     0.109420     0.094585
   1949    80-84   0.142844     0.179394     0.154472
   1949    85-89   0.227964     0.254471     0.234998
   1949    90-94   0.351973     0.447465     0.372576
   1949    95-99   0.266193     0.232266     0.256213
   1949   100-104  0.956938     0.000000     0.547445
   1949   105-109  0.000000            .     0.000000
   1949   110+     0.000000            .     0.000000
   1950     0      0.061241     0.071075     0.066253
   1950     1-4    0.009952     0.010483     0.010221
   1950     5-9    0.002530     0.002473     0.002501
   1950    10-14   0.001212     0.001387     0.001300
   1950    15-19   0.002430     0.002427     0.002429
   1950    20-24   0.004088     0.004792     0.004433
   1950    25-29   0.005380     0.005237     0.005316
   1950    30-34   0.004679     0.004964     0.004807
   1950    35-39   0.005386     0.006516     0.005910
   1950    40-44   0.005877     0.006411     0.006138
   1950    45-49   0.007444     0.009093     0.008273
   1950    50-54   0.010377     0.013641     0.012024
   1950    55-59   0.013765     0.020448     0.017073
   1950    60-64   0.023781     0.033171     0.028201
   1950    65-69   0.037516     0.055506     0.045332
   1950    70-74   0.057310     0.087086     0.069448
   1950    75-79   0.091398     0.125620     0.104142
   1950    80-84   0.157806     0.199967     0.171403
   1950    85-89   0.251642     0.288698     0.261490
   1950    90-94   0.360109     0.425462     0.374405
   1950    95-99   0.319890     0.360902     0.331181
   1950   100-104  0.257843     1.663586     0.704019
   1950   105-109  0.000000            .     0.000000
   1950   110+     0.000000            .     0.000000
   1951     0      0.060652     0.067056     0.063911
   1951     1-4    0.008670     0.008669     0.008669
   1951     5-9    0.001980     0.002250     0.002116
   1951    10-14   0.000994     0.001160     0.001077
   1951    15-19   0.001543     0.002023     0.001782
   1951    20-24   0.002797     0.003622     0.003205
   1951    25-29   0.004058     0.004575     0.004294
   1951    30-34   0.003903     0.004242     0.004054
   1951    35-39   0.004498     0.005077     0.004765
   1951    40-44   0.005333     0.005896     0.005606
   1951    45-49   0.006179     0.008634     0.007412
   1951    50-54   0.009660     0.012096     0.010888
   1951    55-59   0.015011     0.019437     0.017209
   1951    60-64   0.020206     0.034453     0.026960
   1951    65-69   0.033958     0.050116     0.041025
   1951    70-74   0.054068     0.084143     0.066309
   1951    75-79   0.091291     0.122805     0.102952
   1951    80-84   0.151849     0.179840     0.160984
   1951    85-89   0.223157     0.283786     0.239229
   1951    90-94   0.300923     0.306592     0.302173
   1951    95-99   0.546262     0.590032     0.556633
   1951   100-104  0.972662     0.000000     0.644423
   1951   105-109  0.950495            .     0.950495
   1951   110+     0.960000            .     0.960000
   1952     0      0.051193     0.064132     0.057758
   1952     1-4    0.006539     0.006690     0.006616
   1952     5-9    0.001591     0.002031     0.001813
   1952    10-14   0.000906     0.001133     0.001019
   1952    15-19   0.001310     0.001549     0.001429
   1952    20-24   0.002597     0.002841     0.002718
   1952    25-29   0.002982     0.003794     0.003362
   1952    30-34   0.003485     0.003789     0.003620
   1952    35-39   0.003678     0.004151     0.003895
   1952    40-44   0.004544     0.005262     0.004886
   1952    45-49   0.006013     0.007547     0.006783
   1952    50-54   0.008942     0.012058     0.010513
   1952    55-59   0.013282     0.018483     0.015873
   1952    60-64   0.019112     0.029971     0.024298
   1952    65-69   0.032302     0.051530     0.040800
   1952    70-74   0.054879     0.079620     0.064961
   1952    75-79   0.086944     0.118230     0.098469
   1952    80-84   0.141228     0.185062     0.155681
   1952    85-89   0.230628     0.309274     0.251432
   1952    90-94   0.348569     0.400236     0.360124
   1952    95-99   0.419027     0.420875     0.419427
   1952   100-104  0.304969     0.465116     0.372904
   1952   105-109  0.188482            .     0.188482
   1952   110+     0.352941            .     0.352941
   1953     0      0.058968     0.063621     0.061337
   1953     1-4    0.006516     0.006449     0.006482
   1953     5-9    0.002156     0.002192     0.002174
   1953    10-14   0.000756     0.000815     0.000786
   1953    15-19   0.001545     0.001657     0.001600
   1953    20-24   0.002273     0.002862     0.002567
   1953    25-29   0.002942     0.002963     0.002952
   1953    30-34   0.003641     0.003263     0.003475
   1953    35-39   0.003480     0.004012     0.003722
   1953    40-44   0.004674     0.004422     0.004555
   1953    45-49   0.005648     0.007729     0.006685
   1953    50-54   0.009901     0.012245     0.011082
   1953    55-59   0.012873     0.019972     0.016418
   1953    60-64   0.020320     0.032687     0.026261
   1953    65-69   0.034213     0.053439     0.042813
   1953    70-74   0.057406     0.087722     0.069736
   1953    75-79   0.096200     0.126962     0.107552
   1953    80-84   0.150587     0.189122     0.163345
   1953    85-89   0.262828     0.306791     0.274558
   1953    90-94   0.419967     0.452066     0.426903
   1953    95-99   0.485932     0.713929     0.531541
   1953   100-104  0.593443     1.227273     0.812723
   1953   105-109  0.591133     6.000000     0.796209
   1953   110+     3.000000            .     3.000000
   1954     0      0.047910     0.058642     0.053408
   1954     1-4    0.005287     0.005258     0.005272
   1954     5-9    0.001829     0.001840     0.001835
   1954    10-14   0.000753     0.000763     0.000758
   1954    15-19   0.001084     0.001577     0.001328
   1954    20-24   0.002073     0.003079     0.002578
   1954    25-29   0.002440     0.003221     0.002822
   1954    30-34   0.003059     0.003186     0.003115
   1954    35-39   0.003228     0.003559     0.003378
   1954    40-44   0.004093     0.005139     0.004582
   1954    45-49   0.005681     0.008460     0.007051
   1954    50-54   0.007631     0.011571     0.009616
   1954    55-59   0.012159     0.018483     0.015320
   1954    60-64   0.017948     0.031434     0.024460
   1954    65-69   0.030879     0.048142     0.038682
   1954    70-74   0.049380     0.078011     0.061002
   1954    75-79   0.080034     0.115305     0.093138
   1954    80-84   0.130138     0.159990     0.140068
   1954    85-89   0.212181     0.238081     0.219310
   1954    90-94   0.318807     0.452053     0.346268
   1954    95-99   0.416931     0.282756     0.391316
   1954   100-104  0.582701     1.033333     0.679380
   1954   105-109  0.287425     6.000000     0.517241
   1954   110+     0.000000            .     0.000000
   1955     0      0.043176     0.052989     0.048190
   1955     1-4    0.004465     0.004855     0.004663
   1955     5-9    0.001486     0.001675     0.001582
   1955    10-14   0.000729     0.000927     0.000829
   1955    15-19   0.001046     0.001395     0.001218
   1955    20-24   0.001759     0.002598     0.002180
   1955    25-29   0.002147     0.002867     0.002504
   1955    30-34   0.002758     0.002843     0.002796
   1955    35-39   0.003245     0.003736     0.003466
   1955    40-44   0.004016     0.004581     0.004278
   1955    45-49   0.005029     0.007522     0.006247
   1955    50-54   0.008062     0.010909     0.009492
   1955    55-59   0.011335     0.017987     0.014662
   1955    60-64   0.018518     0.027601     0.022928
   1955    65-69   0.026351     0.045214     0.034934
   1955    70-74   0.049736     0.074507     0.059822
   1955    75-79   0.081061     0.114856     0.093649
   1955    80-84   0.126304     0.168320     0.140218
   1955    85-89   0.196249     0.194056     0.195621
   1955    90-94   0.281422     0.495467     0.322183
   1955    95-99   0.382013     0.242775     0.353020
   1955   100-104  0.463581     0.000000     0.373420
   1955   105-109  0.250000            .     0.250000
   1955   110+     0.000000            .     0.000000
   1956     0      0.043978     0.057125     0.050687
   1956     1-4    0.004204     0.003908     0.004053
   1956     5-9    0.001307     0.001652     0.001482
   1956    10-14   0.000538     0.000797     0.000668
   1956    15-19   0.000838     0.001329     0.001081
   1956    20-24   0.001956     0.002372     0.002164
   1956    25-29   0.001956     0.002521     0.002239
   1956    30-34   0.002549     0.002859     0.002692
   1956    35-39   0.002776     0.003411     0.003060
   1956    40-44   0.003743     0.004514     0.004099
   1956    45-49   0.005242     0.006945     0.006065
   1956    50-54   0.007786     0.011112     0.009453
   1956    55-59   0.011032     0.017713     0.014375
   1956    60-64   0.017778     0.029057     0.023270
   1956    65-69   0.032345     0.049159     0.040051
   1956    70-74   0.051389     0.079620     0.062987
   1956    75-79   0.089624     0.132401     0.105513
   1956    80-84   0.144365     0.188425     0.158832
   1956    85-89   0.233849     0.291316     0.250639
   1956    90-94   0.339867     0.247895     0.321071
   1956    95-99   0.611536     0.373792     0.557519
   1956   100-104  1.085315     0.000000     0.848087
   1956   105-109  0.375000            .     0.375000
   1956   110+     0.600000            .     0.600000
   1957     0      0.042925     0.052630     0.047883
   1957     1-4    0.003642     0.003861     0.003754
   1957     5-9    0.001175     0.001369     0.001274
   1957    10-14   0.000752     0.000949     0.000851
   1957    15-19   0.001153     0.001467     0.001310
   1957    20-24   0.001801     0.002653     0.002227
   1957    25-29   0.002217     0.002505     0.002362
   1957    30-34   0.002589     0.002854     0.002714
   1957    35-39   0.003282     0.002897     0.003111
   1957    40-44   0.003958     0.004512     0.004212
   1957    45-49   0.005211     0.006916     0.006023
   1957    50-54   0.007892     0.011819     0.009855
   1957    55-59   0.010301     0.018587     0.014444
   1957    60-64   0.018091     0.031055     0.024413
   1957    65-69   0.030440     0.051092     0.039967
   1957    70-74   0.054412     0.085803     0.067446
   1957    75-79   0.093179     0.139670     0.110324
   1957    80-84   0.153839     0.198458     0.168365
   1957    85-89   0.255636     0.313634     0.272472
   1957    90-94   0.336513     0.391168     0.348962
   1957    95-99   0.565342     0.630487     0.579293
   1957   100-104  0.787311     0.000000     0.510997
   1957   105-109  2.100000            .     2.100000
   1957   110+     2.000000            .     2.000000
   1958     0      0.036777     0.045920     0.041444
   1958     1-4    0.002582     0.003183     0.002888
   1958     5-9    0.000925     0.001256     0.001093
   1958    10-14   0.000709     0.000870     0.000790
   1958    15-19   0.000869     0.001246     0.001057
   1958    20-24   0.001452     0.002436     0.001942
   1958    25-29   0.001974     0.002220     0.002098
   1958    30-34   0.002163     0.002349     0.002253
   1958    35-39   0.002480     0.003296     0.002842
   1958    40-44   0.003479     0.004076     0.003752
   1958    45-49   0.004374     0.005892     0.005089
   1958    50-54   0.007179     0.010679     0.008916
   1958    55-59   0.011045     0.017802     0.014419
   1958    60-64   0.017334     0.026436     0.021778
   1958    65-69   0.027203     0.044147     0.035065
   1958    70-74   0.049269     0.069729     0.057886
   1958    75-79   0.080154     0.119464     0.094563
   1958    80-84   0.134279     0.177086     0.148183
   1958    85-89   0.204481     0.260825     0.220769
   1958    90-94   0.320616     0.383534     0.335225
   1958    95-99   0.401980     0.414866     0.404263
   1958   100-104  1.595745     0.800000     1.277955
   1958   105-109         .            .            .
   1958   110+            .            .            .
   1959     0      0.034794     0.041409     0.038170
   1959     1-4    0.002388     0.002724     0.002559
   1959     5-9    0.000828     0.001177     0.001006
   1959    10-14   0.000555     0.000750     0.000654
   1959    15-19   0.000653     0.001093     0.000872
   1959    20-24   0.001262     0.002183     0.001721
   1959    25-29   0.001700     0.002466     0.002087
   1959    30-34   0.001695     0.002098     0.001895
   1959    35-39   0.002225     0.002605     0.002394
   1959    40-44   0.003156     0.003702     0.003405
   1959    45-49   0.004209     0.005881     0.004991
   1959    50-54   0.006944     0.010274     0.008580
   1959    55-59   0.009597     0.017797     0.013690
   1959    60-64   0.016954     0.024491     0.020640
   1959    65-69   0.026448     0.046390     0.035766
   1959    70-74   0.046655     0.069279     0.056301
   1959    75-79   0.079698     0.117638     0.093620
   1959    80-84   0.131764     0.174636     0.145733
   1959    85-89   0.192409     0.246368     0.207923
   1959    90-94   0.313676     0.335927     0.318912
   1959    95-99   0.414430     0.351855     0.404165
   1959   100-104  0.556586     0.000000     0.435414
   1959   105-109         .     6.000000     6.000000
   1959   110+            .            .            .
   1960     0      0.031825     0.039084     0.035520
   1960     1-4    0.001781     0.002493     0.002143
   1960     5-9    0.000828     0.001061     0.000946
   1960    10-14   0.000423     0.000619     0.000523
   1960    15-19   0.000916     0.001391     0.001151
   1960    20-24   0.001274     0.001996     0.001636
   1960    25-29   0.001458     0.002402     0.001935
   1960    30-34   0.001772     0.002013     0.001893
   1960    35-39   0.002358     0.002847     0.002580
   1960    40-44   0.002788     0.003828     0.003260
   1960    45-49   0.004232     0.006362     0.005223
   1960    50-54   0.006095     0.010220     0.008104
   1960    55-59   0.011151     0.017265     0.014195
   1960    60-64   0.015291     0.028774     0.021888
   1960    65-69   0.027125     0.045898     0.035939
   1960    70-74   0.047725     0.075623     0.059685
   1960    75-79   0.082970     0.125105     0.098523
   1960    80-84   0.135450     0.187427     0.152321
   1960    85-89   0.223773     0.256474     0.233093
   1960    90-94   0.316861     0.315117     0.316435
   1960    95-99   0.514328     0.623567     0.531783
   1960   100-104  0.530973     0.000000     0.450789
   1960   105-109         .            .            .
   1960   110+            .            .            .
   1961     0      0.027110     0.035572     0.031443
   1961     1-4    0.002119     0.002150     0.002135
   1961     5-9    0.000960     0.000999     0.000980
   1961    10-14   0.000271     0.000709     0.000494
   1961    15-19   0.000786     0.001403     0.001094
   1961    20-24   0.001357     0.001957     0.001658
   1961    25-29   0.001522     0.001816     0.001671
   1961    30-34   0.001732     0.002071     0.001904
   1961    35-39   0.001697     0.002583     0.002110
   1961    40-44   0.002914     0.004120     0.003458
   1961    45-49   0.003866     0.005801     0.004761
   1961    50-54   0.006492     0.009300     0.007845
   1961    55-59   0.009896     0.016871     0.013365
   1961    60-64   0.014794     0.026310     0.020432
   1961    65-69   0.025687     0.043345     0.033986
   1961    70-74   0.048279     0.075641     0.060075
   1961    75-79   0.084374     0.115965     0.096189
   1961    80-84   0.140729     0.186525     0.155399
   1961    85-89   0.222156     0.268551     0.235238
   1961    90-94   0.340770     0.404068     0.356797
   1961    95-99   0.310881     0.782473     0.380345
   1961   100-104  0.372208     3.592814     0.674536
   1961   105-109         .            .            .
   1961   110+            .            .            .
   1962     0      0.025910     0.031882     0.028994
   1962     1-4    0.001527     0.001806     0.001669
   1962     5-9    0.000670     0.000913     0.000793
   1962    10-14   0.000391     0.000814     0.000605
   1962    15-19   0.000586     0.001208     0.000902
   1962    20-24   0.001223     0.001909     0.001568
   1962    25-29   0.001404     0.001884     0.001647
   1962    30-34   0.001573     0.002279     0.001934
   1962    35-39   0.002115     0.002463     0.002282
   1962    40-44   0.002705     0.003450     0.003039
   1962    45-49   0.004482     0.006150     0.005251
   1962    50-54   0.006071     0.009931     0.007907
   1962    55-59   0.010227     0.017176     0.013677
   1962    60-64   0.015589     0.027226     0.021291
   1962    65-69   0.026319     0.044836     0.035034
   1962    70-74   0.047874     0.078211     0.061033
   1962    75-79   0.087676     0.133279     0.104932
   1962    80-84   0.141834     0.196845     0.159277
   1962    85-89   0.230002     0.298032     0.248652
   1962    90-94   0.366067     0.445588     0.385943
   1962    95-99   0.493578     0.652884     0.515949
   1962   100-104  0.599101            .     0.599101
   1962   105-109         .            .            .
   1962   110+            .            .            .
   1963     0      0.021540     0.026457     0.024051
   1963     1-4    0.000944     0.001718     0.001339
   1963     5-9    0.000500     0.000857     0.000681
   1963    10-14   0.000296     0.000598     0.000449
   1963    15-19   0.000517     0.001039     0.000785
   1963    20-24   0.001019     0.001613     0.001318
   1963    25-29   0.001166     0.001688     0.001430
   1963    30-34   0.001478     0.001826     0.001658
   1963    35-39   0.001768     0.002810     0.002283
   1963    40-44   0.002553     0.003764     0.003096
   1963    45-49   0.003886     0.005168     0.004476
   1963    50-54   0.005306     0.008957     0.007025
   1963    55-59   0.008736     0.015206     0.011931
   1963    60-64   0.015247     0.026312     0.020665
   1963    65-69   0.024803     0.043045     0.033401
   1963    70-74   0.042590     0.070325     0.054698
   1963    75-79   0.076178     0.107942     0.088366
   1963    80-84   0.124906     0.163949     0.137281
   1963    85-89   0.201992     0.253737     0.215950
   1963    90-94   0.289765     0.360138     0.306763
   1963    95-99   0.308497     0.448199     0.331937
   1963   100-104  1.376936            .     1.376936
   1963   105-109         .            .            .
   1963   110+            .            .            .
   1964     0      0.017026     0.025403     0.021293
   1964     1-4    0.001230     0.001505     0.001370
   1964     5-9    0.000630     0.000759     0.000696
   1964    10-14   0.000287     0.000761     0.000527
   1964    15-19   0.000435     0.000947     0.000699
   1964    20-24   0.000975     0.001726     0.001357
   1964    25-29   0.001035     0.001661     0.001350
   1964    30-34   0.001368     0.002086     0.001741
   1964    35-39   0.001820     0.002462     0.002145
   1964    40-44   0.002756     0.003332     0.003017
   1964    45-49   0.003734     0.005630     0.004603
   1964    50-54   0.005397     0.008886     0.007028
   1964    55-59   0.008471     0.015094     0.011717
   1964    60-64   0.013334     0.025280     0.019182
   1964    65-69   0.024223     0.040771     0.032035
   1964    70-74   0.042556     0.068617     0.054014
   1964    75-79   0.071728     0.105752     0.084975
   1964    80-84   0.126175     0.170188     0.140235
   1964    85-89   0.199853     0.263624     0.217102
   1964    90-94   0.291980     0.338956     0.303011
   1964    95-99   0.333768     0.721909     0.400445
   1964   100-104  0.798580            .     0.798580
   1964   105-109         .            .            .
   1964   110+            .            .            .
   1965     0      0.017593     0.022434     0.020063
   1965     1-4    0.001114     0.001516     0.001319
   1965     5-9    0.000331     0.000698     0.000517
   1965    10-14   0.000340     0.000612     0.000478
   1965    15-19   0.000483     0.001139     0.000821
   1965    20-24   0.000792     0.001595     0.001207
   1965    25-29   0.000970     0.001628     0.001300
   1965    30-34   0.001134     0.001763     0.001462
   1965    35-39   0.001659     0.002624     0.002154
   1965    40-44   0.002395     0.003474     0.002892
   1965    45-49   0.003480     0.006222     0.004732
   1965    50-54   0.005716     0.009078     0.007278
   1965    55-59   0.008634     0.014552     0.011512
   1965    60-64   0.013643     0.025900     0.019626
   1965    65-69   0.022930     0.042838     0.032343
   1965    70-74   0.042338     0.072181     0.055519
   1965    75-79   0.077432     0.116292     0.092646
   1965    80-84   0.138629     0.181398     0.152462
   1965    85-89   0.224034     0.269407     0.236204
   1965    90-94   0.321389     0.388693     0.336789
   1965    95-99   0.426604     0.478554     0.435462
   1965   100-104  0.186104     0.000000     0.180072
   1965   105-109         .            .            .
   1965   110+            .            .            .
   1966     0      0.014483     0.019460     0.017035
   1966     1-4    0.001172     0.001434     0.001306
   1966     5-9    0.000342     0.000716     0.000532
   1966    10-14   0.000343     0.000573     0.000460
   1966    15-19   0.000487     0.001058     0.000781
   1966    20-24   0.000723     0.001349     0.001048
   1966    25-29   0.000846     0.001372     0.001110
   1966    30-34   0.001201     0.001897     0.001564
   1966    35-39   0.001417     0.002511     0.001985
   1966    40-44   0.002308     0.003415     0.002834
   1966    45-49   0.003825     0.004814     0.004274
   1966    50-54   0.004483     0.008523     0.006352
   1966    55-59   0.008846     0.014937     0.011773
   1966    60-64   0.012427     0.023837     0.017995
   1966    65-69   0.021728     0.039452     0.030101
   1966    70-74   0.041470     0.066089     0.052366
   1966    75-79   0.073045     0.106547     0.086235
   1966    80-84   0.125434     0.155676     0.135457
   1966    85-89   0.192144     0.231109     0.202452
   1966    90-94   0.289105     0.411284     0.316486
   1966    95-99   0.470362     0.450891     0.466630
   1966   100-104  1.060071     4.411765     1.213756
   1966   105-109         .            .            .
   1966   110+            .            .            .
   1967     0      0.015297     0.018728     0.017066
   1967     1-4    0.000807     0.001051     0.000931
   1967     5-9    0.000374     0.000584     0.000481
   1967    10-14   0.000246     0.000486     0.000368
   1967    15-19   0.000280     0.000987     0.000647
   1967    20-24   0.000585     0.001289     0.000949
   1967    25-29   0.000691     0.001476     0.001087
   1967    30-34   0.001044     0.001731     0.001402
   1967    35-39   0.001667     0.002224     0.001959
   1967    40-44   0.001788     0.003319     0.002537
   1967    45-49   0.003624     0.005286     0.004377
   1967    50-54   0.005561     0.008099     0.006733
   1967    55-59   0.008034     0.013900     0.010810
   1967    60-64   0.011660     0.022083     0.016742
   1967    65-69   0.020369     0.040355     0.029787
   1967    70-74   0.038511     0.064968     0.050245
   1967    75-79   0.073470     0.107453     0.086962
   1967    80-84   0.118807     0.160972     0.133038
   1967    85-89   0.195241     0.263558     0.213163
   1967    90-94   0.296332     0.328132     0.303396
   1967    95-99   0.497487     0.191003     0.431977
   1967   100-104  0.273473     0.000000     0.232198
   1967   105-109         .            .            .
   1967   110+            .            .            .
   1968     0      0.013045     0.018050     0.015621
   1968     1-4    0.001009     0.001333     0.001175
   1968     5-9    0.000526     0.000423     0.000473
   1968    10-14   0.000187     0.000432     0.000312
   1968    15-19   0.000417     0.000951     0.000696
   1968    20-24   0.000600     0.001259     0.000939
   1968    25-29   0.000741     0.001451     0.001099
   1968    30-34   0.000851     0.001420     0.001147
   1968    35-39   0.001610     0.002196     0.001919
   1968    40-44   0.002049     0.003240     0.002648
   1968    45-49   0.002976     0.004954     0.003871
   1968    50-54   0.005036     0.007234     0.006051
   1968    55-59   0.007693     0.014305     0.010791
   1968    60-64   0.012124     0.022647     0.017225
   1968    65-69   0.022066     0.038219     0.029663
   1968    70-74   0.041301     0.062355     0.050652
   1968    75-79   0.069181     0.106365     0.084062
   1968    80-84   0.112587     0.158754     0.128296
   1968    85-89   0.210893     0.271731     0.226818
   1968    90-94   0.316005     0.383718     0.331150
   1968    95-99   0.394246     0.367578     0.388391
   1968   100-104  0.949471     0.595238     0.849200
   1968   105-109         .            .            .
   1968   110+            .            .            .
   1969     0      0.013364     0.017290     0.015387
   1969     1-4    0.001009     0.001234     0.001125
   1969     5-9    0.000402     0.000616     0.000512
   1969    10-14   0.000194     0.000367     0.000282
   1969    15-19   0.000467     0.001138     0.000819
   1969    20-24   0.000563     0.001234     0.000911
   1969    25-29   0.000795     0.001579     0.001188
   1969    30-34   0.000900     0.001703     0.001317
   1969    35-39   0.001381     0.002524     0.001987
   1969    40-44   0.001987     0.003251     0.002638
   1969    45-49   0.003345     0.004954     0.004078
   1969    50-54   0.004949     0.007930     0.006321
   1969    55-59   0.007172     0.013392     0.010072
   1969    60-64   0.012199     0.022403     0.017103
   1969    65-69   0.021085     0.040710     0.030310
   1969    70-74   0.037812     0.065689     0.050181
   1969    75-79   0.068012     0.103271     0.082260
   1969    80-84   0.110544     0.157211     0.126522
   1969    85-89   0.200537     0.277222     0.220779
   1969    90-94   0.289874     0.356339     0.304651
   1969    95-99   0.359223     0.511443     0.388646
   1969   100-104  0.212014     1.301518     0.479744
   1969   105-109         .            .            .
   1969   110+            .            .            .
   1970     0      0.011069     0.016089     0.013646
   1970     1-4    0.000915     0.001271     0.001098
   1970     5-9    0.000406     0.000503     0.000455
   1970    10-14   0.000268     0.000451     0.000362
   1970    15-19   0.000532     0.001218     0.000890
   1970    20-24   0.000664     0.001262     0.000978
   1970    25-29   0.000744     0.001358     0.001050
   1970    30-34   0.000935     0.001700     0.001332
   1970    35-39   0.001264     0.002163     0.001743
   1970    40-44   0.002093     0.003391     0.002771
   1970    45-49   0.003232     0.004641     0.003887
   1970    50-54   0.004758     0.008495     0.006467
   1970    55-59   0.006985     0.013095     0.009827
   1970    60-64   0.012401     0.022755     0.017333
   1970    65-69   0.020189     0.038871     0.028952
   1970    70-74   0.037753     0.061915     0.048442
   1970    75-79   0.068688     0.107909     0.084622
   1970    80-84   0.116798     0.148339     0.127685
   1970    85-89   0.190424     0.220437     0.198568
   1970    90-94   0.331326     0.361363     0.337968
   1970    95-99   0.496528     0.593368     0.512513
   1970   100-104  0.530191     0.000000     0.419092
   1970   105-109         .            .            .
   1970   110+            .            .            .
   1971     0      0.011475     0.015276     0.013434
   1971     1-4    0.000941     0.001249     0.001099
   1971     5-9    0.000361     0.000578     0.000472
   1971    10-14   0.000203     0.000373     0.000290
   1971    15-19   0.000364     0.001425     0.000915
   1971    20-24   0.000646     0.001108     0.000890
   1971    25-29   0.000696     0.001269     0.000981
   1971    30-34   0.000892     0.001538     0.001225
   1971    35-39   0.001275     0.002123     0.001726
   1971    40-44   0.001972     0.003252     0.002646
   1971    45-49   0.002755     0.004771     0.003718
   1971    50-54   0.004264     0.006867     0.005446
   1971    55-59   0.006872     0.013437     0.009909
   1971    60-64   0.011194     0.019978     0.015325
   1971    65-69   0.020324     0.034722     0.027089
   1971    70-74   0.034497     0.057471     0.044654
   1971    75-79   0.062419     0.099628     0.077546
   1971    80-84   0.110421     0.148541     0.123724
   1971    85-89   0.184491     0.221310     0.194913
   1971    90-94   0.276341     0.324026     0.286599
   1971    95-99   0.361824     0.342926     0.358634
   1971   100-104  0.427553     0.000000     0.315236
   1971   105-109         .            .            .
   1971   110+            .            .            .
   1972     0      0.009584     0.012241     0.010960
   1972     1-4    0.000701     0.001042     0.000876
   1972     5-9    0.000334     0.000598     0.000469
   1972    10-14   0.000204     0.000366     0.000287
   1972    15-19   0.000360     0.001299     0.000850
   1972    20-24   0.000609     0.001255     0.000948
   1972    25-29   0.000759     0.001218     0.000988
   1972    30-34   0.000900     0.001607     0.001262
   1972    35-39   0.001226     0.002014     0.001644
   1972    40-44   0.001626     0.003379     0.002553
   1972    45-49   0.002969     0.004513     0.003726
   1972    50-54   0.004172     0.006950     0.005428
   1972    55-59   0.006742     0.011601     0.008976
   1972    60-64   0.010268     0.019416     0.014506
   1972    65-69   0.017616     0.032155     0.024442
   1972    70-74   0.032994     0.054836     0.042671
   1972    75-79   0.059611     0.088963     0.071577
   1972    80-84   0.097902     0.148270     0.115623
   1972    85-89   0.178561     0.205213     0.186344
   1972    90-94   0.286506     0.313350     0.292156
   1972    95-99   0.421748     0.303503     0.398733
   1972   100-104  0.327273     0.000000     0.236842
   1972   105-109         .            .            .
   1972   110+            .            .            .
   1973     0      0.009272     0.012689     0.011035
   1973     1-4    0.000779     0.001172     0.000981
   1973     5-9    0.000312     0.000568     0.000443
   1973    10-14   0.000264     0.000334     0.000300
   1973    15-19   0.000348     0.001195     0.000794
   1973    20-24   0.000541     0.001033     0.000799
   1973    25-29   0.000647     0.001161     0.000905
   1973    30-34   0.000906     0.001277     0.001095
   1973    35-39   0.001071     0.002105     0.001618
   1973    40-44   0.001861     0.002983     0.002455
   1973    45-49   0.002650     0.004463     0.003562
   1973    50-54   0.004832     0.006399     0.005540
   1973    55-59   0.006505     0.011160     0.008636
   1973    60-64   0.010409     0.019099     0.014391
   1973    65-69   0.018865     0.032352     0.025158
   1973    70-74   0.032296     0.057849     0.043654
   1973    75-79   0.058869     0.091207     0.072090
   1973    80-84   0.114902     0.143594     0.125119
   1973    85-89   0.183204     0.228005     0.196604
   1973    90-94   0.307989     0.313315     0.309136
   1973    95-99   0.456552     0.628873     0.490808
   1973   100-104  0.166667     0.201031     0.177019
   1973   105-109  0.000000            .     0.000000
   1973   110+            .            .            .
   1974     0      0.009266     0.011263     0.010295
   1974     1-4    0.000633     0.000805     0.000721
   1974     5-9    0.000304     0.000469     0.000388
   1974    10-14   0.000178     0.000296     0.000238
   1974    15-19   0.000328     0.001106     0.000739
   1974    20-24   0.000529     0.001071     0.000815
   1974    25-29   0.000608     0.000925     0.000767
   1974    30-34   0.000674     0.001233     0.000957
   1974    35-39   0.001076     0.001824     0.001470
   1974    40-44   0.001621     0.003094     0.002403
   1974    45-49   0.002606     0.004743     0.003699
   1974    50-54   0.004084     0.006590     0.005223
   1974    55-59   0.006839     0.011429     0.008931
   1974    60-64   0.010965     0.018860     0.014555
   1974    65-69   0.017384     0.031882     0.024097
   1974    70-74   0.032356     0.052497     0.041331
   1974    75-79   0.060802     0.091293     0.073274
   1974    80-84   0.106820     0.135249     0.117103
   1974    85-89   0.184360     0.227769     0.197570
   1974    90-94   0.270330     0.330962     0.283968
   1974    95-99   0.421383     0.407994     0.418779
   1974   100-104  0.289157     0.642857     0.378378
   1974   105-109  4.000000            .     4.000000
   1974   110+            .            .            .
   1975     0      0.008820     0.010604     0.009739
   1975     1-4    0.000638     0.000881     0.000763
   1975     5-9    0.000288     0.000406     0.000349
   1975    10-14   0.000201     0.000329     0.000267
   1975    15-19   0.000294     0.000871     0.000597
   1975    20-24   0.000484     0.001056     0.000789
   1975    25-29   0.000522     0.000938     0.000731
   1975    30-34   0.000688     0.001097     0.000895
   1975    35-39   0.001086     0.001702     0.001409
   1975    40-44   0.001361     0.003135     0.002303
   1975    45-49   0.002820     0.004294     0.003582
   1975    50-54   0.003730     0.006015     0.004787
   1975    55-59   0.005860     0.010379     0.007908
   1975    60-64   0.008859     0.016947     0.012518
   1975    65-69   0.017167     0.029991     0.023055
   1975    70-74   0.031030     0.055284     0.041819
   1975    75-79   0.056861     0.085650     0.068680
   1975    80-84   0.105037     0.139245     0.117552
   1975    85-89   0.174892     0.221604     0.189165
   1975    90-94   0.297300     0.368408     0.313616
   1975    95-99   0.420297     0.607280     0.457095
   1975   100-104  0.562500     1.800000     0.729730
   1975   105-109  0.000000            .     0.000000
   1975   110+            .            .            .
   1976     0      0.007325     0.010359     0.008887
   1976     1-4    0.000566     0.000681     0.000625
   1976     5-9    0.000319     0.000387     0.000354
   1976    10-14   0.000140     0.000202     0.000172
   1976    15-19   0.000258     0.000792     0.000536
   1976    20-24   0.000500     0.001037     0.000787
   1976    25-29   0.000548     0.000930     0.000740
   1976    30-34   0.000678     0.001088     0.000885
   1976    35-39   0.000975     0.001726     0.001367
   1976    40-44   0.001400     0.002757     0.002121
   1976    45-49   0.002185     0.004472     0.003376
   1976    50-54   0.003791     0.005818     0.004753
   1976    55-59   0.005932     0.010092     0.007801
   1976    60-64   0.009642     0.016753     0.012846
   1976    65-69   0.016405     0.027946     0.021642
   1976    70-74   0.029938     0.049028     0.038434
   1976    75-79   0.054555     0.081749     0.065750
   1976    80-84   0.104136     0.137988     0.116578
   1976    85-89   0.176536     0.208138     0.186249
   1976    90-94   0.277960     0.323050     0.288696
   1976    95-99   0.411286     0.537718     0.433534
   1976   100-104  0.181818     0.461538     0.227848
   1976   105-109  1.333333            .     1.333333
   1976   110+            .            .            .
   1977     0      0.008024     0.009583     0.008827
   1977     1-4    0.000659     0.000676     0.000668
   1977     5-9    0.000237     0.000322     0.000281
   1977    10-14   0.000165     0.000223     0.000195
   1977    15-19   0.000242     0.000970     0.000621
   1977    20-24   0.000410     0.000852     0.000644
   1977    25-29   0.000501     0.000797     0.000650
   1977    30-34   0.000640     0.001172     0.000907
   1977    35-39   0.000881     0.001518     0.001212
   1977    40-44   0.001464     0.002456     0.001990
   1977    45-49   0.002294     0.004215     0.003299
   1977    50-54   0.003805     0.006363     0.005049
   1977    55-59   0.005440     0.010308     0.007615
   1977    60-64   0.008007     0.015633     0.011433
   1977    65-69   0.014267     0.027343     0.020120
   1977    70-74   0.029130     0.048310     0.037685
   1977    75-79   0.053138     0.080318     0.064362
   1977    80-84   0.095319     0.132712     0.109162
   1977    85-89   0.160163     0.197450     0.171703
   1977    90-94   0.237890     0.303383     0.254130
   1977    95-99   0.396245     0.426374     0.400842
   1977   100-104  0.883942     0.208261     0.667408
   1977   105-109  0.857143            .     0.857143
   1977   110+            .            .            .
   1978     0      0.006929     0.009307     0.008150
   1978     1-4    0.000549     0.000715     0.000635
   1978     5-9    0.000194     0.000403     0.000302
   1978    10-14   0.000155     0.000198     0.000177
   1978    15-19   0.000326     0.000823     0.000586
   1978    20-24   0.000440     0.000946     0.000707
   1978    25-29   0.000465     0.000826     0.000647
   1978    30-34   0.000569     0.001070     0.000820
   1978    35-39   0.000911     0.001426     0.001176
   1978    40-44   0.001433     0.002603     0.002052
   1978    45-49   0.001993     0.004174     0.003139
   1978    50-54   0.003038     0.005682     0.004353
   1978    55-59   0.005295     0.009175     0.007025
   1978    60-64   0.008236     0.015552     0.011511
   1978    65-69   0.013771     0.027095     0.019670
   1978    70-74   0.027464     0.046079     0.035740
   1978    75-79   0.053611     0.077865     0.063670
   1978    80-84   0.093318     0.123364     0.104499
   1978    85-89   0.163826     0.200889     0.175469
   1978    90-94   0.256435     0.277005     0.261701
   1978    95-99   0.355792     0.471074     0.372444
   1978   100-104  0.435589     1.136646     0.585227
   1978   105-109  1.500000            .     1.500000
   1978   110+            .            .            .
   1979     0      0.006589     0.008059     0.007341
   1979     1-4    0.000516     0.000710     0.000616
   1979     5-9    0.000202     0.000399     0.000303
   1979    10-14   0.000196     0.000213     0.000205
   1979    15-19   0.000258     0.000962     0.000626
   1979    20-24   0.000430     0.000770     0.000609
   1979    25-29   0.000436     0.000727     0.000583
   1979    30-34   0.000517     0.001027     0.000772
   1979    35-39   0.000853     0.001370     0.001118
   1979    40-44   0.001430     0.002455     0.001971
   1979    45-49   0.002243     0.004141     0.003241
   1979    50-54   0.003242     0.005985     0.004630
   1979    55-59   0.005119     0.009618     0.007135
   1979    60-64   0.008118     0.015028     0.011198
   1979    65-69   0.013141     0.025963     0.018777
   1979    70-74   0.025797     0.043284     0.033524
   1979    75-79   0.050271     0.076278     0.061112
   1979    80-84   0.083209     0.116519     0.095634
   1979    85-89   0.151987     0.177137     0.160089
   1979    90-94   0.246232     0.254685     0.248452
   1979    95-99   0.402358     0.474202     0.415347
   1979   100-104  0.435116     0.750000     0.470830
   1979   105-109  0.000000            .     0.000000
   1979   110+            .            .            .
   1980     0      0.005792     0.008010     0.006931
   1980     1-4    0.000472     0.000747     0.000613
   1980     5-9    0.000203     0.000290     0.000247
   1980    10-14   0.000155     0.000223     0.000190
   1980    15-19   0.000250     0.000779     0.000525
   1980    20-24   0.000410     0.000795     0.000614
   1980    25-29   0.000418     0.000787     0.000604
   1980    30-34   0.000482     0.000886     0.000684
   1980    35-39   0.000776     0.001317     0.001051
   1980    40-44   0.001164     0.002321     0.001773
   1980    45-49   0.002029     0.003936     0.003034
   1980    50-54   0.003142     0.006394     0.004805
   1980    55-59   0.004747     0.008717     0.006558
   1980    60-64   0.007614     0.014218     0.010540
   1980    65-69   0.012790     0.024194     0.017784
   1980    70-74   0.026724     0.044489     0.034512
   1980    75-79   0.048672     0.076209     0.060142
   1980    80-84   0.088748     0.118111     0.099775
   1980    85-89   0.155293     0.199482     0.169721
   1980    90-94   0.250700     0.307963     0.265971
   1980    95-99   0.375734     0.480699     0.397974
   1980   100-104  0.697674     0.000000     0.612245
   1980   105-109  0.000000            .     0.000000
   1980   110+            .            .            .
   1981     0      0.006265     0.007411     0.006855
   1981     1-4    0.000537     0.000637     0.000588
   1981     5-9    0.000181     0.000287     0.000236
   1981    10-14   0.000085     0.000207     0.000147
   1981    15-19   0.000269     0.000828     0.000558
   1981    20-24   0.000286     0.000759     0.000537
   1981    25-29   0.000483     0.000875     0.000681
   1981    30-34   0.000544     0.000875     0.000710
   1981    35-39   0.000752     0.001438     0.001100
   1981    40-44   0.001237     0.002082     0.001679
   1981    45-49   0.001885     0.003914     0.002956
   1981    50-54   0.003168     0.005966     0.004610
   1981    55-59   0.004509     0.008662     0.006450
   1981    60-64   0.007679     0.013839     0.010387
   1981    65-69   0.012445     0.024086     0.017527
   1981    70-74   0.023491     0.042916     0.031897
   1981    75-79   0.048653     0.074582     0.059472
   1981    80-84   0.084799     0.124123     0.099618
   1981    85-89   0.152092     0.190206     0.164579
   1981    90-94   0.269674     0.290374     0.275304
   1981    95-99   0.377183     0.413073     0.385200
   1981   100-104  0.787879     0.240000     0.677419
   1981   105-109  1.500000            .     1.500000
   1981   110+            .            .            .
   1982     0      0.005864     0.008048     0.006988
   1982     1-4    0.000451     0.000490     0.000471
   1982     5-9    0.000121     0.000348     0.000237
   1982    10-14   0.000132     0.000174     0.000153
   1982    15-19   0.000244     0.000694     0.000477
   1982    20-24   0.000307     0.000720     0.000526
   1982    25-29   0.000353     0.000805     0.000583
   1982    30-34   0.000523     0.000759     0.000640
   1982    35-39   0.000764     0.001186     0.000977
   1982    40-44   0.001139     0.002174     0.001677
   1982    45-49   0.001867     0.003654     0.002810
   1982    50-54   0.002966     0.006397     0.004743
   1982    55-59   0.004238     0.008717     0.006385
   1982    60-64   0.007027     0.013363     0.009797
   1982    65-69   0.011703     0.022523     0.016417
   1982    70-74   0.022203     0.039086     0.029403
   1982    75-79   0.042822     0.068529     0.053574
   1982    80-84   0.080974     0.110228     0.092049
   1982    85-89   0.145127     0.179797     0.156568
   1982    90-94   0.244258     0.270580     0.251422
   1982    95-99   0.337079     0.338367     0.337379
   1982   100-104  0.538462     0.400000     0.500000
   1982   105-109  0.000000            .     0.000000
   1982   110+            .            .            .
   1983     0      0.005373     0.006257     0.005829
   1983     1-4    0.000481     0.000610     0.000547
   1983     5-9    0.000226     0.000251     0.000239
   1983    10-14   0.000122     0.000171     0.000148
   1983    15-19   0.000275     0.000779     0.000537
   1983    20-24   0.000347     0.000882     0.000629
   1983    25-29   0.000475     0.000858     0.000672
   1983    30-34   0.000479     0.001011     0.000744
   1983    35-39   0.000689     0.001258     0.000975
   1983    40-44   0.001199     0.002104     0.001666
   1983    45-49   0.001863     0.003373     0.002659
   1983    50-54   0.002996     0.006645     0.004893
   1983    55-59   0.004486     0.009373     0.006884
   1983    60-64   0.007112     0.013525     0.009908
   1983    65-69   0.012410     0.022079     0.016615
   1983    70-74   0.022561     0.040278     0.030046
   1983    75-79   0.043913     0.069378     0.054520
   1983    80-84   0.078968     0.117042     0.093484
   1983    85-89   0.144818     0.182252     0.157173
   1983    90-94   0.240517     0.278650     0.250874
   1983    95-99   0.387116     0.328253     0.372641
   1983   100-104  0.699029     1.000000     0.755906
   1983   105-109  1.200000            .     1.200000
   1983   110+            .            .            .
   1984     0      0.005370     0.006439     0.005920
   1984     1-4    0.000349     0.000531     0.000443
   1984     5-9    0.000150     0.000219     0.000186
   1984    10-14   0.000123     0.000221     0.000174
   1984    15-19   0.000261     0.000690     0.000483
   1984    20-24   0.000291     0.000898     0.000611
   1984    25-29   0.000412     0.000779     0.000601
   1984    30-34   0.000552     0.000867     0.000709
   1984    35-39   0.000771     0.001244     0.001008
   1984    40-44   0.001158     0.002255     0.001720
   1984    45-49   0.001924     0.003590     0.002800
   1984    50-54   0.002948     0.006339     0.004716
   1984    55-59   0.003959     0.008494     0.006223
   1984    60-64   0.006794     0.013338     0.009662
   1984    65-69   0.011589     0.021328     0.015813
   1984    70-74   0.020498     0.036163     0.027082
   1984    75-79   0.040261     0.068233     0.051831
   1984    80-84   0.075890     0.111442     0.089455
   1984    85-89   0.135943     0.166915     0.146219
   1984    90-94   0.235319     0.262143     0.242934
   1984    95-99   0.372549     0.447772     0.390985
   1984   100-104  0.537931     0.923077     0.596491
   1984   105-109  1.500000     0.000000     0.857143
   1984   110+            .            .            .
   1985     0      0.004047     0.005344     0.004711
   1985     1-4    0.000325     0.000505     0.000417
   1985     5-9    0.000110     0.000288     0.000201
   1985    10-14   0.000148     0.000177     0.000163
   1985    15-19   0.000265     0.000700     0.000490
   1985    20-24   0.000329     0.000912     0.000636
   1985    25-29   0.000397     0.000692     0.000549
   1985    30-34   0.000561     0.000898     0.000730
   1985    35-39   0.000732     0.001131     0.000932
   1985    40-44   0.001226     0.001943     0.001591
   1985    45-49   0.001604     0.003413     0.002552
   1985    50-54   0.002797     0.006264     0.004610
   1985    55-59   0.003888     0.008475     0.006203
   1985    60-64   0.006215     0.012956     0.009223
   1985    65-69   0.010602     0.020567     0.014898
   1985    70-74   0.019275     0.036492     0.026496
   1985    75-79   0.038014     0.066822     0.049817
   1985    80-84   0.072811     0.103529     0.084481
   1985    85-89   0.129121     0.178630     0.145630
   1985    90-94   0.225079     0.252340     0.233103
   1985    95-99   0.308272     0.385224     0.327184
   1985   100-104  0.450867     1.285714     0.567164
   1985   105-109  0.000000     0.000000     0.000000
   1985   110+            .            .            .
   1986     0      0.004378     0.005109     0.004752
   1986     1-4    0.000321     0.000491     0.000409
   1986     5-9    0.000157     0.000217     0.000188
   1986    10-14   0.000154     0.000212     0.000184
   1986    15-19   0.000256     0.000674     0.000473
   1986    20-24   0.000392     0.000780     0.000597
   1986    25-29   0.000368     0.000642     0.000510
   1986    30-34   0.000426     0.000854     0.000641
   1986    35-39   0.000779     0.001312     0.001046
   1986    40-44   0.001048     0.001922     0.001491
   1986    45-49   0.001661     0.003230     0.002478
   1986    50-54   0.002903     0.005954     0.004503
   1986    55-59   0.003895     0.009335     0.006662
   1986    60-64   0.006463     0.012476     0.009218
   1986    65-69   0.010217     0.020570     0.014643
   1986    70-74   0.018939     0.034501     0.025452
   1986    75-79   0.037371     0.063182     0.047813
   1986    80-84   0.069206     0.104000     0.082464
   1986    85-89   0.123856     0.162591     0.136798
   1986    90-94   0.216717     0.241201     0.224000
   1986    95-99   0.317603     0.314995     0.316955
   1986   100-104  0.373333     0.375000     0.373541
   1986   105-109  0.600000     3.000000     1.000000
   1986   110+            .            .            .
   1987     0      0.003764     0.004131     0.003952
   1987     1-4    0.000401     0.000449     0.000426
   1987     5-9    0.000078     0.000202     0.000142
   1987    10-14   0.000108     0.000136     0.000123
   1987    15-19   0.000301     0.000748     0.000534
   1987    20-24   0.000198     0.000743     0.000485
   1987    25-29   0.000472     0.000774     0.000629
   1987    30-34   0.000447     0.000782     0.000616
   1987    35-39   0.000600     0.001253     0.000927
   1987    40-44   0.001133     0.001840     0.001490
   1987    45-49   0.001551     0.003023     0.002314
   1987    50-54   0.002376     0.005346     0.003934
   1987    55-59   0.004000     0.008423     0.006263
   1987    60-64   0.006122     0.012401     0.009078
   1987    65-69   0.009579     0.020054     0.014034
   1987    70-74   0.017900     0.033830     0.024563
   1987    75-79   0.033996     0.059725     0.044269
   1987    80-84   0.063903     0.099926     0.077648
   1987    85-89   0.121110     0.164252     0.135581
   1987    90-94   0.208276     0.233452     0.215738
   1987    95-99   0.318245     0.439713     0.347714
   1987   100-104  0.470149     0.400000     0.457317
   1987   105-109  3.000000            .     3.000000
   1987   110+            .            .            .
   1988     0      0.004062     0.004047     0.004054
   1988     1-4    0.000370     0.000501     0.000437
   1988     5-9    0.000115     0.000136     0.000126
   1988    10-14   0.000135     0.000124     0.000129
   1988    15-19   0.000242     0.000676     0.000468
   1988    20-24   0.000301     0.000863     0.000597
   1988    25-29   0.000355     0.000773     0.000574
   1988    30-34   0.000459     0.000871     0.000669
   1988    35-39   0.000653     0.001090     0.000872
   1988    40-44   0.001073     0.001746     0.001412
   1988    45-49   0.001504     0.002740     0.002141
   1988    50-54   0.002642     0.005067     0.003913
   1988    55-59   0.003804     0.008646     0.006294
   1988    60-64   0.006032     0.012670     0.009236
   1988    65-69   0.009769     0.019679     0.013972
   1988    70-74   0.016718     0.035537     0.024576
   1988    75-79   0.034086     0.061153     0.044811
   1988    80-84   0.067369     0.104415     0.081409
   1988    85-89   0.124757     0.169706     0.139874
   1988    90-94   0.218246     0.245846     0.226325
   1988    95-99   0.335340     0.329065     0.333809
   1988   100-104  0.532895     0.538462     0.534031
   1988   105-109  0.000000            .     0.000000
   1988   110+            .            .            .
   1989     0      0.004055     0.003830     0.003940
   1989     1-4    0.000321     0.000482     0.000404
   1989     5-9    0.000170     0.000217     0.000194
   1989    10-14   0.000146     0.000134     0.000140
   1989    15-19   0.000248     0.000615     0.000439
   1989    20-24   0.000296     0.000801     0.000562
   1989    25-29   0.000332     0.000653     0.000500
   1989    30-34   0.000373     0.000814     0.000599
   1989    35-39   0.000565     0.000931     0.000749
   1989    40-44   0.001110     0.001734     0.001424
   1989    45-49   0.001557     0.002841     0.002215
   1989    50-54   0.002397     0.005069     0.003796
   1989    55-59   0.004004     0.008809     0.006485
   1989    60-64   0.005445     0.012853     0.009087
   1989    65-69   0.009143     0.019679     0.013637
   1989    70-74   0.016306     0.033031     0.023270
   1989    75-79   0.032406     0.056113     0.041765
   1989    80-84   0.062264     0.100056     0.076500
   1989    85-89   0.117153     0.164082     0.132878
   1989    90-94   0.210336     0.234178     0.217311
   1989    95-99   0.308656     0.391199     0.329638
   1989   100-104  0.398844     0.266667     0.371560
   1989   105-109  0.260870            .     0.260870
   1989   110+            .            .            .
   1990     0      0.004024     0.004366     0.004200
   1990     1-4    0.000278     0.000380     0.000330
   1990     5-9    0.000162     0.000170     0.000166
   1990    10-14   0.000106     0.000120     0.000113
   1990    15-19   0.000271     0.000653     0.000470
   1990    20-24   0.000318     0.000744     0.000544
   1990    25-29   0.000317     0.000699     0.000518
   1990    30-34   0.000360     0.000755     0.000563
   1990    35-39   0.000623     0.000996     0.000811
   1990    40-44   0.000885     0.001471     0.001180
   1990    45-49   0.001490     0.002815     0.002165
   1990    50-54   0.002399     0.004396     0.003442
   1990    55-59   0.003562     0.008642     0.006195
   1990    60-64   0.005740     0.012847     0.009273
   1990    65-69   0.009842     0.019398     0.014000
   1990    70-74   0.016874     0.034334     0.024097
   1990    75-79   0.032418     0.057744     0.042395
   1990    80-84   0.062364     0.096124     0.074980
   1990    85-89   0.124577     0.159778     0.136298
   1990    90-94   0.205055     0.269424     0.223910
   1990    95-99   0.313484     0.429401     0.342256
   1990   100-104  0.431762     0.672426     0.488741
   1990   105-109  0.240000            .     0.240000
   1990   110+            .            .            .
   1991     0      0.004182     0.004475     0.004333
   1991     1-4    0.000304     0.000459     0.000384
   1991     5-9    0.000128     0.000231     0.000181
   1991    10-14   0.000111     0.000144     0.000128
   1991    15-19   0.000176     0.000615     0.000404
   1991    20-24   0.000293     0.000758     0.000539
   1991    25-29   0.000397     0.000631     0.000520
   1991    30-34   0.000393     0.000738     0.000571
   1991    35-39   0.000634     0.001061     0.000850
   1991    40-44   0.001078     0.001758     0.001420
   1991    45-49   0.001542     0.002986     0.002274
   1991    50-54   0.002283     0.004509     0.003440
   1991    55-59   0.003668     0.008337     0.006095
   1991    60-64   0.005593     0.013020     0.009313
   1991    65-69   0.008953     0.018799     0.013355
   1991    70-74   0.016200     0.032642     0.022945
   1991    75-79   0.031641     0.054436     0.040599
   1991    80-84   0.061996     0.095959     0.074505
   1991    85-89   0.114880     0.161657     0.130575
   1991    90-94   0.195547     0.235504     0.207137
   1991    95-99   0.345714     0.372018     0.352170
   1991   100-104  0.447368     0.461538     0.450512
   1991   105-109  0.240000     0.000000     0.193548
   1991   110+            .            .            .
   1992     0      0.004079     0.004283     0.004184
   1992     1-4    0.000349     0.000516     0.000435
   1992     5-9    0.000094     0.000131     0.000113
   1992    10-14   0.000071     0.000129     0.000101
   1992    15-19   0.000260     0.000533     0.000402
   1992    20-24   0.000217     0.000730     0.000488
   1992    25-29   0.000319     0.000810     0.000578
   1992    30-34   0.000446     0.000951     0.000708
   1992    35-39   0.000684     0.000868     0.000778
   1992    40-44   0.000938     0.001774     0.001358
   1992    45-49   0.001546     0.002784     0.002171
   1992    50-54   0.002463     0.004582     0.003559
   1992    55-59   0.003584     0.008372     0.006076
   1992    60-64   0.005680     0.013435     0.009584
   1992    65-69   0.009123     0.019251     0.013775
   1992    70-74   0.016513     0.033684     0.023518
   1992    75-79   0.031996     0.056699     0.041691
   1992    80-84   0.059922     0.097289     0.073510
   1992    85-89   0.115351     0.162178     0.131057
   1992    90-94   0.204302     0.247635     0.216771
   1992    95-99   0.317235     0.329902     0.320429
   1992   100-104  0.465429     0.553846     0.483587
   1992   105-109  0.545455     2.250000     1.000000
   1992   110+            .            .            .
   1993     0      0.004214     0.004725     0.004477
   1993     1-4    0.000346     0.000374     0.000361
   1993     5-9    0.000097     0.000179     0.000139
   1993    10-14   0.000129     0.000165     0.000147
   1993    15-19   0.000275     0.000531     0.000408
   1993    20-24   0.000236     0.000769     0.000517
   1993    25-29   0.000230     0.000675     0.000465
   1993    30-34   0.000321     0.000738     0.000539
   1993    35-39   0.000566     0.001065     0.000821
   1993    40-44   0.001040     0.001833     0.001438
   1993    45-49   0.001563     0.002692     0.002131
   1993    50-54   0.002294     0.004491     0.003424
   1993    55-59   0.003350     0.008033     0.005787
   1993    60-64   0.005664     0.013368     0.009559
   1993    65-69   0.008599     0.019431     0.013696
   1993    70-74   0.016669     0.032856     0.023252
   1993    75-79   0.030954     0.055358     0.040507
   1993    80-84   0.057891     0.092555     0.070395
   1993    85-89   0.109999     0.154353     0.124721
   1993    90-94   0.200699     0.252470     0.215550
   1993    95-99   0.310643     0.408121     0.334571
   1993   100-104  0.548387     0.358209     0.511561
   1993   105-109  0.000000     0.000000     0.000000
   1993   110+            .            .            .
   1994     0      0.003025     0.004988     0.004032
   1994     1-4    0.000332     0.000343     0.000338
   1994     5-9    0.000140     0.000166     0.000153
   1994    10-14   0.000104     0.000169     0.000137
   1994    15-19   0.000167     0.000602     0.000394
   1994    20-24   0.000277     0.000669     0.000483
   1994    25-29   0.000334     0.000654     0.000503
   1994    30-34   0.000373     0.000713     0.000551
   1994    35-39   0.000612     0.000974     0.000798
   1994    40-44   0.001031     0.001671     0.001353
   1994    45-49   0.001467     0.002688     0.002081
   1994    50-54   0.002301     0.004375     0.003361
   1994    55-59   0.003557     0.007451     0.005581
   1994    60-64   0.005411     0.012829     0.009176
   1994    65-69   0.009231     0.019928     0.014351
   1994    70-74   0.015788     0.032748     0.022726
   1994    75-79   0.028466     0.056648     0.039452
   1994    80-84   0.055470     0.090526     0.068032
   1994    85-89   0.107567     0.152782     0.122481
   1994    90-94   0.185233     0.244463     0.202181
   1994    95-99   0.279557     0.348979     0.296246
   1994   100-104  0.488038     0.404833     0.470868
   1994   105-109  0.692308     0.857143     0.750000
   1994   110+            .            .            .
   1995     0      0.003053     0.004054     0.003565
   1995     1-4    0.000323     0.000452     0.000389
   1995     5-9    0.000118     0.000258     0.000189
   1995    10-14   0.000112     0.000156     0.000135
   1995    15-19   0.000215     0.000590     0.000410
   1995    20-24   0.000234     0.000711     0.000485
   1995    25-29   0.000289     0.000617     0.000463
   1995    30-34   0.000438     0.000707     0.000579
   1995    35-39   0.000519     0.001026     0.000780
   1995    40-44   0.001058     0.001788     0.001426
   1995    45-49   0.001521     0.002807     0.002167
   1995    50-54   0.002382     0.004600     0.003509
   1995    55-59   0.003318     0.007785     0.005635
   1995    60-64   0.005340     0.013093     0.009291
   1995    65-69   0.008424     0.019704     0.013880
   1995    70-74   0.015794     0.031747     0.022455
   1995    75-79   0.028493     0.057289     0.039619
   1995    80-84   0.054728     0.088294     0.066696
   1995    85-89   0.103319     0.155032     0.120193
   1995    90-94   0.203816     0.258805     0.219394
   1995    95-99   0.306810     0.372082     0.322654
   1995   100-104  0.583832     0.431152     0.551275
   1995   105-109  0.428571     1.714286     0.857143
   1995   110+            .            .            .
   1996     0      0.002695     0.003991     0.003358
   1996     1-4    0.000378     0.000414     0.000397
   1996     5-9    0.000128     0.000143     0.000136
   1996    10-14   0.000127     0.000155     0.000141
   1996    15-19   0.000214     0.000561     0.000394
   1996    20-24   0.000246     0.000727     0.000500
   1996    25-29   0.000292     0.000717     0.000516
   1996    30-34   0.000454     0.000806     0.000639
   1996    35-39   0.000635     0.001017     0.000833
   1996    40-44   0.001017     0.001560     0.001292
   1996    45-49   0.001556     0.002738     0.002149
   1996    50-54   0.002419     0.004535     0.003488
   1996    55-59   0.003114     0.007080     0.005163
   1996    60-64   0.005223     0.012538     0.008965
   1996    65-69   0.008493     0.019208     0.013719
   1996    70-74   0.014298     0.031184     0.021556
   1996    75-79   0.027736     0.051710     0.036929
   1996    80-84   0.050596     0.086348     0.063266
   1996    85-89   0.095931     0.139930     0.110078
   1996    90-94   0.171441     0.224637     0.186657
   1996    95-99   0.278680     0.347123     0.294664
   1996   100-104  0.462766     0.625150     0.495800
   1996   105-109  1.090909     0.000000     0.705882
   1996   110+            .            .            .
   1997     0      0.003773     0.003670     0.003720
   1997     1-4    0.000264     0.000370     0.000318
   1997     5-9    0.000153     0.000118     0.000135
   1997    10-14   0.000106     0.000171     0.000139
   1997    15-19   0.000152     0.000471     0.000318
   1997    20-24   0.000232     0.000636     0.000445
   1997    25-29   0.000338     0.000646     0.000500
   1997    30-34   0.000432     0.000774     0.000611
   1997    35-39   0.000634     0.001026     0.000838
   1997    40-44   0.000962     0.001660     0.001316
   1997    45-49   0.001607     0.002557     0.002083
   1997    50-54   0.002160     0.004446     0.003309
   1997    55-59   0.003220     0.007030     0.005178
   1997    60-64   0.004858     0.011938     0.008488
   1997    65-69   0.008479     0.019096     0.013692
   1997    70-74   0.013235     0.029630     0.020491
   1997    75-79   0.025974     0.049976     0.035153
   1997    80-84   0.050124     0.084874     0.062373
   1997    85-89   0.092712     0.141882     0.108333
   1997    90-94   0.167913     0.226889     0.184615
   1997    95-99   0.275737     0.344406     0.291413
   1997   100-104  0.435789     0.641172     0.472398
   1997   105-109  4.000000     0.000000     1.333333
   1997   110+            .            .            .
   1998     0      0.003689     0.003583     0.003635
   1998     1-4    0.000319     0.000395     0.000357
   1998     5-9    0.000067     0.000099     0.000083
   1998    10-14   0.000154     0.000092     0.000122
   1998    15-19   0.000173     0.000523     0.000355
   1998    20-24   0.000312     0.000552     0.000438
   1998    25-29   0.000360     0.000752     0.000565
   1998    30-34   0.000363     0.000777     0.000581
   1998    35-39   0.000602     0.001028     0.000824
   1998    40-44   0.000989     0.001685     0.001344
   1998    45-49   0.001457     0.002872     0.002165
   1998    50-54   0.002130     0.004700     0.003416
   1998    55-59   0.003263     0.006620     0.004978
   1998    60-64   0.004892     0.011301     0.008181
   1998    65-69   0.008343     0.019646     0.013921
   1998    70-74   0.013949     0.030629     0.021533
   1998    75-79   0.026194     0.049165     0.034986
   1998    80-84   0.049362     0.082501     0.061002
   1998    85-89   0.093439     0.141769     0.108651
   1998    90-94   0.166923     0.237317     0.186371
   1998    95-99   0.279229     0.352539     0.296073
   1998   100-104  0.408567     0.498359     0.424607
   1998   105-109  1.500000     0.000000     0.857143
   1998   110+            .            .            .
   1999     0      0.002987     0.002952     0.002969
   1999     1-4    0.000327     0.000385     0.000357
   1999     5-9    0.000075     0.000193     0.000136
   1999    10-14   0.000113     0.000178     0.000146
   1999    15-19   0.000240     0.000489     0.000370
   1999    20-24   0.000309     0.000601     0.000463
   1999    25-29   0.000325     0.000595     0.000466
   1999    30-34   0.000440     0.000830     0.000645
   1999    35-39   0.000543     0.001152     0.000861
   1999    40-44   0.000809     0.001464     0.001145
   1999    45-49   0.001396     0.003073     0.002236
   1999    50-54   0.002144     0.004491     0.003316
   1999    55-59   0.003207     0.007207     0.005236
   1999    60-64   0.004922     0.011203     0.008144
   1999    65-69   0.008338     0.019024     0.013636
   1999    70-74   0.014136     0.030298     0.021629
   1999    75-79   0.026139     0.051204     0.035825
   1999    80-84   0.048849     0.086257     0.061904
   1999    85-89   0.094395     0.143939     0.109856
   1999    90-94   0.168093     0.238839     0.187309
   1999    95-99   0.288496     0.348679     0.302158
   1999   100-104  0.403489     0.659047     0.449305
   1999   105-109  0.000000     3.000000     0.206897
   1999   110+            .            .            .
   2000     0      0.002929     0.003621     0.003284
   2000     1-4    0.000254     0.000333     0.000294
   2000     5-9    0.000098     0.000122     0.000110
   2000    10-14   0.000048     0.000164     0.000108
   2000    15-19   0.000158     0.000471     0.000321
   2000    20-24   0.000353     0.000666     0.000518
   2000    25-29   0.000356     0.000654     0.000512
   2000    30-34   0.000337     0.000975     0.000672
   2000    35-39   0.000642     0.001220     0.000943
   2000    40-44   0.000939     0.001578     0.001268
   2000    45-49   0.001435     0.002844     0.002143
   2000    50-54   0.002009     0.004412     0.003207
   2000    55-59   0.003082     0.007236     0.005175
   2000    60-64   0.004448     0.010535     0.007563
   2000    65-69   0.007457     0.017685     0.012555
   2000    70-74   0.013055     0.028305     0.020211
   2000    75-79   0.024241     0.045392     0.032616
   2000    80-84   0.044135     0.081619     0.057075
   2000    85-89   0.084470     0.130354     0.098716
   2000    90-94   0.150410     0.211702     0.166764
   2000    95-99   0.252627     0.331795     0.270153
   2000   100-104  0.413238     0.404572     0.411715
   2000   105-109  0.612245     1.500000     0.679245
   2000   110+            .            .            .
   2001     0      0.002794     0.003120     0.002961
   2001     1-4    0.000319     0.000279     0.000299
   2001     5-9    0.000045     0.000079     0.000062
   2001    10-14   0.000128     0.000101     0.000114
   2001    15-19   0.000204     0.000447     0.000330
   2001    20-24   0.000205     0.000641     0.000435
   2001    25-29   0.000384     0.000648     0.000522
   2001    30-34   0.000429     0.000750     0.000597
   2001    35-39   0.000593     0.000965     0.000788
   2001    40-44   0.000963     0.001705     0.001345
   2001    45-49   0.001647     0.002742     0.002198
   2001    50-54   0.002019     0.004395     0.003203
   2001    55-59   0.003021     0.006924     0.004976
   2001    60-64   0.004358     0.009975     0.007223
   2001    65-69   0.007127     0.016570     0.011859
   2001    70-74   0.012446     0.028169     0.019877
   2001    75-79   0.022903     0.044726     0.031827
   2001    80-84   0.042996     0.075567     0.054138
   2001    85-89   0.081918     0.128852     0.096437
   2001    90-94   0.145820     0.202737     0.160794
   2001    95-99   0.257201     0.337256     0.274813
   2001   100-104  0.356423     0.477697     0.377282
   2001   105-109  0.506024     0.750000     0.527473
   2001   110+            .            .            .
   2002     0      0.002372     0.003224     0.002809
   2002     1-4    0.000348     0.000295     0.000321
   2002     5-9    0.000090     0.000079     0.000084
   2002    10-14   0.000087     0.000090     0.000089
   2002    15-19   0.000197     0.000384     0.000294
   2002    20-24   0.000326     0.000674     0.000509
   2002    25-29   0.000330     0.000716     0.000531
   2002    30-34   0.000434     0.000788     0.000618
   2002    35-39   0.000606     0.001143     0.000887
   2002    40-44   0.001007     0.001862     0.001448
   2002    45-49   0.001351     0.002616     0.001990
   2002    50-54   0.002256     0.004201     0.003225
   2002    55-59   0.002952     0.006587     0.004765
   2002    60-64   0.004480     0.010024     0.007297
   2002    65-69   0.007193     0.016373     0.011810
   2002    70-74   0.011703     0.028456     0.019656
   2002    75-79   0.022736     0.045170     0.032179
   2002    80-84   0.042392     0.080996     0.055512
   2002    85-89   0.080666     0.127263     0.095008
   2002    90-94   0.152521     0.204645     0.166134
   2002    95-99   0.255752     0.298293     0.264996
   2002   100-104  0.373575     0.447043     0.385917
   2002   105-109  0.818182     0.315789     0.728972
   2002   110+            .            .            .
   2003     0      0.002879     0.002891     0.002885
   2003     1-4    0.000253     0.000295     0.000274
   2003     5-9    0.000097     0.000135     0.000116
   2003    10-14   0.000074     0.000106     0.000090
   2003    15-19   0.000222     0.000429     0.000329
   2003    20-24   0.000236     0.000602     0.000428
   2003    25-29   0.000381     0.000678     0.000535
   2003    30-34   0.000419     0.000715     0.000573
   2003    35-39   0.000616     0.001153     0.000897
   2003    40-44   0.000915     0.001834     0.001391
   2003    45-49   0.001230     0.002663     0.001958
   2003    50-54   0.001930     0.004259     0.003090
   2003    55-59   0.002836     0.007218     0.005014
   2003    60-64   0.004283     0.009683     0.007011
   2003    65-69   0.006477     0.016284     0.011421
   2003    70-74   0.012147     0.026718     0.019100
   2003    75-79   0.022494     0.044760     0.032104
   2003    80-84   0.039684     0.076322     0.052101
   2003    85-89   0.078240     0.128419     0.093560
   2003    90-94   0.142648     0.214566     0.161290
   2003    95-99   0.245789     0.306549     0.258875
   2003   100-104  0.389107     0.543459     0.414676
   2003   105-109  0.589286     0.272727     0.537313
   2003   110+            .            .            .
   2004     0      0.002612     0.002827     0.002722
   2004     1-4    0.000217     0.000224     0.000220
   2004     5-9    0.000126     0.000134     0.000130
   2004    10-14   0.000045     0.000157     0.000102
   2004    15-19   0.000209     0.000273     0.000242
   2004    20-24   0.000236     0.000612     0.000433
   2004    25-29   0.000308     0.000681     0.000502
   2004    30-34   0.000354     0.000817     0.000594
   2004    35-39   0.000765     0.001218     0.001002
   2004    40-44   0.000902     0.001707     0.001319
   2004    45-49   0.001191     0.002579     0.001899
   2004    50-54   0.002158     0.004433     0.003293
   2004    55-59   0.002983     0.006665     0.004809
   2004    60-64   0.004129     0.009870     0.007013
   2004    65-69   0.006899     0.015244     0.011107
   2004    70-74   0.011241     0.026416     0.018527
   2004    75-79   0.020552     0.044272     0.030968
   2004    80-84   0.039793     0.075335     0.051967
   2004    85-89   0.075892     0.128892     0.091907
   2004    90-94   0.142054     0.203405     0.157818
   2004    95-99   0.236307     0.287446     0.247304
   2004   100-104  0.354209     0.420952     0.364960
   2004   105-109  0.627451     0.800000     0.642857
   2004   110+            .            .            .
   2005     0      0.002890     0.002880     0.002885
   2005     1-4    0.000276     0.000263     0.000269
   2005     5-9    0.000037     0.000071     0.000054
   2005    10-14   0.000052     0.000128     0.000091
   2005    15-19   0.000196     0.000404     0.000304
   2005    20-24   0.000252     0.000717     0.000496
   2005    25-29   0.000255     0.000726     0.000500
   2005    30-34   0.000475     0.000757     0.000621
   2005    35-39   0.000644     0.000983     0.000821
   2005    40-44   0.000894     0.001603     0.001262
   2005    45-49   0.001288     0.002726     0.002023
   2005    50-54   0.002234     0.004207     0.003221
   2005    55-59   0.003010     0.006247     0.004615
   2005    60-64   0.004273     0.010048     0.007156
   2005    65-69   0.006412     0.014812     0.010642
   2005    70-74   0.011851     0.026176     0.018777
   2005    75-79   0.020760     0.045558     0.031750
   2005    80-84   0.039280     0.077918     0.052847
   2005    85-89   0.078837     0.131849     0.094633
   2005    90-94   0.146310     0.207607     0.162004
   2005    95-99   0.242508     0.325258     0.260001
   2005   100-104  0.397048     0.505216     0.413689
   2005   105-109  0.596491     0.800000     0.612903
   2005   110+            .            .            .
   2006     0      0.002402     0.002990     0.002703
   2006     1-4    0.000204     0.000277     0.000241
   2006     5-9    0.000133     0.000092     0.000112
   2006    10-14   0.000097     0.000127     0.000112
   2006    15-19   0.000196     0.000327     0.000264
   2006    20-24   0.000297     0.000490     0.000398
   2006    25-29   0.000382     0.000636     0.000514
   2006    30-34   0.000466     0.000846     0.000663
   2006    35-39   0.000591     0.001041     0.000825
   2006    40-44   0.001010     0.001665     0.001351
   2006    45-49   0.001364     0.002817     0.002109
   2006    50-54   0.002000     0.003964     0.002985
   2006    55-59   0.002765     0.006527     0.004631
   2006    60-64   0.004105     0.009934     0.006998
   2006    65-69   0.006622     0.014564     0.010611
   2006    70-74   0.010703     0.024394     0.017364
   2006    75-79   0.020589     0.042717     0.030466
   2006    80-84   0.038976     0.074676     0.051919
   2006    85-89   0.078139     0.125686     0.092126
   2006    90-94   0.145686     0.208854     0.161752
   2006    95-99   0.231155     0.316365     0.248599
   2006   100-104  0.384352     0.361356     0.380631
   2006   105-109  0.338462     0.782609     0.385321
   2006   110+     0.857143            .     0.857143
   2007     0      0.002108     0.003102     0.002618
   2007     1-4    0.000237     0.000292     0.000265
   2007     5-9    0.000067     0.000071     0.000069
   2007    10-14   0.000052     0.000134     0.000094
   2007    15-19   0.000100     0.000413     0.000262
   2007    20-24   0.000284     0.000576     0.000437
   2007    25-29   0.000202     0.000664     0.000442
   2007    30-34   0.000422     0.000741     0.000587
   2007    35-39   0.000597     0.001141     0.000880
   2007    40-44   0.000805     0.001562     0.001200
   2007    45-49   0.001340     0.002438     0.001905
   2007    50-54   0.001753     0.003640     0.002703
   2007    55-59   0.002763     0.006345     0.004539
   2007    60-64   0.003843     0.009350     0.006564
   2007    65-69   0.006077     0.014645     0.010363
   2007    70-74   0.010210     0.023809     0.016854
   2007    75-79   0.019006     0.041256     0.029005
   2007    80-84   0.038145     0.073440     0.051339
   2007    85-89   0.074547     0.124656     0.089195
   2007    90-94   0.141200     0.211775     0.158948
   2007    95-99   0.244704     0.330124     0.261767
   2007   100-104  0.424683     0.465835     0.431734
   2007   105-109  0.452381     0.620690     0.469751
   2007   110+     0.600000            .     0.600000
   2008     0      0.002496     0.002635     0.002568
   2008     1-4    0.000208     0.000322     0.000267
   2008     5-9    0.000067     0.000107     0.000087
   2008    10-14   0.000059     0.000148     0.000104
   2008    15-19   0.000160     0.000330     0.000248
   2008    20-24   0.000280     0.000573     0.000433
   2008    25-29   0.000318     0.000655     0.000492
   2008    30-34   0.000494     0.000758     0.000631
   2008    35-39   0.000576     0.000958     0.000774
   2008    40-44   0.000893     0.001547     0.001234
   2008    45-49   0.001321     0.002387     0.001872
   2008    50-54   0.001837     0.003817     0.002838
   2008    55-59   0.002901     0.006089     0.004482
   2008    60-64   0.003936     0.009579     0.006714
   2008    65-69   0.005663     0.013979     0.009800
   2008    70-74   0.010198     0.022574     0.016262
   2008    75-79   0.019411     0.040913     0.029141
   2008    80-84   0.037134     0.072855     0.050851
   2008    85-89   0.074200     0.123614     0.088635
   2008    90-94   0.145094     0.208796     0.160852
   2008    95-99   0.257200     0.330623     0.271658
   2008   100-104  0.371261     0.454179     0.384889
   2008   105-109  0.410423     0.769231     0.450867
   2008   110+     0.600000            .     0.600000
   2009     0      0.002352     0.002937     0.002653
   2009     1-4    0.000179     0.000152     0.000165
   2009     5-9    0.000091     0.000086     0.000088
   2009    10-14   0.000059     0.000105     0.000083
   2009    15-19   0.000184     0.000311     0.000250
   2009    20-24   0.000243     0.000598     0.000428
   2009    25-29   0.000273     0.000562     0.000422
   2009    30-34   0.000348     0.000707     0.000533
   2009    35-39   0.000508     0.001007     0.000766
   2009    40-44   0.000891     0.001467     0.001191
   2009    45-49   0.001303     0.002424     0.001884
   2009    50-54   0.001847     0.003902     0.002890
   2009    55-59   0.002600     0.006273     0.004425
   2009    60-64   0.003665     0.009056     0.006314
   2009    65-69   0.005642     0.013766     0.009659
   2009    70-74   0.009588     0.022445     0.015894
   2009    75-79   0.018351     0.039705     0.028085
   2009    80-84   0.035927     0.072480     0.050224
   2009    85-89   0.072478     0.122183     0.087179
   2009    90-94   0.138066     0.213050     0.156382
   2009    95-99   0.236399     0.298482     0.248607
   2009   100-104  0.379696     0.404560     0.383813
   2009   105-109  0.437802     0.486486     0.442228
   2009   110+     1.714286            .     1.714286
   2010     0      0.001788     0.002800     0.002309
   2010     1-4    0.000230     0.000238     0.000234
   2010     5-9    0.000069     0.000065     0.000067
   2010    10-14   0.000059     0.000085     0.000072
   2010    15-19   0.000161     0.000312     0.000240
   2010    20-24   0.000212     0.000632     0.000431
   2010    25-29   0.000305     0.000612     0.000463
   2010    30-34   0.000373     0.000798     0.000592
   2010    35-39   0.000539     0.001101     0.000830
   2010    40-44   0.000925     0.001539     0.001246
   2010    45-49   0.001341     0.002335     0.001857
   2010    50-54   0.001824     0.003609     0.002733
   2010    55-59   0.002895     0.005935     0.004409
   2010    60-64   0.003756     0.008687     0.006179
   2010    65-69   0.005805     0.013875     0.009771
   2010    70-74   0.010236     0.021585     0.015800
   2010    75-79   0.019006     0.038688     0.028061
   2010    80-84   0.035288     0.070737     0.049299
   2010    85-89   0.072604     0.123260     0.088023
   2010    90-94   0.140919     0.218199     0.159452
   2010    95-99   0.243006     0.357326     0.265031
   2010   100-104  0.380023     0.512834     0.400461
   2010   105-109  0.580472     1.351162     0.650058
   2010   110+     0.461538            .     0.461538
   2011     0      0.002414     0.002255     0.002332
   2011     1-4    0.000162     0.000248     0.000206
   2011     5-9    0.000070     0.000096     0.000083
   2011    10-14   0.000104     0.000078     0.000091
   2011    15-19   0.000140     0.000335     0.000241
   2011    20-24   0.000225     0.000691     0.000469
   2011    25-29   0.000388     0.000520     0.000456
   2011    30-34   0.000393     0.000765     0.000585
   2011    35-39   0.000656     0.000987     0.000828
   2011    40-44   0.000892     0.001403     0.001158
   2011    45-49   0.001379     0.002263     0.001839
   2011    50-54   0.002099     0.003740     0.002938
   2011    55-59   0.002798     0.005862     0.004328
   2011    60-64   0.003816     0.008759     0.006247
   2011    65-69   0.005574     0.013859     0.009625
   2011    70-74   0.009414     0.021188     0.015179
   2011    75-79   0.018248     0.037584     0.027222
   2011    80-84   0.035756     0.069349     0.049175
   2011    85-89   0.073068     0.125886     0.089701
   2011    90-94   0.143200     0.222034     0.161721
   2011    95-99   0.249001     0.307248     0.260015
   2011   100-104  0.391233     0.398647     0.392283
   2011   105-109  0.717154     0.328767     0.651689
   2011   110+     1.125000            .     1.125000
   2012     0      0.002927     0.002576     0.002747
   2012     1-4    0.000203     0.000154     0.000178
   2012     5-9    0.000070     0.000089     0.000080
   2012    10-14   0.000074     0.000077     0.000076
   2012    15-19   0.000175     0.000361     0.000271
   2012    20-24   0.000153     0.000510     0.000340
   2012    25-29   0.000247     0.000630     0.000445
   2012    30-34   0.000369     0.000676     0.000527
   2012    35-39   0.000535     0.000858     0.000702
   2012    40-44   0.000847     0.001492     0.001183
   2012    45-49   0.001172     0.002304     0.001762
   2012    50-54   0.002059     0.003425     0.002760
   2012    55-59   0.002466     0.005414     0.003942
   2012    60-64   0.003653     0.009050     0.006308
   2012    65-69   0.005684     0.013822     0.009647
   2012    70-74   0.009557     0.021294     0.015289
   2012    75-79   0.017734     0.036850     0.026670
   2012    80-84   0.035896     0.070270     0.049777
   2012    85-89   0.071996     0.122493     0.088441
   2012    90-94   0.140720     0.212665     0.157389
   2012    95-99   0.250940     0.341114     0.267714
   2012   100-104  0.391731     0.493738     0.406024
   2012   105-109  0.462585     0.759494     0.507692
   2012   110+     0.600000            .     0.600000
   2013     0      0.002007     0.002546     0.002284
   2013     1-4    0.000093     0.000146     0.000120
   2013     5-9    0.000118     0.000113     0.000116
   2013    10-14   0.000059     0.000126     0.000094
   2013    15-19   0.000115     0.000350     0.000237
   2013    20-24   0.000170     0.000528     0.000357
   2013    25-29   0.000317     0.000514     0.000419
   2013    30-34   0.000380     0.000546     0.000466
   2013    35-39   0.000509     0.000943     0.000733
   2013    40-44   0.000839     0.001514     0.001190
   2013    45-49   0.001213     0.002096     0.001673
   2013    50-54   0.001823     0.003632     0.002754
   2013    55-59   0.002471     0.005530     0.004010
   2013    60-64   0.003749     0.008928     0.006299
   2013    65-69   0.005417     0.013051     0.009127
   2013    70-74   0.008990     0.020566     0.014618
   2013    75-79   0.016900     0.035666     0.025720
   2013    80-84   0.034904     0.067936     0.048424
   2013    85-89   0.070535     0.117247     0.086210
   2013    90-94   0.137421     0.201218     0.152259
   2013    95-99   0.251065     0.308810     0.261657
   2013   100-104  0.392436     0.452676     0.401044
   2013   105-109  0.435484     0.607595     0.454936
   2013   110+     3.000000            .     3.000000
   2014     0      0.002194     0.002246     0.002221
   2014     1-4    0.000168     0.000229     0.000199
   2014     5-9    0.000088     0.000099     0.000093
   2014    10-14   0.000022     0.000120     0.000073
   2014    15-19   0.000144     0.000274     0.000211
   2014    20-24   0.000193     0.000521     0.000364
   2014    25-29   0.000321     0.000597     0.000463
   2014    30-34   0.000418     0.000729     0.000578
   2014    35-39   0.000586     0.000853     0.000724
   2014    40-44   0.000914     0.001427     0.001180
   2014    45-49   0.001176     0.001977     0.001594
   2014    50-54   0.001923     0.003387     0.002679
   2014    55-59   0.002578     0.005329     0.003968
   2014    60-64   0.004051     0.007984     0.005991
   2014    65-69   0.005409     0.013054     0.009122
   2014    70-74   0.008535     0.020145     0.014148
   2014    75-79   0.016527     0.034495     0.024996
   2014    80-84   0.033752     0.061257     0.045211
   2014    85-89   0.067468     0.114473     0.083574
   2014    90-94   0.137437     0.199251     0.152124
   2014    95-99   0.245023     0.303807     0.255805
   2014   100-104  0.387001     0.405770     0.389791
   2014   105-109  0.481752     0.252632     0.453846
   2014   110+     0.600000            .     0.600000
   2015     0      0.002479     0.001969     0.002217
   2015     1-4    0.000324     0.000255     0.000289
   2015     5-9    0.000048     0.000061     0.000055
   2015    10-14   0.000060     0.000129     0.000096
   2015    15-19   0.000144     0.000255     0.000202
   2015    20-24   0.000291     0.000582     0.000442
   2015    25-29   0.000245     0.000375     0.000312
   2015    30-34   0.000323     0.000720     0.000527
   2015    35-39   0.000579     0.000792     0.000689
   2015    40-44   0.000770     0.001275     0.001032
   2015    45-49   0.001136     0.002011     0.001592
   2015    50-54   0.001695     0.003348     0.002550
   2015    55-59   0.002408     0.005430     0.003940
   2015    60-64   0.003779     0.008228     0.005980
   2015    65-69   0.005412     0.013281     0.009238
   2015    70-74   0.008810     0.020518     0.014439
   2015    75-79   0.015947     0.033269     0.024117
   2015    80-84   0.033153     0.063744     0.046126
   2015    85-89   0.069011     0.114931     0.084982
   2015    90-94   0.136251     0.201857     0.152425
   2015    95-99   0.243061     0.304034     0.254104
   2015   100-104  0.377356     0.459436     0.389988
   2015   105-109  0.535088     0.764706     0.564885
   2015   110+     1.142857     6.000000     1.363636
   2016     0      0.002317     0.001949     0.002129
   2016     1-4    0.000132     0.000303     0.000220
   2016     5-9    0.000065     0.000115     0.000090
   2016    10-14   0.000069     0.000102     0.000086
   2016    15-19   0.000079     0.000242     0.000163
   2016    20-24   0.000239     0.000603     0.000428
   2016    25-29   0.000237     0.000515     0.000381
   2016    30-34   0.000258     0.000640     0.000455
   2016    35-39   0.000432     0.000770     0.000607
   2016    40-44   0.000761     0.001197     0.000987
   2016    45-49   0.001239     0.002013     0.001643
   2016    50-54   0.001737     0.003235     0.002513
   2016    55-59   0.002259     0.005185     0.003748
   2016    60-64   0.003544     0.008294     0.005899
   2016    65-69   0.005004     0.013063     0.008921
   2016    70-74   0.008597     0.020179     0.014131
   2016    75-79   0.014893     0.032941     0.023396
   2016    80-84   0.031713     0.059997     0.043889
   2016    85-89   0.064257     0.112512     0.081284
   2016    90-94   0.130294     0.193246     0.146534
   2016    95-99   0.243821     0.317958     0.257012
   2016   100-104  0.409384     0.493482     0.421695
   2016   105-109  0.539076     0.857143     0.575612
   2016   110+     0.545455     6.000000     0.705882
   2017     0      0.002300     0.001750     0.002018
   2017     1-4    0.000155     0.000252     0.000205
   2017     5-9    0.000057     0.000100     0.000079
   2017    10-14   0.000085     0.000111     0.000098
   2017    15-19   0.000128     0.000282     0.000207
   2017    20-24   0.000207     0.000490     0.000354
   2017    25-29   0.000267     0.000418     0.000345
   2017    30-34   0.000335     0.000635     0.000489
   2017    35-39   0.000432     0.000774     0.000608
   2017    40-44   0.000699     0.001075     0.000894
   2017    45-49   0.001149     0.002002     0.001594
   2017    50-54   0.001933     0.003190     0.002586
   2017    55-59   0.002437     0.005128     0.003813
   2017    60-64   0.003674     0.008285     0.005968
   2017    65-69   0.005283     0.012981     0.009021
   2017    70-74   0.008277     0.020863     0.014260
   2017    75-79   0.015382     0.033502     0.023886
   2017    80-84   0.031671     0.059445     0.043761
   2017    85-89   0.065500     0.110598     0.081632
   2017    90-94   0.132125     0.195502     0.149165
   2017    95-99   0.239249     0.331787     0.255442
   2017   100-104  0.421494     0.524649     0.436139
   2017   105-109  0.673356     0.613636     0.667073
   2017   110+     0.909091            .     0.909091
   2018     0      0.002303     0.001830     0.002060
   2018     1-4    0.000089     0.000169     0.000130
   2018     5-9    0.000033     0.000093     0.000064
   2018    10-14   0.000094     0.000134     0.000114
   2018    15-19   0.000150     0.000282     0.000218
   2018    20-24   0.000271     0.000456     0.000366
   2018    25-29   0.000228     0.000583     0.000411
   2018    30-34   0.000283     0.000571     0.000431
   2018    35-39   0.000518     0.000716     0.000620
   2018    40-44   0.000639     0.001179     0.000919
   2018    45-49   0.001362     0.001856     0.001619
   2018    50-54   0.001541     0.003121     0.002363
   2018    55-59   0.002433     0.005006     0.003754
   2018    60-64   0.003329     0.007782     0.005555
   2018    65-69   0.005162     0.013040     0.008988
   2018    70-74   0.008341     0.020016     0.013874
   2018    75-79   0.014634     0.031761     0.022624
   2018    80-84   0.030378     0.057778     0.042374
   2018    85-89   0.064425     0.108996     0.080651
   2018    90-94   0.129006     0.189985     0.145988
   2018    95-99   0.237765     0.314642     0.251182
   2018   100-104  0.391945     0.432745     0.397498
   2018   105-109  0.568053     0.821053     0.596499
   2018   110+     0.827586            .     0.827586
   2019     0      0.001611     0.002332     0.001980
   2019     1-4    0.000124     0.000225     0.000175
   2019     5-9    0.000133     0.000095     0.000113
   2019    10-14   0.000078     0.000104     0.000092
   2019    15-19   0.000144     0.000278     0.000213
   2019    20-24   0.000227     0.000472     0.000352
   2019    25-29   0.000248     0.000410     0.000332
   2019    30-34   0.000351     0.000578     0.000469
   2019    35-39   0.000423     0.000845     0.000641
   2019    40-44   0.000754     0.001142     0.000955
   2019    45-49   0.001119     0.001904     0.001527
   2019    50-54   0.001695     0.003039     0.002395
   2019    55-59   0.002592     0.004985     0.003825
   2019    60-64   0.003592     0.008426     0.006021
   2019    65-69   0.005244     0.012553     0.008800
   2019    70-74   0.008118     0.019804     0.013650
   2019    75-79   0.015192     0.033468     0.023654
   2019    80-84   0.029943     0.058111     0.042293
   2019    85-89   0.064455     0.108703     0.080858
   2019    90-94   0.129346     0.188775     0.146254
   2019    95-99   0.237392     0.298303     0.248385
   2019   100-104  0.397982     0.490869     0.410462
   2019   105-109  0.655638     0.757895     0.666766
   2019   110+     0.529412            .     0.529412
   2020     0      0.002142     0.002059     0.002099
   2020     1-4    0.000115     0.000154     0.000135
   2020     5-9    0.000025     0.000056     0.000041
   2020    10-14   0.000047     0.000104     0.000077
   2020    15-19   0.000183     0.000228     0.000206
   2020    20-24   0.000272     0.000355     0.000315
   2020    25-29   0.000225     0.000504     0.000368
   2020    30-34   0.000284     0.000593     0.000443
   2020    35-39   0.000470     0.000736     0.000607
   2020    40-44   0.000673     0.001230     0.000962
   2020    45-49   0.001126     0.001905     0.001531
   2020    50-54   0.001760     0.003046     0.002430
   2020    55-59   0.002305     0.005120     0.003759
   2020    60-64   0.003335     0.007694     0.005534
   2020    65-69   0.005348     0.013019     0.009091
   2020    70-74   0.008174     0.019390     0.013487
   2020    75-79   0.014444     0.033382     0.023137
   2020    80-84   0.029316     0.056306     0.041155
   2020    85-89   0.060271     0.104025     0.076763
   2020    90-94   0.120945     0.179806     0.137971
   2020    95-99   0.231075     0.290751     0.242460
   2020   100-104  0.374041     0.502733     0.390576
   2020   105-109  0.535036     0.676230     0.549895
   2020   110+     0.545455            .     0.545455
   2021     0      0.001862     0.002254     0.002062
   2021     1-4    0.000096     0.000149     0.000123
   2021     5-9    0.000034     0.000097     0.000066
   2021    10-14   0.000079     0.000075     0.000077
   2021    15-19   0.000232     0.000235     0.000234
   2021    20-24   0.000179     0.000487     0.000337
   2021    25-29   0.000270     0.000483     0.000379
   2021    30-34   0.000323     0.000564     0.000447
   2021    35-39   0.000489     0.000745     0.000622
   2021    40-44   0.000700     0.000999     0.000855
   2021    45-49   0.001099     0.001837     0.001482
   2021    50-54   0.001777     0.003037     0.002433
   2021    55-59   0.002417     0.005099     0.003804
   2021    60-64   0.003254     0.007922     0.005619
   2021    65-69   0.005051     0.012678     0.008782
   2021    70-74   0.008525     0.020616     0.014255
   2021    75-79   0.014581     0.033342     0.023132
   2021    80-84   0.028849     0.056448     0.040970
   2021    85-89   0.061321     0.102637     0.077154
   2021    90-94   0.128179     0.190431     0.146493
   2021    95-99   0.233472     0.300457     0.247022
   2021   100-104  0.374143     0.459842     0.384985
   2021   105-109  0.519813     0.691534     0.534562
   2021   110+     0.810811            .     0.810811
   2022     0      0.001627     0.002016     0.001826
   2022     1-4    0.000174     0.000250     0.000213
   2022     5-9    0.000035     0.000041     0.000038
   2022    10-14   0.000112     0.000136     0.000124
   2022    15-19   0.000184     0.000364     0.000276
   2022    20-24   0.000223     0.000474     0.000351
   2022    25-29   0.000312     0.000499     0.000407
   2022    30-34   0.000403     0.000587     0.000498
   2022    35-39   0.000459     0.000745     0.000607
   2022    40-44   0.000717     0.001157     0.000945
   2022    45-49   0.001071     0.001766     0.001432
   2022    50-54   0.001779     0.003165     0.002500
   2022    55-59   0.002643     0.005188     0.003960
   2022    60-64   0.003588     0.008280     0.005974
   2022    65-69   0.005542     0.013170     0.009286
   2022    70-74   0.009238     0.021657     0.015120
   2022    75-79   0.015590     0.035245     0.024521
   2022    80-84   0.030965     0.060916     0.044101
   2022    85-89   0.068160     0.112689     0.085465
   2022    90-94   0.135016     0.202533     0.155203
   2022    95-99   0.247227     0.327927     0.264242
   2022   100-104  0.425414     0.534059     0.439110
   2022   105-109  0.657722     0.644699     0.656744
   2022   110+     0.766284            .     0.766284
