07.Fukushima.ken, Death Rates (period 5x1)     Last modified:2023-12-05, ver.004_004 JMD(IPSS)

   Year      Age       Female       Male         Total
   1947     0      0.089237     0.103243     0.096411
   1947     1-4    0.016933     0.016830     0.016881
   1947     5-9    0.003570     0.003681     0.003626
   1947    10-14   0.002349     0.002144     0.002246
   1947    15-19   0.004731     0.004575     0.004655
   1947    20-24   0.006934     0.008479     0.007660
   1947    25-29   0.007651     0.009076     0.008298
   1947    30-34   0.007190     0.007975     0.007551
   1947    35-39   0.007765     0.007302     0.007545
   1947    40-44   0.008234     0.008884     0.008555
   1947    45-49   0.008811     0.011973     0.010397
   1947    50-54   0.012972     0.016367     0.014666
   1947    55-59   0.017678     0.026019     0.021764
   1947    60-64   0.030466     0.041443     0.035563
   1947    65-69   0.044226     0.066115     0.053921
   1947    70-74   0.071813     0.098160     0.082859
   1947    75-79   0.116861     0.133399     0.123210
   1947    80-84   0.171667     0.223566     0.189707
   1947    85-89   0.272028     0.321842     0.288187
   1947    90-94   0.364978     0.469928     0.394781
   1947    95-99   0.643690     0.876843     0.760812
   1947   100-104  1.276596     4.500000     1.988950
   1947   105-109  0.000000            .     0.000000
   1947   110+     0.000000            .     0.000000
   1948     0      0.065350     0.073205     0.069353
   1948     1-4    0.010748     0.011167     0.010961
   1948     5-9    0.002197     0.002449     0.002324
   1948    10-14   0.001702     0.001662     0.001682
   1948    15-19   0.003757     0.003702     0.003730
   1948    20-24   0.006938     0.006704     0.006827
   1948    25-29   0.006536     0.007423     0.006937
   1948    30-34   0.005880     0.007446     0.006599
   1948    35-39   0.006926     0.006838     0.006885
   1948    40-44   0.006956     0.008011     0.007473
   1948    45-49   0.008460     0.009668     0.009064
   1948    50-54   0.011555     0.015384     0.013461
   1948    55-59   0.016414     0.021759     0.019045
   1948    60-64   0.024484     0.035808     0.029781
   1948    65-69   0.038098     0.053523     0.044928
   1948    70-74   0.061238     0.083592     0.070614
   1948    75-79   0.090340     0.115597     0.100073
   1948    80-84   0.150600     0.173604     0.158657
   1948    85-89   0.218667     0.304638     0.245485
   1948    90-94   0.388922     0.396196     0.391017
   1948    95-99   0.280354     0.992282     0.491892
   1948   100-104  0.000000     0.000000     0.000000
   1948   105-109  0.000000            .     0.000000
   1948   110+     0.000000            .     0.000000
   1949     0      0.061720     0.074893     0.068415
   1949     1-4    0.012623     0.013233     0.012933
   1949     5-9    0.002351     0.002582     0.002468
   1949    10-14   0.001491     0.001472     0.001481
   1949    15-19   0.002960     0.002726     0.002843
   1949    20-24   0.005979     0.006212     0.006091
   1949    25-29   0.006072     0.006668     0.006342
   1949    30-34   0.005187     0.006120     0.005614
   1949    35-39   0.005978     0.006215     0.006089
   1949    40-44   0.007275     0.007591     0.007429
   1949    45-49   0.007474     0.008927     0.008199
   1949    50-54   0.011894     0.013768     0.012826
   1949    55-59   0.014857     0.020219     0.017507
   1949    60-64   0.021633     0.033982     0.027463
   1949    65-69   0.037054     0.056866     0.045813
   1949    70-74   0.060522     0.074848     0.066559
   1949    75-79   0.089469     0.114994     0.099400
   1949    80-84   0.140498     0.174896     0.152569
   1949    85-89   0.225907     0.250277     0.233460
   1949    90-94   0.392209     0.278765     0.357386
   1949    95-99   0.283253     0.410397     0.301963
   1949   100-104  0.000000     0.857143     0.481541
   1949   105-109  0.000000            .     0.000000
   1949   110+     0.000000            .     0.000000
   1950     0      0.062628     0.067383     0.065052
   1950     1-4    0.012340     0.011396     0.011860
   1950     5-9    0.002370     0.002456     0.002413
   1950    10-14   0.001243     0.001312     0.001278
   1950    15-19   0.002552     0.002703     0.002628
   1950    20-24   0.004491     0.005214     0.004840
   1950    25-29   0.005032     0.005824     0.005393
   1950    30-34   0.005296     0.005144     0.005227
   1950    35-39   0.005717     0.005256     0.005503
   1950    40-44   0.006225     0.007250     0.006722
   1950    45-49   0.007497     0.009357     0.008420
   1950    50-54   0.011430     0.013459     0.012440
   1950    55-59   0.016136     0.022146     0.019108
   1950    60-64   0.023979     0.033955     0.028718
   1950    65-69   0.037881     0.054075     0.045050
   1950    70-74   0.062256     0.083174     0.071062
   1950    75-79   0.095884     0.123783     0.106840
   1950    80-84   0.169760     0.191626     0.177454
   1950    85-89   0.208944     0.284638     0.232065
   1950    90-94   0.376208     0.465454     0.403128
   1950    95-99   0.332263     0.000000     0.276957
   1950   100-104  0.000000     1.500000     0.455235
   1950   105-109  0.000000            .     0.000000
   1950   110+     0.000000            .     0.000000
   1951     0      0.059161     0.068886     0.064119
   1951     1-4    0.010832     0.010931     0.010882
   1951     5-9    0.001801     0.002019     0.001912
   1951    10-14   0.001145     0.001083     0.001113
   1951    15-19   0.001985     0.001909     0.001947
   1951    20-24   0.003466     0.003601     0.003532
   1951    25-29   0.003929     0.004207     0.004057
   1951    30-34   0.003859     0.004275     0.004048
   1951    35-39   0.004472     0.005398     0.004899
   1951    40-44   0.005417     0.006178     0.005783
   1951    45-49   0.007415     0.008097     0.007753
   1951    50-54   0.010936     0.013528     0.012229
   1951    55-59   0.014757     0.020269     0.017481
   1951    60-64   0.022672     0.030013     0.026181
   1951    65-69   0.039025     0.056050     0.046604
   1951    70-74   0.063695     0.085992     0.073045
   1951    75-79   0.096630     0.125728     0.108032
   1951    80-84   0.154789     0.196828     0.169628
   1951    85-89   0.225168     0.259779     0.235715
   1951    90-94   0.317457     0.608997     0.392660
   1951    95-99   0.534178     0.189934     0.444719
   1951   100-104  1.253731            .     1.253731
   1951   105-109  1.411765            .     1.411765
   1951   110+     1.000000            .     1.000000
   1952     0      0.049799     0.058139     0.054033
   1952     1-4    0.008696     0.008114     0.008400
   1952     5-9    0.001756     0.001794     0.001776
   1952    10-14   0.000917     0.001028     0.000973
   1952    15-19   0.001505     0.001602     0.001553
   1952    20-24   0.002425     0.002944     0.002678
   1952    25-29   0.003476     0.003886     0.003669
   1952    30-34   0.003840     0.003268     0.003581
   1952    35-39   0.003764     0.004413     0.004062
   1952    40-44   0.005086     0.005680     0.005368
   1952    45-49   0.006508     0.008065     0.007276
   1952    50-54   0.009573     0.012280     0.010926
   1952    55-59   0.013425     0.018734     0.016047
   1952    60-64   0.021823     0.031084     0.026282
   1952    65-69   0.033790     0.051584     0.041759
   1952    70-74   0.057236     0.079242     0.066455
   1952    75-79   0.092464     0.113918     0.100852
   1952    80-84   0.145519     0.167840     0.153425
   1952    85-89   0.228074     0.243495     0.232862
   1952    90-94   0.320059     0.377607     0.333702
   1952    95-99   0.471554     0.457653     0.467301
   1952   100-104  1.552326            .     1.552326
   1952   105-109  1.125000            .     1.125000
   1952   110+     3.000000            .     3.000000
   1953     0      0.053789     0.061861     0.057900
   1953     1-4    0.007338     0.006929     0.007130
   1953     5-9    0.001439     0.001853     0.001649
   1953    10-14   0.000702     0.000638     0.000670
   1953    15-19   0.001167     0.001429     0.001295
   1953    20-24   0.002295     0.002754     0.002518
   1953    25-29   0.002769     0.003549     0.003142
   1953    30-34   0.003132     0.003098     0.003116
   1953    35-39   0.003577     0.003690     0.003629
   1953    40-44   0.004439     0.004814     0.004615
   1953    45-49   0.005905     0.007254     0.006565
   1953    50-54   0.009065     0.012140     0.010599
   1953    55-59   0.012818     0.019883     0.016301
   1953    60-64   0.020615     0.031738     0.025998
   1953    65-69   0.036972     0.056673     0.045878
   1953    70-74   0.058616     0.086930     0.070433
   1953    75-79   0.101270     0.130659     0.112778
   1953    80-84   0.156867     0.203326     0.173340
   1953    85-89   0.248558     0.293657     0.262724
   1953    90-94   0.334579     0.360147     0.340753
   1953    95-99   0.592309     0.476987     0.558258
   1953   100-104  0.000000            .     0.000000
   1953   105-109  0.000000            .     0.000000
   1953   110+            .            .            .
   1954     0      0.051900     0.057241     0.054627
   1954     1-4    0.007089     0.006463     0.006770
   1954     5-9    0.001484     0.001682     0.001585
   1954    10-14   0.000792     0.000862     0.000827
   1954    15-19   0.001275     0.001507     0.001387
   1954    20-24   0.001936     0.002681     0.002294
   1954    25-29   0.002538     0.003426     0.002967
   1954    30-34   0.002811     0.003306     0.003035
   1954    35-39   0.003351     0.003472     0.003407
   1954    40-44   0.004102     0.004770     0.004414
   1954    45-49   0.005910     0.007785     0.006820
   1954    50-54   0.008069     0.012473     0.010260
   1954    55-59   0.012503     0.018989     0.015698
   1954    60-64   0.019394     0.029523     0.024307
   1954    65-69   0.033315     0.049826     0.040882
   1954    70-74   0.058943     0.079978     0.067707
   1954    75-79   0.086962     0.123593     0.101253
   1954    80-84   0.135068     0.170480     0.147588
   1954    85-89   0.212077     0.283784     0.234344
   1954    90-94   0.344713     0.406538     0.360226
   1954    95-99   0.579302     1.010337     0.683870
   1954   100-104  0.000000            .     0.000000
   1954   105-109  0.000000            .     0.000000
   1954   110+     0.000000            .     0.000000
   1955     0      0.046948     0.053327     0.050193
   1955     1-4    0.005544     0.005801     0.005675
   1955     5-9    0.001678     0.001864     0.001772
   1955    10-14   0.000707     0.000753     0.000730
   1955    15-19   0.001016     0.001681     0.001338
   1955    20-24   0.002112     0.002850     0.002460
   1955    25-29   0.002130     0.002835     0.002473
   1955    30-34   0.002922     0.003232     0.003064
   1955    35-39   0.003580     0.003314     0.003459
   1955    40-44   0.004135     0.004791     0.004439
   1955    45-49   0.006173     0.007466     0.006798
   1955    50-54   0.007350     0.011675     0.009489
   1955    55-59   0.011905     0.018396     0.015107
   1955    60-64   0.020524     0.030935     0.025573
   1955    65-69   0.032253     0.048613     0.039821
   1955    70-74   0.058528     0.079215     0.067184
   1955    75-79   0.085163     0.115961     0.097081
   1955    80-84   0.145558     0.179306     0.157473
   1955    85-89   0.216903     0.233327     0.221977
   1955    90-94   0.305527     0.377055     0.323901
   1955    95-99   0.430957     0.770807     0.490023
   1955   100-104  1.056261            .     1.056261
   1955   105-109  1.090909            .     1.090909
   1955   110+     0.000000            .     0.000000
   1956     0      0.046369     0.054110     0.050316
   1956     1-4    0.004833     0.005076     0.004957
   1956     5-9    0.001329     0.001566     0.001450
   1956    10-14   0.000635     0.000902     0.000769
   1956    15-19   0.001172     0.001457     0.001310
   1956    20-24   0.001775     0.002662     0.002188
   1956    25-29   0.001892     0.002795     0.002332
   1956    30-34   0.002572     0.002925     0.002737
   1956    35-39   0.003331     0.004147     0.003702
   1956    40-44   0.003447     0.004773     0.004058
   1956    45-49   0.005175     0.006810     0.005958
   1956    50-54   0.008148     0.012487     0.010285
   1956    55-59   0.013237     0.017609     0.015400
   1956    60-64   0.019040     0.031334     0.024995
   1956    65-69   0.032314     0.052630     0.041746
   1956    70-74   0.056797     0.084621     0.068512
   1956    75-79   0.093917     0.127609     0.106893
   1956    80-84   0.146975     0.189530     0.161973
   1956    85-89   0.202267     0.277539     0.225518
   1956    90-94   0.333906     0.437320     0.359937
   1956    95-99   0.712831     0.176471     0.592729
   1956   100-104  1.190184     0.000000     0.989796
   1956   105-109  3.000000            .     3.000000
   1956   110+     1.500000            .     1.500000
   1957     0      0.046554     0.057159     0.051957
   1957     1-4    0.004565     0.004298     0.004429
   1957     5-9    0.001200     0.001285     0.001243
   1957    10-14   0.000606     0.000791     0.000699
   1957    15-19   0.001158     0.001262     0.001208
   1957    20-24   0.001579     0.002390     0.001955
   1957    25-29   0.001958     0.002524     0.002233
   1957    30-34   0.002218     0.002616     0.002406
   1957    35-39   0.002863     0.003761     0.003271
   1957    40-44   0.003789     0.004635     0.004176
   1957    45-49   0.005959     0.007500     0.006689
   1957    50-54   0.008484     0.011247     0.009840
   1957    55-59   0.012606     0.020675     0.016600
   1957    60-64   0.020412     0.035118     0.027524
   1957    65-69   0.033788     0.053201     0.042827
   1957    70-74   0.061952     0.087729     0.072854
   1957    75-79   0.098734     0.133086     0.111918
   1957    80-84   0.156713     0.213576     0.176539
   1957    85-89   0.243526     0.303736     0.261855
   1957    90-94   0.389282     0.490681     0.414096
   1957    95-99   0.530472     0.272975     0.458455
   1957   100-104  0.000000     0.000000     0.000000
   1957   105-109         .            .            .
   1957   110+            .            .            .
   1958     0      0.043607     0.049542     0.046615
   1958     1-4    0.003727     0.003995     0.003864
   1958     5-9    0.000966     0.001303     0.001137
   1958    10-14   0.000671     0.000624     0.000648
   1958    15-19   0.001012     0.001370     0.001184
   1958    20-24   0.001594     0.002474     0.002001
   1958    25-29   0.001904     0.002534     0.002208
   1958    30-34   0.001808     0.002473     0.002128
   1958    35-39   0.002469     0.002886     0.002658
   1958    40-44   0.003061     0.004165     0.003566
   1958    45-49   0.004956     0.006826     0.005834
   1958    50-54   0.006630     0.011536     0.009019
   1958    55-59   0.011763     0.018411     0.015042
   1958    60-64   0.017464     0.029418     0.023232
   1958    65-69   0.029381     0.048868     0.038482
   1958    70-74   0.052815     0.075677     0.062581
   1958    75-79   0.083306     0.120267     0.097460
   1958    80-84   0.143049     0.178418     0.155325
   1958    85-89   0.205900     0.226867     0.212315
   1958    90-94   0.339682     0.412478     0.357604
   1958    95-99   0.425260     0.461420     0.433093
   1958   100-104  0.660793     0.000000     0.397878
   1958   105-109         .            .            .
   1958   110+            .            .            .
   1959     0      0.042654     0.048970     0.045879
   1959     1-4    0.003387     0.003627     0.003509
   1959     5-9    0.000821     0.001261     0.001045
   1959    10-14   0.000497     0.000716     0.000608
   1959    15-19   0.000909     0.001350     0.001118
   1959    20-24   0.001365     0.002680     0.001966
   1959    25-29   0.001740     0.002432     0.002071
   1959    30-34   0.002040     0.002458     0.002243
   1959    35-39   0.002224     0.003249     0.002688
   1959    40-44   0.003397     0.004130     0.003732
   1959    45-49   0.004385     0.006428     0.005335
   1959    50-54   0.007519     0.009930     0.008683
   1959    55-59   0.010921     0.018261     0.014529
   1959    60-64   0.015575     0.028386     0.021751
   1959    65-69   0.029139     0.045747     0.036909
   1959    70-74   0.048815     0.075351     0.060287
   1959    75-79   0.083428     0.114972     0.095529
   1959    80-84   0.141072     0.179814     0.154572
   1959    85-89   0.219406     0.236191     0.224630
   1959    90-94   0.286431     0.384632     0.310127
   1959    95-99   0.446927     0.000000     0.367117
   1959   100-104  0.000000     0.000000     0.000000
   1959   105-109         .            .            .
   1959   110+            .            .            .
   1960     0      0.039931     0.043605     0.041808
   1960     1-4    0.003311     0.003732     0.003525
   1960     5-9    0.000959     0.001204     0.001084
   1960    10-14   0.000492     0.000628     0.000561
   1960    15-19   0.000750     0.001518     0.001114
   1960    20-24   0.001593     0.002594     0.002042
   1960    25-29   0.001494     0.002291     0.001873
   1960    30-34   0.001601     0.002461     0.002022
   1960    35-39   0.002223     0.002818     0.002495
   1960    40-44   0.003176     0.004282     0.003681
   1960    45-49   0.004026     0.006418     0.005130
   1960    50-54   0.007907     0.010268     0.009040
   1960    55-59   0.010081     0.018867     0.014376
   1960    60-64   0.017493     0.029406     0.023241
   1960    65-69   0.028880     0.045145     0.036490
   1960    70-74   0.052222     0.079412     0.064044
   1960    75-79   0.088704     0.125679     0.102934
   1960    80-84   0.144401     0.184331     0.158255
   1960    85-89   0.230934     0.263266     0.241047
   1960    90-94   0.330613     0.431667     0.354527
   1960    95-99   0.554452     0.944032     0.620880
   1960   100-104  2.637363     1.751825     2.105263
   1960   105-109         .            .            .
   1960   110+            .            .            .
   1961     0      0.031565     0.042118     0.036952
   1961     1-4    0.002476     0.003026     0.002756
   1961     5-9    0.000791     0.001238     0.001018
   1961    10-14   0.000532     0.000630     0.000582
   1961    15-19   0.000891     0.001372     0.001121
   1961    20-24   0.001179     0.002384     0.001716
   1961    25-29   0.001202     0.002138     0.001643
   1961    30-34   0.001771     0.002361     0.002061
   1961    35-39   0.001732     0.002769     0.002214
   1961    40-44   0.002582     0.004234     0.003332
   1961    45-49   0.004124     0.006164     0.005059
   1961    50-54   0.007277     0.011172     0.009131
   1961    55-59   0.010553     0.018705     0.014523
   1961    60-64   0.016472     0.029258     0.022659
   1961    65-69   0.029103     0.048260     0.038046
   1961    70-74   0.050061     0.074359     0.060665
   1961    75-79   0.087077     0.124604     0.101581
   1961    80-84   0.141947     0.202379     0.162626
   1961    85-89   0.229061     0.286943     0.246991
   1961    90-94   0.344268     0.340702     0.343399
   1961    95-99   0.419801     0.729040     0.466961
   1961   100-104  0.000000     1.474201     0.820793
   1961   105-109         .            .            .
   1961   110+            .            .            .
   1962     0      0.032818     0.040138     0.036576
   1962     1-4    0.002842     0.003021     0.002933
   1962     5-9    0.000898     0.000888     0.000893
   1962    10-14   0.000435     0.000595     0.000516
   1962    15-19   0.000625     0.001108     0.000859
   1962    20-24   0.001155     0.002133     0.001596
   1962    25-29   0.001403     0.001899     0.001635
   1962    30-34   0.001337     0.002330     0.001823
   1962    35-39   0.001963     0.002790     0.002354
   1962    40-44   0.002413     0.004160     0.003204
   1962    45-49   0.004073     0.006570     0.005212
   1962    50-54   0.007796     0.010455     0.009048
   1962    55-59   0.010443     0.016817     0.013537
   1962    60-64   0.016235     0.028830     0.022334
   1962    65-69   0.027894     0.044506     0.035636
   1962    70-74   0.048517     0.079583     0.062131
   1962    75-79   0.088764     0.132077     0.105523
   1962    80-84   0.154017     0.189316     0.166033
   1962    85-89   0.244114     0.308775     0.263666
   1962    90-94   0.373999     0.373814     0.373952
   1962    95-99   0.617992     0.352526     0.570292
   1962   100-104  2.536998     0.000000     1.184600
   1962   105-109         .            .            .
   1962   110+            .            .            .
   1963     0      0.028178     0.034744     0.031549
   1963     1-4    0.001902     0.002446     0.002179
   1963     5-9    0.000609     0.000729     0.000670
   1963    10-14   0.000282     0.000534     0.000410
   1963    15-19   0.000590     0.000997     0.000789
   1963    20-24   0.001035     0.002162     0.001548
   1963    25-29   0.001127     0.002184     0.001621
   1963    30-34   0.001501     0.002082     0.001784
   1963    35-39   0.001855     0.002866     0.002341
   1963    40-44   0.002784     0.003566     0.003137
   1963    45-49   0.003933     0.006469     0.005086
   1963    50-54   0.006210     0.010320     0.008128
   1963    55-59   0.010133     0.017098     0.013492
   1963    60-64   0.015028     0.028460     0.021511
   1963    65-69   0.025709     0.043492     0.033994
   1963    70-74   0.045586     0.070620     0.056611
   1963    75-79   0.085013     0.106053     0.093248
   1963    80-84   0.131355     0.179170     0.147577
   1963    85-89   0.208904     0.237293     0.217377
   1963    90-94   0.263969     0.372618     0.292575
   1963    95-99   0.629511     0.176809     0.529152
   1963   100-104  0.000000     0.000000     0.000000
   1963   105-109         .            .            .
   1963   110+            .            .            .
   1964     0      0.023069     0.029463     0.026354
   1964     1-4    0.001706     0.002159     0.001936
   1964     5-9    0.000535     0.001004     0.000773
   1964    10-14   0.000348     0.000562     0.000457
   1964    15-19   0.000497     0.001088     0.000787
   1964    20-24   0.000833     0.001848     0.001296
   1964    25-29   0.001106     0.002097     0.001571
   1964    30-34   0.001436     0.002186     0.001800
   1964    35-39   0.001745     0.002696     0.002207
   1964    40-44   0.002363     0.003779     0.003002
   1964    45-49   0.003933     0.005851     0.004805
   1964    50-54   0.006072     0.009771     0.007783
   1964    55-59   0.009595     0.015630     0.012486
   1964    60-64   0.014994     0.026923     0.020731
   1964    65-69   0.025797     0.045050     0.034760
   1964    70-74   0.047078     0.068167     0.056417
   1964    75-79   0.084754     0.110884     0.095187
   1964    80-84   0.138388     0.176345     0.151186
   1964    85-89   0.213815     0.246853     0.223789
   1964    90-94   0.297513     0.379453     0.319386
   1964    95-99   0.612389     0.630169     0.616482
   1964   100-104  0.681044     2.500000     1.070473
   1964   105-109         .            .            .
   1964   110+            .            .            .
   1965     0      0.020984     0.025019     0.023048
   1965     1-4    0.001645     0.002223     0.001940
   1965     5-9    0.000448     0.000774     0.000613
   1965    10-14   0.000313     0.000450     0.000383
   1965    15-19   0.000442     0.001055     0.000746
   1965    20-24   0.001010     0.001944     0.001433
   1965    25-29   0.001251     0.001936     0.001574
   1965    30-34   0.001153     0.002366     0.001740
   1965    35-39   0.001712     0.002781     0.002235
   1965    40-44   0.002369     0.003644     0.002950
   1965    45-49   0.003498     0.006172     0.004711
   1965    50-54   0.005889     0.010283     0.007906
   1965    55-59   0.008766     0.016511     0.012454
   1965    60-64   0.015118     0.028003     0.021287
   1965    65-69   0.026956     0.043807     0.034806
   1965    70-74   0.047064     0.074034     0.059034
   1965    75-79   0.084478     0.121818     0.099492
   1965    80-84   0.153988     0.191369     0.166678
   1965    85-89   0.242969     0.277043     0.253228
   1965    90-94   0.395415     0.316643     0.373587
   1965    95-99   0.398061     0.712307     0.463779
   1965   100-104  2.745995            .     2.745995
   1965   105-109         .            .            .
   1965   110+            .            .            .
   1966     0      0.020072     0.025745     0.022954
   1966     1-4    0.001041     0.001540     0.001296
   1966     5-9    0.000371     0.000693     0.000534
   1966    10-14   0.000332     0.000471     0.000402
   1966    15-19   0.000500     0.000996     0.000747
   1966    20-24   0.000847     0.001970     0.001357
   1966    25-29   0.000988     0.002002     0.001467
   1966    30-34   0.001318     0.001889     0.001593
   1966    35-39   0.001549     0.003267     0.002393
   1966    40-44   0.001827     0.003575     0.002635
   1966    45-49   0.003691     0.005242     0.004392
   1966    50-54   0.005885     0.008717     0.007176
   1966    55-59   0.008038     0.015461     0.011539
   1966    60-64   0.014077     0.025930     0.019737
   1966    65-69   0.025058     0.041921     0.032935
   1966    70-74   0.043558     0.072800     0.056480
   1966    75-79   0.077153     0.111702     0.091049
   1966    80-84   0.131879     0.163483     0.142817
   1966    85-89   0.206883     0.240721     0.217028
   1966    90-94   0.299146     0.349571     0.313176
   1966    95-99   0.520331     0.646010     0.546932
   1966   100-104         .            .            .
   1966   105-109         .            .            .
   1966   110+            .            .            .
   1967     0      0.016266     0.022686     0.019546
   1967     1-4    0.001421     0.001525     0.001474
   1967     5-9    0.000417     0.000652     0.000536
   1967    10-14   0.000287     0.000408     0.000348
   1967    15-19   0.000417     0.000874     0.000643
   1967    20-24   0.000652     0.001871     0.001218
   1967    25-29   0.001128     0.001791     0.001441
   1967    30-34   0.001104     0.002143     0.001603
   1967    35-39   0.001420     0.002621     0.002009
   1967    40-44   0.002213     0.003899     0.003007
   1967    45-49   0.003062     0.005240     0.004044
   1967    50-54   0.005604     0.008342     0.006845
   1967    55-59   0.008495     0.015419     0.011723
   1967    60-64   0.013891     0.026153     0.019718
   1967    65-69   0.024290     0.041213     0.032203
   1967    70-74   0.043581     0.068689     0.054641
   1967    75-79   0.078792     0.107304     0.090309
   1967    80-84   0.127780     0.178009     0.145270
   1967    85-89   0.201088     0.266690     0.220690
   1967    90-94   0.348502     0.398061     0.361608
   1967    95-99   0.366709     0.497984     0.395542
   1967   100-104  0.000000     0.000000     0.000000
   1967   105-109         .            .            .
   1967   110+            .            .            .
   1968     0      0.015732     0.020940     0.018408
   1968     1-4    0.001604     0.001575     0.001590
   1968     5-9    0.000364     0.000748     0.000559
   1968    10-14   0.000271     0.000465     0.000369
   1968    15-19   0.000349     0.001054     0.000697
   1968    20-24   0.000804     0.001508     0.001137
   1968    25-29   0.001013     0.002340     0.001644
   1968    30-34   0.001151     0.002146     0.001629
   1968    35-39   0.001302     0.002918     0.002091
   1968    40-44   0.002054     0.003440     0.002718
   1968    45-49   0.003064     0.005367     0.004099
   1968    50-54   0.005641     0.008820     0.007080
   1968    55-59   0.008069     0.015106     0.011323
   1968    60-64   0.013864     0.023815     0.018555
   1968    65-69   0.023884     0.040675     0.031712
   1968    70-74   0.040716     0.072337     0.054612
   1968    75-79   0.075782     0.107093     0.088505
   1968    80-84   0.127748     0.165394     0.141000
   1968    85-89   0.214701     0.274745     0.232136
   1968    90-94   0.339284     0.433246     0.363205
   1968    95-99   0.560143     0.576613     0.563805
   1968   100-104  1.758621     0.000000     0.995122
   1968   105-109         .            .            .
   1968   110+            .            .            .
   1969     0      0.015217     0.019924     0.017640
   1969     1-4    0.001044     0.001663     0.001360
   1969     5-9    0.000320     0.000685     0.000506
   1969    10-14   0.000299     0.000399     0.000350
   1969    15-19   0.000398     0.001158     0.000773
   1969    20-24   0.000729     0.001628     0.001156
   1969    25-29   0.001039     0.002044     0.001520
   1969    30-34   0.001128     0.002118     0.001604
   1969    35-39   0.001506     0.002650     0.002062
   1969    40-44   0.002070     0.003303     0.002668
   1969    45-49   0.002755     0.005106     0.003811
   1969    50-54   0.004804     0.008199     0.006341
   1969    55-59   0.007029     0.013642     0.010061
   1969    60-64   0.013067     0.024238     0.018295
   1969    65-69   0.020950     0.042697     0.031030
   1969    70-74   0.043461     0.068969     0.054667
   1969    75-79   0.073470     0.112344     0.089291
   1969    80-84   0.120931     0.165570     0.136888
   1969    85-89   0.206270     0.248466     0.218363
   1969    90-94   0.336394     0.434604     0.360751
   1969    95-99   0.423154     0.583156     0.458174
   1969   100-104  0.000000     0.820027     0.248973
   1969   105-109         .            .            .
   1969   110+            .            .            .
   1970     0      0.013820     0.016467     0.015180
   1970     1-4    0.001190     0.001578     0.001388
   1970     5-9    0.000354     0.000622     0.000490
   1970    10-14   0.000279     0.000413     0.000347
   1970    15-19   0.000596     0.001380     0.000983
   1970    20-24   0.000704     0.001802     0.001225
   1970    25-29   0.000901     0.001757     0.001315
   1970    30-34   0.001135     0.002062     0.001582
   1970    35-39   0.001442     0.003258     0.002322
   1970    40-44   0.001950     0.003780     0.002843
   1970    45-49   0.003565     0.006052     0.004692
   1970    50-54   0.003972     0.008628     0.006075
   1970    55-59   0.007448     0.013685     0.010286
   1970    60-64   0.013291     0.023522     0.018057
   1970    65-69   0.023738     0.043683     0.032912
   1970    70-74   0.042839     0.067530     0.053703
   1970    75-79   0.075717     0.103135     0.086874
   1970    80-84   0.121432     0.170627     0.138999
   1970    85-89   0.204361     0.268069     0.222867
   1970    90-94   0.280279     0.341774     0.294906
   1970    95-99   0.416617     0.405234     0.414102
   1970   100-104  1.036269     1.293103     1.079137
   1970   105-109         .            .            .
   1970   110+            .            .            .
   1971     0      0.012737     0.016344     0.014588
   1971     1-4    0.001106     0.001337     0.001224
   1971     5-9    0.000358     0.000688     0.000526
   1971    10-14   0.000227     0.000316     0.000272
   1971    15-19   0.000327     0.001213     0.000766
   1971    20-24   0.000828     0.001459     0.001129
   1971    25-29   0.000820     0.001731     0.001263
   1971    30-34   0.000855     0.001855     0.001340
   1971    35-39   0.001435     0.002755     0.002072
   1971    40-44   0.002188     0.003634     0.002896
   1971    45-49   0.002708     0.004841     0.003690
   1971    50-54   0.005010     0.008241     0.006462
   1971    55-59   0.006989     0.012617     0.009533
   1971    60-64   0.012179     0.023250     0.017295
   1971    65-69   0.019578     0.037298     0.027710
   1971    70-74   0.036690     0.059450     0.046715
   1971    75-79   0.067468     0.100253     0.080779
   1971    80-84   0.118672     0.142601     0.127285
   1971    85-89   0.195971     0.226654     0.205031
   1971    90-94   0.283686     0.317094     0.291720
   1971    95-99   0.346261     0.213599     0.316496
   1971   100-104  2.172339     4.054054     2.354480
   1971   105-109         .            .            .
   1971   110+            .            .            .
   1972     0      0.011109     0.015836     0.013525
   1972     1-4    0.001110     0.001417     0.001267
   1972     5-9    0.000356     0.000558     0.000459
   1972    10-14   0.000325     0.000316     0.000320
   1972    15-19   0.000466     0.001151     0.000806
   1972    20-24   0.000738     0.001531     0.001119
   1972    25-29   0.000812     0.001948     0.001369
   1972    30-34   0.001020     0.002042     0.001519
   1972    35-39   0.001248     0.002372     0.001790
   1972    40-44   0.001901     0.003582     0.002724
   1972    45-49   0.002708     0.004604     0.003597
   1972    50-54   0.004471     0.007621     0.005882
   1972    55-59   0.007260     0.011560     0.009196
   1972    60-64   0.010637     0.021276     0.015501
   1972    65-69   0.019130     0.037128     0.027362
   1972    70-74   0.035042     0.060257     0.046145
   1972    75-79   0.062938     0.096883     0.076652
   1972    80-84   0.105445     0.142634     0.119014
   1972    85-89   0.193952     0.218137     0.201159
   1972    90-94   0.270040     0.390581     0.299503
   1972    95-99   0.399711     0.585447     0.438680
   1972   100-104  0.000000     6.000000     0.272727
   1972   105-109         .            .            .
   1972   110+            .            .            .
   1973     0      0.011924     0.014317     0.013143
   1973     1-4    0.001001     0.001489     0.001251
   1973     5-9    0.000375     0.000437     0.000407
   1973    10-14   0.000231     0.000312     0.000272
   1973    15-19   0.000404     0.001309     0.000852
   1973    20-24   0.000732     0.001134     0.000926
   1973    25-29   0.000764     0.001647     0.001201
   1973    30-34   0.000982     0.002264     0.001612
   1973    35-39   0.001047     0.002484     0.001740
   1973    40-44   0.001708     0.004047     0.002849
   1973    45-49   0.002833     0.004696     0.003723
   1973    50-54   0.003961     0.007347     0.005473
   1973    55-59   0.006834     0.012876     0.009550
   1973    60-64   0.010760     0.019508     0.014733
   1973    65-69   0.020676     0.033329     0.026430
   1973    70-74   0.034692     0.058182     0.045003
   1973    75-79   0.066281     0.095868     0.078222
   1973    80-84   0.119488     0.154574     0.132363
   1973    85-89   0.184491     0.243193     0.202374
   1973    90-94   0.319049     0.360055     0.328807
   1973    95-99   0.538848     0.572519     0.545462
   1973   100-104  2.000000     6.000000     2.319018
   1973   105-109         .            .            .
   1973   110+            .            .            .
   1974     0      0.011680     0.013580     0.012652
   1974     1-4    0.000780     0.001081     0.000934
   1974     5-9    0.000257     0.000598     0.000431
   1974    10-14   0.000203     0.000460     0.000334
   1974    15-19   0.000346     0.001069     0.000704
   1974    20-24   0.000644     0.001327     0.000974
   1974    25-29   0.000473     0.001183     0.000828
   1974    30-34   0.000923     0.001448     0.001184
   1974    35-39   0.001168     0.002501     0.001814
   1974    40-44   0.001711     0.003620     0.002639
   1974    45-49   0.002318     0.005072     0.003650
   1974    50-54   0.003665     0.007929     0.005569
   1974    55-59   0.006344     0.012064     0.008913
   1974    60-64   0.010624     0.020113     0.014904
   1974    65-69   0.018954     0.034227     0.025867
   1974    70-74   0.033326     0.055525     0.043035
   1974    75-79   0.063472     0.098247     0.077521
   1974    80-84   0.117260     0.151822     0.129982
   1974    85-89   0.189151     0.219712     0.198703
   1974    90-94   0.302496     0.361906     0.316474
   1974    95-99   0.448438     0.657534     0.490760
   1974   100-104  1.090909            .     1.090909
   1974   105-109         .            .            .
   1974   110+            .            .            .
   1975     0      0.010482     0.015140     0.012870
   1975     1-4    0.000986     0.001194     0.001092
   1975     5-9    0.000371     0.000593     0.000484
   1975    10-14   0.000220     0.000376     0.000300
   1975    15-19   0.000438     0.000949     0.000692
   1975    20-24   0.000654     0.001233     0.000932
   1975    25-29   0.000991     0.001293     0.001143
   1975    30-34   0.000850     0.001454     0.001152
   1975    35-39   0.001117     0.002073     0.001582
   1975    40-44   0.001891     0.003255     0.002552
   1975    45-49   0.002491     0.004989     0.003707
   1975    50-54   0.003740     0.006635     0.005044
   1975    55-59   0.006707     0.010854     0.008564
   1975    60-64   0.010246     0.019258     0.014285
   1975    65-69   0.017243     0.031016     0.023461
   1975    70-74   0.034224     0.053709     0.042719
   1975    75-79   0.059766     0.090813     0.072340
   1975    80-84   0.110389     0.144810     0.123007
   1975    85-89   0.178181     0.210959     0.188617
   1975    90-94   0.298096     0.285912     0.295076
   1975    95-99   0.407138     0.364717     0.398622
   1975   100-104  0.600000            .     0.600000
   1975   105-109         .            .            .
   1975   110+            .            .            .
   1976     0      0.009089     0.012081     0.010625
   1976     1-4    0.000955     0.001085     0.001021
   1976     5-9    0.000297     0.000413     0.000356
   1976    10-14   0.000128     0.000333     0.000233
   1976    15-19   0.000226     0.000982     0.000604
   1976    20-24   0.000625     0.001521     0.001055
   1976    25-29   0.000774     0.001207     0.000992
   1976    30-34   0.000766     0.001479     0.001125
   1976    35-39   0.001117     0.002577     0.001833
   1976    40-44   0.001418     0.003797     0.002569
   1976    45-49   0.002672     0.004796     0.003710
   1976    50-54   0.003429     0.006237     0.004716
   1976    55-59   0.005338     0.010530     0.007652
   1976    60-64   0.009560     0.016567     0.012686
   1976    65-69   0.016632     0.032001     0.023519
   1976    70-74   0.031652     0.052679     0.040817
   1976    75-79   0.057938     0.087850     0.070141
   1976    80-84   0.110520     0.142153     0.121966
   1976    85-89   0.192847     0.208786     0.197979
   1976    90-94   0.282410     0.337994     0.297005
   1976    95-99   0.436047     0.474174     0.444110
   1976   100-104  0.888889            .     0.888889
   1976   105-109         .            .            .
   1976   110+            .            .            .
   1977     0      0.007809     0.011563     0.009730
   1977     1-4    0.000714     0.000912     0.000815
   1977     5-9    0.000159     0.000343     0.000253
   1977    10-14   0.000252     0.000279     0.000266
   1977    15-19   0.000259     0.000797     0.000529
   1977    20-24   0.000455     0.001018     0.000727
   1977    25-29   0.000713     0.001328     0.001022
   1977    30-34   0.000667     0.001572     0.001127
   1977    35-39   0.001180     0.002013     0.001591
   1977    40-44   0.001444     0.002875     0.002135
   1977    45-49   0.001934     0.004556     0.003214
   1977    50-54   0.003198     0.006354     0.004671
   1977    55-59   0.005532     0.010385     0.007687
   1977    60-64   0.008925     0.017373     0.012683
   1977    65-69   0.015402     0.028798     0.021346
   1977    70-74   0.027562     0.048703     0.036766
   1977    75-79   0.056841     0.081657     0.067025
   1977    80-84   0.098048     0.137214     0.112170
   1977    85-89   0.162090     0.211652     0.178187
   1977    90-94   0.276040     0.301386     0.282633
   1977    95-99   0.363201     0.443062     0.381251
   1977   100-104  0.512967     0.000000     0.438063
   1977   105-109         .            .            .
   1977   110+            .            .            .
   1978     0      0.008046     0.010433     0.009263
   1978     1-4    0.000544     0.001055     0.000805
   1978     5-9    0.000249     0.000376     0.000314
   1978    10-14   0.000187     0.000333     0.000261
   1978    15-19   0.000313     0.000763     0.000540
   1978    20-24   0.000499     0.001268     0.000873
   1978    25-29   0.000522     0.001139     0.000831
   1978    30-34   0.000702     0.001361     0.001040
   1978    35-39   0.000925     0.001992     0.001456
   1978    40-44   0.001064     0.002980     0.001992
   1978    45-49   0.002121     0.004462     0.003260
   1978    50-54   0.003147     0.006011     0.004507
   1978    55-59   0.005259     0.010321     0.007499
   1978    60-64   0.008557     0.016270     0.011982
   1978    65-69   0.015380     0.026941     0.020485
   1978    70-74   0.027226     0.049220     0.036767
   1978    75-79   0.053822     0.077038     0.063356
   1978    80-84   0.097276     0.132288     0.109949
   1978    85-89   0.164936     0.214731     0.181016
   1978    90-94   0.266965     0.289734     0.273069
   1978    95-99   0.329855     0.500000     0.364514
   1978   100-104  0.477667     0.000000     0.324295
   1978   105-109  6.000000            .     6.000000
   1978   110+            .            .            .
   1979     0      0.008912     0.011584     0.010283
   1979     1-4    0.000550     0.001117     0.000840
   1979     5-9    0.000192     0.000320     0.000257
   1979    10-14   0.000148     0.000310     0.000230
   1979    15-19   0.000255     0.000745     0.000503
   1979    20-24   0.000433     0.000960     0.000690
   1979    25-29   0.000662     0.000922     0.000792
   1979    30-34   0.000797     0.001414     0.001115
   1979    35-39   0.000928     0.001813     0.001371
   1979    40-44   0.001431     0.003106     0.002245
   1979    45-49   0.002015     0.004727     0.003330
   1979    50-54   0.003293     0.006199     0.004689
   1979    55-59   0.005099     0.009631     0.007106
   1979    60-64   0.007846     0.014643     0.010865
   1979    65-69   0.013794     0.026337     0.019305
   1979    70-74   0.027699     0.043398     0.034490
   1979    75-79   0.049896     0.075785     0.060520
   1979    80-84   0.093975     0.127365     0.106108
   1979    85-89   0.164977     0.192256     0.173917
   1979    90-94   0.249275     0.291460     0.260859
   1979    95-99   0.322720     0.615306     0.376417
   1979   100-104  0.906367     0.272727     0.681708
   1979   105-109         .            .            .
   1979   110+            .            .            .
   1980     0      0.008061     0.009521     0.008809
   1980     1-4    0.000691     0.000853     0.000774
   1980     5-9    0.000226     0.000277     0.000252
   1980    10-14   0.000149     0.000249     0.000200
   1980    15-19   0.000338     0.000725     0.000535
   1980    20-24   0.000289     0.000899     0.000586
   1980    25-29   0.000633     0.001147     0.000890
   1980    30-34   0.000614     0.001249     0.000943
   1980    35-39   0.001080     0.001652     0.001368
   1980    40-44   0.001089     0.002902     0.001975
   1980    45-49   0.002025     0.004808     0.003370
   1980    50-54   0.003495     0.006539     0.004967
   1980    55-59   0.004218     0.009026     0.006367
   1980    60-64   0.008137     0.015968     0.011605
   1980    65-69   0.014065     0.025634     0.019132
   1980    70-74   0.026316     0.045179     0.034461
   1980    75-79   0.050580     0.080592     0.062857
   1980    80-84   0.097995     0.136151     0.111946
   1980    85-89   0.170451     0.193535     0.178067
   1980    90-94   0.262233     0.318408     0.277600
   1980    95-99   0.446809     0.350443     0.425641
   1980   100-104  0.765957     1.000000     0.813559
   1980   105-109         .            .            .
   1980   110+            .            .            .
   1981     0      0.006947     0.008501     0.007738
   1981     1-4    0.000770     0.000900     0.000836
   1981     5-9    0.000200     0.000323     0.000263
   1981    10-14   0.000094     0.000167     0.000131
   1981    15-19   0.000458     0.000890     0.000677
   1981    20-24   0.000523     0.001047     0.000779
   1981    25-29   0.000471     0.000940     0.000704
   1981    30-34   0.000633     0.001221     0.000938
   1981    35-39   0.000934     0.001726     0.001335
   1981    40-44   0.001417     0.002690     0.002043
   1981    45-49   0.002004     0.004397     0.003158
   1981    50-54   0.002933     0.005985     0.004414
   1981    55-59   0.004566     0.009027     0.006591
   1981    60-64   0.007153     0.015041     0.010628
   1981    65-69   0.012910     0.024712     0.018057
   1981    70-74   0.025050     0.044604     0.033443
   1981    75-79   0.048533     0.079638     0.061236
   1981    80-84   0.089099     0.127490     0.103399
   1981    85-89   0.172459     0.205705     0.183187
   1981    90-94   0.250292     0.304690     0.265348
   1981    95-99   0.403846     0.422464     0.408585
   1981   100-104  0.467532     0.000000     0.418605
   1981   105-109         .            .            .
   1981   110+            .            .            .
   1982     0      0.005276     0.009281     0.007313
   1982     1-4    0.000599     0.000657     0.000628
   1982     5-9    0.000212     0.000360     0.000288
   1982    10-14   0.000092     0.000114     0.000103
   1982    15-19   0.000206     0.000837     0.000525
   1982    20-24   0.000445     0.000967     0.000702
   1982    25-29   0.000543     0.000951     0.000745
   1982    30-34   0.000637     0.001083     0.000867
   1982    35-39   0.000962     0.001579     0.001278
   1982    40-44   0.001271     0.002846     0.002050
   1982    45-49   0.002082     0.004283     0.003142
   1982    50-54   0.003248     0.005879     0.004523
   1982    55-59   0.004406     0.008777     0.006427
   1982    60-64   0.007479     0.015007     0.010781
   1982    65-69   0.012190     0.023341     0.017037
   1982    70-74   0.023138     0.040890     0.030693
   1982    75-79   0.046115     0.072919     0.057039
   1982    80-84   0.086327     0.116249     0.097592
   1982    85-89   0.160503     0.190636     0.170087
   1982    90-94   0.207079     0.280992     0.227497
   1982    95-99   0.457143     0.374106     0.437036
   1982   100-104  0.500000     0.272727     0.457627
   1982   105-109         .            .            .
   1982   110+            .            .            .
   1983     0      0.005633     0.008383     0.007043
   1983     1-4    0.000699     0.000687     0.000693
   1983     5-9    0.000164     0.000328     0.000248
   1983    10-14   0.000091     0.000224     0.000159
   1983    15-19   0.000287     0.000625     0.000457
   1983    20-24   0.000378     0.000985     0.000678
   1983    25-29   0.000731     0.001102     0.000915
   1983    30-34   0.000635     0.001122     0.000885
   1983    35-39   0.000710     0.001958     0.001354
   1983    40-44   0.001262     0.003058     0.002156
   1983    45-49   0.001800     0.004078     0.002899
   1983    50-54   0.002754     0.006257     0.004445
   1983    55-59   0.004454     0.009658     0.006899
   1983    60-64   0.006948     0.014482     0.010237
   1983    65-69   0.012175     0.023751     0.017199
   1983    70-74   0.022439     0.042175     0.030796
   1983    75-79   0.046666     0.071278     0.056672
   1983    80-84   0.085426     0.128582     0.101649
   1983    85-89   0.162257     0.200520     0.174529
   1983    90-94   0.269339     0.265558     0.268281
   1983    95-99   0.346241     0.398076     0.358821
   1983   100-104  0.800000     0.230769     0.672414
   1983   105-109         .     6.000000     6.000000
   1983   110+            .            .            .
   1984     0      0.007065     0.007562     0.007321
   1984     1-4    0.000620     0.000561     0.000590
   1984     5-9    0.000180     0.000259     0.000221
   1984    10-14   0.000102     0.000293     0.000199
   1984    15-19   0.000198     0.000795     0.000499
   1984    20-24   0.000498     0.000810     0.000652
   1984    25-29   0.000558     0.001017     0.000786
   1984    30-34   0.000743     0.001044     0.000897
   1984    35-39   0.000819     0.002032     0.001447
   1984    40-44   0.001348     0.002955     0.002153
   1984    45-49   0.001951     0.004443     0.003159
   1984    50-54   0.002812     0.006258     0.004467
   1984    55-59   0.004229     0.008732     0.006368
   1984    60-64   0.006424     0.013702     0.009601
   1984    65-69   0.011221     0.023455     0.016525
   1984    70-74   0.020884     0.039280     0.028631
   1984    75-79   0.042296     0.068400     0.052874
   1984    80-84   0.084435     0.120892     0.098073
   1984    85-89   0.146567     0.174276     0.155505
   1984    90-94   0.236834     0.305069     0.256449
   1984    95-99   0.326863     0.339759     0.330077
   1984   100-104  0.394737     0.666667     0.466019
   1984   105-109  6.000000            .     6.000000
   1984   110+            .            .            .
   1985     0      0.006295     0.007341     0.006831
   1985     1-4    0.000322     0.000378     0.000351
   1985     5-9    0.000250     0.000403     0.000328
   1985    10-14   0.000150     0.000192     0.000172
   1985    15-19   0.000241     0.000931     0.000589
   1985    20-24   0.000334     0.001003     0.000662
   1985    25-29   0.000684     0.000901     0.000792
   1985    30-34   0.000632     0.001063     0.000852
   1985    35-39   0.000895     0.001499     0.001209
   1985    40-44   0.001470     0.002417     0.001947
   1985    45-49   0.001575     0.004407     0.002955
   1985    50-54   0.002827     0.006141     0.004414
   1985    55-59   0.003770     0.009321     0.006424
   1985    60-64   0.006194     0.012947     0.009167
   1985    65-69   0.011047     0.021160     0.015419
   1985    70-74   0.021023     0.036496     0.027521
   1985    75-79   0.038957     0.067213     0.050376
   1985    80-84   0.081123     0.118640     0.095119
   1985    85-89   0.146848     0.181698     0.158226
   1985    90-94   0.245846     0.277964     0.255136
   1985    95-99   0.371030     0.354247     0.366852
   1985   100-104  0.779221     0.750000     0.772277
   1985   105-109         .            .            .
   1985   110+            .            .            .
   1986     0      0.005464     0.006273     0.005879
   1986     1-4    0.000379     0.000624     0.000504
   1986     5-9    0.000147     0.000309     0.000230
   1986    10-14   0.000100     0.000120     0.000110
   1986    15-19   0.000261     0.000811     0.000539
   1986    20-24   0.000422     0.001128     0.000769
   1986    25-29   0.000491     0.001060     0.000773
   1986    30-34   0.000667     0.000994     0.000833
   1986    35-39   0.000975     0.001397     0.001194
   1986    40-44   0.001342     0.003048     0.002207
   1986    45-49   0.001689     0.004158     0.002897
   1986    50-54   0.002447     0.005958     0.004124
   1986    55-59   0.003548     0.009224     0.006271
   1986    60-64   0.005888     0.012066     0.008651
   1986    65-69   0.010839     0.020646     0.015061
   1986    70-74   0.018431     0.036037     0.025804
   1986    75-79   0.039398     0.062893     0.048850
   1986    80-84   0.077827     0.111404     0.090344
   1986    85-89   0.135538     0.173697     0.148228
   1986    90-94   0.241422     0.285650     0.254038
   1986    95-99   0.328521     0.299270     0.321301
   1986   100-104  0.510638     0.461538     0.500000
   1986   105-109  6.000000            .     6.000000
   1986   110+            .            .            .
   1987     0      0.005237     0.006867     0.006073
   1987     1-4    0.000753     0.000490     0.000618
   1987     5-9    0.000191     0.000302     0.000248
   1987    10-14   0.000188     0.000132     0.000159
   1987    15-19   0.000303     0.000581     0.000443
   1987    20-24   0.000318     0.001213     0.000760
   1987    25-29   0.000561     0.000743     0.000651
   1987    30-34   0.000663     0.001217     0.000944
   1987    35-39   0.001026     0.001364     0.001201
   1987    40-44   0.001192     0.002138     0.001676
   1987    45-49   0.001482     0.003605     0.002528
   1987    50-54   0.002653     0.005980     0.004241
   1987    55-59   0.003865     0.008403     0.006040
   1987    60-64   0.005647     0.012533     0.008785
   1987    65-69   0.009459     0.021414     0.014581
   1987    70-74   0.018709     0.035372     0.025679
   1987    75-79   0.035739     0.061747     0.046128
   1987    80-84   0.070001     0.106056     0.083474
   1987    85-89   0.134449     0.170807     0.146520
   1987    90-94   0.236782     0.267572     0.245572
   1987    95-99   0.386356     0.343431     0.375496
   1987   100-104  0.360000     0.000000     0.272727
   1987   105-109         .     0.000000     0.000000
   1987   110+            .            .            .
   1988     0      0.005857     0.007024     0.006454
   1988     1-4    0.000508     0.000484     0.000496
   1988     5-9    0.000208     0.000253     0.000231
   1988    10-14   0.000114     0.000194     0.000154
   1988    15-19   0.000260     0.000854     0.000560
   1988    20-24   0.000294     0.000831     0.000560
   1988    25-29   0.000435     0.000934     0.000682
   1988    30-34   0.000503     0.000933     0.000720
   1988    35-39   0.000715     0.001457     0.001097
   1988    40-44   0.001002     0.002225     0.001633
   1988    45-49   0.001443     0.003689     0.002558
   1988    50-54   0.002369     0.006216     0.004210
   1988    55-59   0.003477     0.008265     0.005763
   1988    60-64   0.006102     0.013141     0.009364
   1988    65-69   0.009795     0.020533     0.014371
   1988    70-74   0.017481     0.034433     0.024569
   1988    75-79   0.035596     0.063977     0.046882
   1988    80-84   0.073790     0.112465     0.088231
   1988    85-89   0.141683     0.194534     0.159099
   1988    90-94   0.229847     0.269896     0.241348
   1988    95-99   0.346567     0.370372     0.352729
   1988   100-104  0.526316     0.428571     0.494118
   1988   105-109         .     0.000000     0.000000
   1988   110+            .            .            .
   1989     0      0.005972     0.005670     0.005817
   1989     1-4    0.000661     0.000870     0.000768
   1989     5-9    0.000127     0.000270     0.000200
   1989    10-14   0.000103     0.000148     0.000126
   1989    15-19   0.000227     0.000796     0.000514
   1989    20-24   0.000328     0.001010     0.000664
   1989    25-29   0.000576     0.000860     0.000718
   1989    30-34   0.000625     0.000996     0.000812
   1989    35-39   0.000681     0.001219     0.000957
   1989    40-44   0.001264     0.002041     0.001667
   1989    45-49   0.001606     0.002844     0.002225
   1989    50-54   0.002615     0.005325     0.003918
   1989    55-59   0.003402     0.008092     0.005633
   1989    60-64   0.005366     0.013456     0.009158
   1989    65-69   0.009964     0.019715     0.014127
   1989    70-74   0.016603     0.033863     0.023812
   1989    75-79   0.032468     0.058752     0.042883
   1989    80-84   0.065246     0.099304     0.077923
   1989    85-89   0.121469     0.164306     0.135518
   1989    90-94   0.206355     0.243444     0.217003
   1989    95-99   0.364654     0.394978     0.372432
   1989   100-104  0.383721     0.371134     0.379182
   1989   105-109         .     0.000000     0.000000
   1989   110+            .            .            .
   1990     0      0.003788     0.005117     0.004471
   1990     1-4    0.000383     0.000671     0.000530
   1990     5-9    0.000142     0.000287     0.000216
   1990    10-14   0.000131     0.000201     0.000167
   1990    15-19   0.000206     0.000725     0.000469
   1990    20-24   0.000514     0.001024     0.000765
   1990    25-29   0.000374     0.001068     0.000719
   1990    30-34   0.000494     0.000978     0.000738
   1990    35-39   0.000705     0.001321     0.001020
   1990    40-44   0.001071     0.001683     0.001390
   1990    45-49   0.001734     0.003379     0.002562
   1990    50-54   0.002165     0.005227     0.003644
   1990    55-59   0.003594     0.008610     0.005973
   1990    60-64   0.005157     0.013371     0.009032
   1990    65-69   0.008696     0.019297     0.013266
   1990    70-74   0.017296     0.032355     0.023567
   1990    75-79   0.033343     0.060333     0.044015
   1990    80-84   0.064070     0.105412     0.079442
   1990    85-89   0.125070     0.172578     0.140553
   1990    90-94   0.210958     0.251974     0.222703
   1990    95-99   0.324444     0.390589     0.341153
   1990   100-104  0.517766     0.306122     0.447458
   1990   105-109  1.500000     3.000000     2.000000
   1990   110+            .            .            .
   1991     0      0.005122     0.004767     0.004939
   1991     1-4    0.000459     0.000577     0.000520
   1991     5-9    0.000145     0.000401     0.000276
   1991    10-14   0.000134     0.000231     0.000184
   1991    15-19   0.000175     0.000548     0.000365
   1991    20-24   0.000297     0.001126     0.000707
   1991    25-29   0.000251     0.000862     0.000555
   1991    30-34   0.000416     0.000824     0.000622
   1991    35-39   0.000456     0.001194     0.000832
   1991    40-44   0.000968     0.001893     0.001450
   1991    45-49   0.001896     0.003203     0.002558
   1991    50-54   0.002362     0.004985     0.003637
   1991    55-59   0.003732     0.008690     0.006078
   1991    60-64   0.005285     0.013539     0.009191
   1991    65-69   0.008392     0.019346     0.013188
   1991    70-74   0.015630     0.031935     0.022394
   1991    75-79   0.030854     0.054947     0.040362
   1991    80-84   0.062261     0.107134     0.078788
   1991    85-89   0.127069     0.163267     0.138877
   1991    90-94   0.210399     0.248904     0.221509
   1991    95-99   0.292166     0.347069     0.305799
   1991   100-104  0.507042     0.837209     0.602007
   1991   105-109  2.000000            .     2.000000
   1991   110+            .            .            .
   1992     0      0.004666     0.006285     0.005500
   1992     1-4    0.000518     0.000554     0.000536
   1992     5-9    0.000059     0.000197     0.000130
   1992    10-14   0.000164     0.000157     0.000160
   1992    15-19   0.000218     0.000616     0.000421
   1992    20-24   0.000337     0.000902     0.000619
   1992    25-29   0.000291     0.000914     0.000601
   1992    30-34   0.000603     0.000970     0.000788
   1992    35-39   0.000619     0.001409     0.001021
   1992    40-44   0.001087     0.001882     0.001500
   1992    45-49   0.001513     0.003196     0.002375
   1992    50-54   0.002469     0.005481     0.003946
   1992    55-59   0.003264     0.008522     0.005750
   1992    60-64   0.005332     0.013284     0.009089
   1992    65-69   0.008078     0.019301     0.013079
   1992    70-74   0.015771     0.033675     0.023166
   1992    75-79   0.031704     0.057166     0.041746
   1992    80-84   0.062800     0.099650     0.076226
   1992    85-89   0.118347     0.164797     0.133601
   1992    90-94   0.200512     0.257844     0.216831
   1992    95-99   0.308860     0.297408     0.306020
   1992   100-104  0.393672     0.600000     0.439668
   1992   105-109  0.000000     0.000000     0.000000
   1992   110+            .            .            .
   1993     0      0.004965     0.005483     0.005231
   1993     1-4    0.000287     0.000545     0.000420
   1993     5-9    0.000197     0.000202     0.000199
   1993    10-14   0.000152     0.000133     0.000142
   1993    15-19   0.000266     0.000701     0.000488
   1993    20-24   0.000260     0.000742     0.000502
   1993    25-29   0.000307     0.000789     0.000547
   1993    30-34   0.000415     0.000925     0.000672
   1993    35-39   0.000694     0.001079     0.000890
   1993    40-44   0.001220     0.001965     0.001605
   1993    45-49   0.001668     0.002961     0.002336
   1993    50-54   0.002119     0.004870     0.003480
   1993    55-59   0.003285     0.008231     0.005629
   1993    60-64   0.005293     0.013343     0.009082
   1993    65-69   0.008524     0.020571     0.013978
   1993    70-74   0.015058     0.032331     0.022152
   1993    75-79   0.029800     0.055087     0.039767
   1993    80-84   0.061694     0.100328     0.075728
   1993    85-89   0.117587     0.163227     0.132556
   1993    90-94   0.215055     0.243911     0.223138
   1993    95-99   0.294369     0.423919     0.325916
   1993   100-104  0.336449     0.607595     0.390000
   1993   105-109  0.461538     0.000000     0.272727
   1993   110+            .            .            .
   1994     0      0.005119     0.005282     0.005203
   1994     1-4    0.000204     0.000450     0.000330
   1994     5-9    0.000124     0.000119     0.000121
   1994    10-14   0.000042     0.000188     0.000116
   1994    15-19   0.000272     0.000591     0.000434
   1994    20-24   0.000222     0.000669     0.000448
   1994    25-29   0.000220     0.000732     0.000476
   1994    30-34   0.000456     0.000757     0.000608
   1994    35-39   0.000746     0.001123     0.000938
   1994    40-44   0.001311     0.001896     0.001613
   1994    45-49   0.001400     0.002634     0.002042
   1994    50-54   0.002727     0.005003     0.003862
   1994    55-59   0.003689     0.008486     0.005974
   1994    60-64   0.004985     0.012069     0.008308
   1994    65-69   0.007901     0.019159     0.013052
   1994    70-74   0.014500     0.032055     0.021709
   1994    75-79   0.030949     0.053502     0.039843
   1994    80-84   0.057410     0.092888     0.070275
   1994    85-89   0.109840     0.152641     0.123786
   1994    90-94   0.201831     0.232980     0.210564
   1994    95-99   0.312456     0.349906     0.321490
   1994   100-104  0.372315     0.648649     0.413793
   1994   105-109  0.705882     0.000000     0.413793
   1994   110+            .            .            .
   1995     0      0.004291     0.004224     0.004256
   1995     1-4    0.000482     0.000392     0.000436
   1995     5-9    0.000161     0.000169     0.000165
   1995    10-14   0.000170     0.000136     0.000153
   1995    15-19   0.000286     0.000729     0.000512
   1995    20-24   0.000286     0.000803     0.000548
   1995    25-29   0.000458     0.000864     0.000661
   1995    30-34   0.000542     0.001030     0.000789
   1995    35-39   0.000673     0.001272     0.000977
   1995    40-44   0.000841     0.001696     0.001281
   1995    45-49   0.001469     0.003099     0.002320
   1995    50-54   0.002706     0.005110     0.003914
   1995    55-59   0.003066     0.008272     0.005561
   1995    60-64   0.004907     0.012724     0.008563
   1995    65-69   0.007877     0.019629     0.013287
   1995    70-74   0.013163     0.033709     0.021673
   1995    75-79   0.027017     0.058055     0.039202
   1995    80-84   0.058469     0.101412     0.073986
   1995    85-89   0.112837     0.166604     0.130234
   1995    90-94   0.190904     0.250287     0.207455
   1995    95-99   0.319214     0.356703     0.328320
   1995   100-104  0.556291     0.805970     0.588462
   1995   105-109  0.750000     0.750000     0.750000
   1995   110+            .            .            .
   1996     0      0.003605     0.006060     0.004860
   1996     1-4    0.000325     0.000309     0.000317
   1996     5-9    0.000133     0.000174     0.000154
   1996    10-14   0.000144     0.000110     0.000127
   1996    15-19   0.000245     0.000597     0.000425
   1996    20-24   0.000303     0.000740     0.000525
   1996    25-29   0.000463     0.000799     0.000632
   1996    30-34   0.000576     0.000870     0.000725
   1996    35-39   0.000849     0.001301     0.001078
   1996    40-44   0.001207     0.002112     0.001671
   1996    45-49   0.001742     0.003306     0.002559
   1996    50-54   0.002282     0.004511     0.003410
   1996    55-59   0.002936     0.008275     0.005510
   1996    60-64   0.004925     0.012894     0.008643
   1996    65-69   0.007817     0.019666     0.013294
   1996    70-74   0.014135     0.030291     0.020929
   1996    75-79   0.027642     0.053728     0.037812
   1996    80-84   0.055296     0.088436     0.067254
   1996    85-89   0.109244     0.145807     0.120952
   1996    90-94   0.180101     0.235454     0.195573
   1996    95-99   0.279680     0.337708     0.293743
   1996   100-104  0.382716     0.142857     0.347368
   1996   105-109  0.000000     0.000000     0.000000
   1996   110+     0.000000            .     0.000000
   1997     0      0.003972     0.004325     0.004151
   1997     1-4    0.000378     0.000496     0.000438
   1997     5-9    0.000086     0.000212     0.000151
   1997    10-14   0.000073     0.000168     0.000122
   1997    15-19   0.000358     0.000660     0.000512
   1997    20-24   0.000474     0.000638     0.000558
   1997    25-29   0.000342     0.000783     0.000565
   1997    30-34   0.000385     0.000801     0.000596
   1997    35-39   0.000641     0.001031     0.000839
   1997    40-44   0.000980     0.001524     0.001258
   1997    45-49   0.001578     0.002789     0.002208
   1997    50-54   0.002548     0.005029     0.003816
   1997    55-59   0.003525     0.007632     0.005521
   1997    60-64   0.005358     0.011422     0.008186
   1997    65-69   0.007805     0.019296     0.013111
   1997    70-74   0.012296     0.031719     0.020612
   1997    75-79   0.025544     0.051598     0.035650
   1997    80-84   0.050746     0.088704     0.064422
   1997    85-89   0.101485     0.147522     0.116119
   1997    90-94   0.182946     0.261040     0.204728
   1997    95-99   0.306046     0.321392     0.309713
   1997   100-104  0.430769     0.496129     0.442878
   1997   105-109  0.600000     3.000000     1.000000
   1997   110+     0.000000            .     0.000000
   1998     0      0.002973     0.003524     0.003254
   1998     1-4    0.000263     0.000686     0.000479
   1998     5-9    0.000053     0.000218     0.000138
   1998    10-14   0.000135     0.000201     0.000169
   1998    15-19   0.000325     0.000607     0.000469
   1998    20-24   0.000268     0.000666     0.000471
   1998    25-29   0.000387     0.000907     0.000651
   1998    30-34   0.000435     0.001150     0.000797
   1998    35-39   0.000470     0.001498     0.000991
   1998    40-44   0.000913     0.001991     0.001464
   1998    45-49   0.001474     0.002982     0.002254
   1998    50-54   0.002367     0.005449     0.003956
   1998    55-59   0.003520     0.007593     0.005516
   1998    60-64   0.004850     0.011907     0.008149
   1998    65-69   0.007443     0.019159     0.012835
   1998    70-74   0.012949     0.030519     0.020592
   1998    75-79   0.024976     0.052294     0.035514
   1998    80-84   0.051920     0.088898     0.065198
   1998    85-89   0.098903     0.141925     0.112566
   1998    90-94   0.186632     0.232879     0.199445
   1998    95-99   0.293870     0.340998     0.305042
   1998   100-104  0.432353     0.335279     0.413764
   1998   105-109  0.428571            .     0.428571
   1998   110+     1.500000            .     1.500000
   1999     0      0.002409     0.003141     0.002785
   1999     1-4    0.000387     0.000464     0.000427
   1999     5-9    0.000090     0.000069     0.000079
   1999    10-14   0.000062     0.000118     0.000091
   1999    15-19   0.000252     0.000587     0.000423
   1999    20-24   0.000259     0.000835     0.000554
   1999    25-29   0.000426     0.000897     0.000667
   1999    30-34   0.000334     0.000937     0.000639
   1999    35-39   0.000639     0.001204     0.000926
   1999    40-44   0.000955     0.001795     0.001383
   1999    45-49   0.001818     0.003482     0.002676
   1999    50-54   0.002098     0.004490     0.003337
   1999    55-59   0.003457     0.006980     0.005197
   1999    60-64   0.005330     0.012077     0.008498
   1999    65-69   0.007455     0.019599     0.013026
   1999    70-74   0.012793     0.031054     0.020819
   1999    75-79   0.024905     0.051652     0.035226
   1999    80-84   0.051795     0.095342     0.067378
   1999    85-89   0.102135     0.158828     0.120111
   1999    90-94   0.178781     0.227895     0.192182
   1999    95-99   0.332011     0.385710     0.344550
   1999   100-104  0.515192     0.463988     0.504742
   1999   105-109  0.923077            .     0.923077
   1999   110+            .            .            .
   2000     0      0.004224     0.004551     0.004393
   2000     1-4    0.000419     0.000521     0.000471
   2000     5-9    0.000092     0.000122     0.000107
   2000    10-14   0.000080     0.000215     0.000149
   2000    15-19   0.000313     0.000510     0.000413
   2000    20-24   0.000272     0.000871     0.000579
   2000    25-29   0.000357     0.000755     0.000561
   2000    30-34   0.000454     0.000955     0.000707
   2000    35-39   0.000744     0.001187     0.000969
   2000    40-44   0.000961     0.001911     0.001444
   2000    45-49   0.001592     0.002848     0.002237
   2000    50-54   0.002205     0.005031     0.003673
   2000    55-59   0.003390     0.008019     0.005692
   2000    60-64   0.004569     0.011011     0.007610
   2000    65-69   0.007862     0.019096     0.013003
   2000    70-74   0.012496     0.030281     0.020369
   2000    75-79   0.022673     0.047744     0.032430
   2000    80-84   0.046625     0.084237     0.060071
   2000    85-89   0.091205     0.137442     0.105772
   2000    90-94   0.160753     0.236748     0.181123
   2000    95-99   0.263320     0.400267     0.294051
   2000   100-104  0.378063     0.754672     0.446715
   2000   105-109  0.444444            .     0.444444
   2000   110+            .            .            .
   2001     0      0.003106     0.003412     0.003264
   2001     1-4    0.000325     0.000288     0.000306
   2001     5-9    0.000168     0.000071     0.000118
   2001    10-14   0.000050     0.000111     0.000081
   2001    15-19   0.000236     0.000540     0.000392
   2001    20-24   0.000196     0.000689     0.000449
   2001    25-29   0.000263     0.000751     0.000514
   2001    30-34   0.000493     0.000880     0.000689
   2001    35-39   0.000886     0.001376     0.001135
   2001    40-44   0.000894     0.001656     0.001281
   2001    45-49   0.001243     0.003225     0.002257
   2001    50-54   0.002477     0.005181     0.003880
   2001    55-59   0.003132     0.007505     0.005322
   2001    60-64   0.004626     0.011078     0.007691
   2001    65-69   0.007583     0.018907     0.012756
   2001    70-74   0.012311     0.029516     0.019966
   2001    75-79   0.021924     0.048269     0.032344
   2001    80-84   0.046080     0.083378     0.059355
   2001    85-89   0.086331     0.141798     0.103720
   2001    90-94   0.165496     0.212652     0.177911
   2001    95-99   0.246946     0.302617     0.259318
   2001   100-104  0.390244     0.563477     0.421078
   2001   105-109  1.200000            .     1.200000
   2001   110+            .            .            .
   2002     0      0.002715     0.003065     0.002895
   2002     1-4    0.000203     0.000458     0.000334
   2002     5-9    0.000285     0.000181     0.000232
   2002    10-14   0.000172     0.000082     0.000126
   2002    15-19   0.000293     0.000448     0.000372
   2002    20-24   0.000521     0.000820     0.000674
   2002    25-29   0.000346     0.000803     0.000580
   2002    30-34   0.000503     0.000972     0.000742
   2002    35-39   0.000669     0.001241     0.000959
   2002    40-44   0.000971     0.001972     0.001478
   2002    45-49   0.001541     0.002742     0.002154
   2002    50-54   0.002244     0.004782     0.003555
   2002    55-59   0.002985     0.007665     0.005352
   2002    60-64   0.004342     0.011049     0.007555
   2002    65-69   0.006955     0.017405     0.011728
   2002    70-74   0.011380     0.028509     0.019003
   2002    75-79   0.020123     0.045808     0.030474
   2002    80-84   0.043649     0.077327     0.055581
   2002    85-89   0.082389     0.135028     0.098765
   2002    90-94   0.150801     0.220734     0.168910
   2002    95-99   0.246380     0.299341     0.258256
   2002   100-104  0.406417     0.725448     0.462653
   2002   105-109  0.580645     0.000000     0.486486
   2002   110+            .            .            .
   2003     0      0.003777     0.003087     0.003423
   2003     1-4    0.000360     0.000316     0.000338
   2003     5-9    0.000135     0.000184     0.000160
   2003    10-14   0.000000     0.000067     0.000034
   2003    15-19   0.000170     0.000421     0.000299
   2003    20-24   0.000253     0.001014     0.000643
   2003    25-29   0.000224     0.000744     0.000491
   2003    30-34   0.000368     0.001111     0.000748
   2003    35-39   0.000568     0.001428     0.001003
   2003    40-44   0.000837     0.002188     0.001522
   2003    45-49   0.001477     0.002797     0.002149
   2003    50-54   0.002029     0.004688     0.003396
   2003    55-59   0.003305     0.006488     0.004929
   2003    60-64   0.004166     0.010358     0.007160
   2003    65-69   0.006394     0.017917     0.011671
   2003    70-74   0.011170     0.028172     0.018721
   2003    75-79   0.021382     0.046858     0.031825
   2003    80-84   0.041908     0.080078     0.055383
   2003    85-89   0.086462     0.142888     0.103844
   2003    90-94   0.154648     0.208942     0.168670
   2003    95-99   0.257222     0.327272     0.272650
   2003   100-104  0.387088     0.443006     0.395742
   2003   105-109  0.272727     3.000000     0.500000
   2003   110+     0.000000            .     0.000000
   2004     0      0.001995     0.003721     0.002877
   2004     1-4    0.000210     0.000322     0.000268
   2004     5-9    0.000117     0.000224     0.000172
   2004    10-14   0.000072     0.000121     0.000097
   2004    15-19   0.000246     0.000367     0.000308
   2004    20-24   0.000277     0.000914     0.000604
   2004    25-29   0.000397     0.000779     0.000593
   2004    30-34   0.000490     0.001190     0.000849
   2004    35-39   0.000719     0.001469     0.001097
   2004    40-44   0.000829     0.001901     0.001372
   2004    45-49   0.001472     0.002959     0.002227
   2004    50-54   0.002289     0.004938     0.003646
   2004    55-59   0.003015     0.007162     0.005141
   2004    60-64   0.004518     0.011159     0.007756
   2004    65-69   0.006618     0.017419     0.011590
   2004    70-74   0.011155     0.026510     0.017961
   2004    75-79   0.019743     0.047454     0.031229
   2004    80-84   0.041734     0.077838     0.054471
   2004    85-89   0.082714     0.138231     0.099727
   2004    90-94   0.147471     0.211301     0.163978
   2004    95-99   0.242636     0.329359     0.261121
   2004   100-104  0.345236     0.506091     0.367811
   2004   105-109  0.491803     6.000000     0.580645
   2004   110+     0.000000            .     0.000000
   2005     0      0.001749     0.002986     0.002384
   2005     1-4    0.000268     0.000357     0.000313
   2005     5-9    0.000119     0.000171     0.000146
   2005    10-14   0.000147     0.000123     0.000135
   2005    15-19   0.000125     0.000322     0.000226
   2005    20-24   0.000348     0.000732     0.000545
   2005    25-29   0.000205     0.000756     0.000488
   2005    30-34   0.000592     0.000993     0.000798
   2005    35-39   0.000657     0.001281     0.000972
   2005    40-44   0.000938     0.002136     0.001545
   2005    45-49   0.001418     0.002842     0.002139
   2005    50-54   0.002138     0.004820     0.003506
   2005    55-59   0.003090     0.007046     0.005123
   2005    60-64   0.004029     0.011132     0.007514
   2005    65-69   0.007108     0.016732     0.011567
   2005    70-74   0.011545     0.028775     0.019168
   2005    75-79   0.019001     0.048778     0.031422
   2005    80-84   0.040937     0.080498     0.055011
   2005    85-89   0.079498     0.137922     0.097390
   2005    90-94   0.156183     0.225100     0.173848
   2005    95-99   0.265030     0.378908     0.288421
   2005   100-104  0.391297     0.446043     0.398884
   2005   105-109  0.204545     1.500000     0.260870
   2005   110+     3.000000            .     3.000000
   2006     0      0.002744     0.002044     0.002386
   2006     1-4    0.000138     0.000053     0.000095
   2006     5-9    0.000081     0.000115     0.000098
   2006    10-14   0.000038     0.000161     0.000101
   2006    15-19   0.000219     0.000348     0.000285
   2006    20-24   0.000559     0.000940     0.000755
   2006    25-29   0.000334     0.000816     0.000582
   2006    30-34   0.000436     0.000945     0.000698
   2006    35-39   0.000661     0.001473     0.001072
   2006    40-44   0.000972     0.001976     0.001480
   2006    45-49   0.001537     0.002841     0.002196
   2006    50-54   0.002133     0.004640     0.003408
   2006    55-59   0.003000     0.006591     0.004846
   2006    60-64   0.004094     0.010817     0.007416
   2006    65-69   0.006411     0.015748     0.010768
   2006    70-74   0.011276     0.027274     0.018339
   2006    75-79   0.018730     0.046216     0.030243
   2006    80-84   0.038491     0.074658     0.051565
   2006    85-89   0.075729     0.122528     0.090036
   2006    90-94   0.145547     0.205417     0.160712
   2006    95-99   0.245603     0.328752     0.262225
   2006   100-104  0.376530     0.391393     0.378848
   2006   105-109  0.526316     0.857143     0.545455
   2006   110+            .            .            .
   2007     0      0.002024     0.003065     0.002557
   2007     1-4    0.000171     0.000191     0.000182
   2007     5-9    0.000000     0.000058     0.000030
   2007    10-14   0.000019     0.000128     0.000075
   2007    15-19   0.000250     0.000273     0.000262
   2007    20-24   0.000504     0.000530     0.000517
   2007    25-29   0.000436     0.000707     0.000575
   2007    30-34   0.000315     0.000834     0.000582
   2007    35-39   0.000670     0.001440     0.001062
   2007    40-44   0.000773     0.002038     0.001411
   2007    45-49   0.001325     0.002765     0.002052
   2007    50-54   0.002315     0.004045     0.003194
   2007    55-59   0.002917     0.007041     0.005031
   2007    60-64   0.003928     0.010899     0.007409
   2007    65-69   0.006309     0.016107     0.010923
   2007    70-74   0.010596     0.026277     0.017519
   2007    75-79   0.018468     0.044346     0.029313
   2007    80-84   0.037548     0.077070     0.052100
   2007    85-89   0.081490     0.126611     0.095305
   2007    90-94   0.151119     0.214676     0.167017
   2007    95-99   0.247735     0.341687     0.266379
   2007   100-104  0.416828     0.601758     0.444286
   2007   105-109  0.474820     0.800000     0.506494
   2007   110+            .            .            .
   2008     0      0.002807     0.002537     0.002668
   2008     1-4    0.000117     0.000140     0.000129
   2008     5-9    0.000188     0.000079     0.000132
   2008    10-14   0.000058     0.000037     0.000047
   2008    15-19   0.000162     0.000476     0.000323
   2008    20-24   0.000245     0.000655     0.000457
   2008    25-29   0.000243     0.000799     0.000529
   2008    30-34   0.000548     0.000853     0.000705
   2008    35-39   0.000615     0.001355     0.000993
   2008    40-44   0.000826     0.001781     0.001307
   2008    45-49   0.001320     0.002657     0.001995
   2008    50-54   0.001799     0.004434     0.003135
   2008    55-59   0.002943     0.006791     0.004908
   2008    60-64   0.004291     0.009847     0.007093
   2008    65-69   0.006465     0.015522     0.010772
   2008    70-74   0.010072     0.024698     0.016549
   2008    75-79   0.018047     0.044130     0.028960
   2008    80-84   0.038629     0.075660     0.052488
   2008    85-89   0.078898     0.125074     0.092967
   2008    90-94   0.145834     0.205763     0.160826
   2008    95-99   0.251334     0.350461     0.270663
   2008   100-104  0.410439     0.416111     0.411271
   2008   105-109  0.766917     0.000000     0.637500
   2008   110+     0.000000            .     0.000000
   2009     0      0.002375     0.003322     0.002861
   2009     1-4    0.000270     0.000315     0.000293
   2009     5-9    0.000107     0.000163     0.000136
   2009    10-14   0.000039     0.000132     0.000087
   2009    15-19   0.000145     0.000350     0.000251
   2009    20-24   0.000233     0.000777     0.000514
   2009    25-29   0.000308     0.000799     0.000560
   2009    30-34   0.000516     0.000990     0.000760
   2009    35-39   0.000687     0.001192     0.000946
   2009    40-44   0.000980     0.002008     0.001497
   2009    45-49   0.001375     0.002749     0.002069
   2009    50-54   0.002184     0.004461     0.003336
   2009    55-59   0.002555     0.007104     0.004872
   2009    60-64   0.004466     0.009391     0.006967
   2009    65-69   0.006341     0.015753     0.010855
   2009    70-74   0.009842     0.024501     0.016374
   2009    75-79   0.018167     0.040846     0.027638
   2009    80-84   0.035033     0.074086     0.049807
   2009    85-89   0.069390     0.126431     0.086713
   2009    90-94   0.145026     0.211228     0.161661
   2009    95-99   0.228778     0.332875     0.248832
   2009   100-104  0.382965     0.550950     0.407064
   2009   105-109  0.467066     0.413793     0.459184
   2009   110+     1.200000            .     1.200000
   2010     0      0.002343     0.003804     0.003096
   2010     1-4    0.000246     0.000147     0.000195
   2010     5-9    0.000066     0.000084     0.000075
   2010    10-14   0.000020     0.000115     0.000069
   2010    15-19   0.000123     0.000289     0.000209
   2010    20-24   0.000318     0.000808     0.000571
   2010    25-29   0.000335     0.000781     0.000564
   2010    30-34   0.000414     0.000910     0.000670
   2010    35-39   0.000507     0.001265     0.000896
   2010    40-44   0.000906     0.001835     0.001374
   2010    45-49   0.001400     0.002560     0.001986
   2010    50-54   0.002074     0.004179     0.003138
   2010    55-59   0.002633     0.006433     0.004562
   2010    60-64   0.003786     0.010119     0.007015
   2010    65-69   0.006475     0.015851     0.011003
   2010    70-74   0.010136     0.023601     0.016188
   2010    75-79   0.018590     0.043087     0.028816
   2010    80-84   0.036181     0.074117     0.050652
   2010    85-89   0.075023     0.127725     0.091135
   2010    90-94   0.149783     0.217793     0.166887
   2010    95-99   0.255270     0.357677     0.274712
   2010   100-104  0.389984     0.494142     0.404128
   2010   105-109  0.468293     1.333333     0.538117
   2010   110+     3.000000            .     3.000000
   2011     0      0.001759     0.002673     0.002230
   2011     1-4    0.000446     0.000515     0.000481
   2011     5-9    0.000389     0.000328     0.000358
   2011    10-14   0.000330     0.000352     0.000342
   2011    15-19   0.000898     0.000796     0.000845
   2011    20-24   0.000433     0.001049     0.000752
   2011    25-29   0.000730     0.001160     0.000953
   2011    30-34   0.000718     0.001048     0.000889
   2011    35-39   0.000876     0.001485     0.001190
   2011    40-44   0.001449     0.002309     0.001886
   2011    45-49   0.001591     0.002713     0.002160
   2011    50-54   0.002232     0.004479     0.003368
   2011    55-59   0.003908     0.006782     0.005367
   2011    60-64   0.005464     0.012343     0.008977
   2011    65-69   0.007644     0.016732     0.012070
   2011    70-74   0.011987     0.027136     0.018866
   2011    75-79   0.020904     0.044575     0.030804
   2011    80-84   0.040099     0.082317     0.056310
   2011    85-89   0.084084     0.140902     0.101715
   2011    90-94   0.155424     0.235705     0.175484
   2011    95-99   0.294540     0.341931     0.303416
   2011   100-104  0.416650     0.690292     0.452169
   2011   105-109  0.652174     1.714286     0.691099
   2011   110+            .            .            .
   2012     0      0.001874     0.002327     0.002106
   2012     1-4    0.000200     0.000471     0.000339
   2012     5-9    0.000048     0.000274     0.000163
   2012    10-14   0.000105     0.000040     0.000072
   2012    15-19   0.000129     0.000461     0.000301
   2012    20-24   0.000171     0.000740     0.000468
   2012    25-29   0.000274     0.000817     0.000556
   2012    30-34   0.000355     0.000751     0.000560
   2012    35-39   0.000601     0.000955     0.000785
   2012    40-44   0.000919     0.001829     0.001386
   2012    45-49   0.001303     0.002157     0.001738
   2012    50-54   0.001854     0.004062     0.002976
   2012    55-59   0.002631     0.005815     0.004252
   2012    60-64   0.003926     0.009829     0.006939
   2012    65-69   0.006351     0.015636     0.010930
   2012    70-74   0.010742     0.022916     0.016341
   2012    75-79   0.018097     0.040331     0.027456
   2012    80-84   0.036202     0.074987     0.051129
   2012    85-89   0.074158     0.124425     0.090054
   2012    90-94   0.146680     0.217184     0.164077
   2012    95-99   0.247730     0.349630     0.266677
   2012   100-104  0.389336     0.540492     0.406939
   2012   105-109  0.480000     2.000000     0.524272
   2012   110+     0.000000            .     0.000000
   2013     0      0.001620     0.001805     0.001716
   2013     1-4    0.000175     0.000296     0.000237
   2013     5-9    0.000124     0.000095     0.000109
   2013    10-14   0.000087     0.000102     0.000095
   2013    15-19   0.000068     0.000395     0.000238
   2013    20-24   0.000372     0.001034     0.000719
   2013    25-29   0.000439     0.000642     0.000545
   2013    30-34   0.000330     0.000918     0.000636
   2013    35-39   0.000520     0.001039     0.000790
   2013    40-44   0.000868     0.001342     0.001113
   2013    45-49   0.001279     0.002689     0.002000
   2013    50-54   0.001524     0.003618     0.002593
   2013    55-59   0.002569     0.005569     0.004101
   2013    60-64   0.003861     0.009463     0.006719
   2013    65-69   0.006740     0.014396     0.010564
   2013    70-74   0.009733     0.023148     0.015985
   2013    75-79   0.017355     0.038565     0.026367
   2013    80-84   0.034730     0.076524     0.050821
   2013    85-89   0.073137     0.126668     0.090385
   2013    90-94   0.139889     0.210983     0.157146
   2013    95-99   0.258131     0.335775     0.272599
   2013   100-104  0.426578     0.510770     0.436836
   2013   105-109  0.564103     2.000000     0.600000
   2013   110+     0.857143            .     0.857143
   2014     0      0.001739     0.002052     0.001900
   2014     1-4    0.000182     0.000205     0.000194
   2014     5-9    0.000000     0.000099     0.000051
   2014    10-14   0.000045     0.000149     0.000098
   2014    15-19   0.000185     0.000423     0.000309
   2014    20-24   0.000231     0.000619     0.000436
   2014    25-29   0.000273     0.000702     0.000498
   2014    30-34   0.000302     0.000831     0.000578
   2014    35-39   0.000508     0.000946     0.000737
   2014    40-44   0.000749     0.001375     0.001075
   2014    45-49   0.001168     0.001768     0.001476
   2014    50-54   0.001898     0.003828     0.002889
   2014    55-59   0.002678     0.005830     0.004292
   2014    60-64   0.004092     0.009001     0.006600
   2014    65-69   0.006726     0.013299     0.010042
   2014    70-74   0.009421     0.021380     0.015057
   2014    75-79   0.016474     0.037352     0.025452
   2014    80-84   0.033669     0.069541     0.047521
   2014    85-89   0.070634     0.126313     0.088732
   2014    90-94   0.142337     0.210393     0.158758
   2014    95-99   0.256231     0.330651     0.270169
   2014   100-104  0.423870     0.432567     0.425006
   2014   105-109  0.700000     0.705882     0.700389
   2014   110+     0.000000            .     0.000000
   2015     0      0.001622     0.003292     0.002469
   2015     1-4    0.000187     0.000176     0.000181
   2015     5-9    0.000081     0.000102     0.000092
   2015    10-14   0.000047     0.000044     0.000046
   2015    15-19   0.000209     0.000383     0.000300
   2015    20-24   0.000216     0.000638     0.000441
   2015    25-29   0.000261     0.000793     0.000542
   2015    30-34   0.000395     0.000909     0.000664
   2015    35-39   0.000585     0.000879     0.000739
   2015    40-44   0.000814     0.001461     0.001154
   2015    45-49   0.001418     0.002307     0.001878
   2015    50-54   0.002203     0.003494     0.002869
   2015    55-59   0.002554     0.005234     0.003931
   2015    60-64   0.003589     0.008858     0.006283
   2015    65-69   0.005988     0.013466     0.009787
   2015    70-74   0.009706     0.022644     0.015853
   2015    75-79   0.018064     0.037278     0.026435
   2015    80-84   0.033823     0.068358     0.047243
   2015    85-89   0.072495     0.125914     0.089971
   2015    90-94   0.141837     0.202437     0.156738
   2015    95-99   0.265422     0.309370     0.273799
   2015   100-104  0.393468     0.541999     0.412840
   2015   105-109  0.423792     0.214286     0.404040
   2015   110+     3.000000            .     3.000000
   2016     0      0.001650     0.002349     0.002003
   2016     1-4    0.000301     0.000215     0.000257
   2016     5-9    0.000111     0.000079     0.000095
   2016    10-14   0.000073     0.000093     0.000083
   2016    15-19   0.000140     0.000492     0.000323
   2016    20-24   0.000279     0.000971     0.000649
   2016    25-29   0.000246     0.000375     0.000314
   2016    30-34   0.000574     0.000711     0.000646
   2016    35-39   0.000416     0.001288     0.000874
   2016    40-44   0.000868     0.001324     0.001108
   2016    45-49   0.001222     0.002084     0.001670
   2016    50-54   0.001998     0.003752     0.002904
   2016    55-59   0.002506     0.005420     0.004002
   2016    60-64   0.003981     0.009062     0.006576
   2016    65-69   0.006177     0.013942     0.010123
   2016    70-74   0.009709     0.021635     0.015410
   2016    75-79   0.016081     0.034342     0.024119
   2016    80-84   0.033078     0.062993     0.044774
   2016    85-89   0.072204     0.120844     0.088289
   2016    90-94   0.138958     0.200526     0.154512
   2016    95-99   0.251253     0.327017     0.265577
   2016   100-104  0.398564     0.570461     0.421211
   2016   105-109  0.668790     0.685714     0.670487
   2016   110+            .            .            .
   2017     0      0.001678     0.001616     0.001646
   2017     1-4    0.000187     0.000180     0.000183
   2017     5-9    0.000143     0.000000     0.000069
   2017    10-14   0.000125     0.000167     0.000146
   2017    15-19   0.000215     0.000219     0.000217
   2017    20-24   0.000280     0.000587     0.000444
   2017    25-29   0.000177     0.000542     0.000370
   2017    30-34   0.000390     0.000721     0.000564
   2017    35-39   0.000545     0.000830     0.000694
   2017    40-44   0.000810     0.001415     0.001129
   2017    45-49   0.001481     0.002187     0.001849
   2017    50-54   0.001742     0.003669     0.002737
   2017    55-59   0.002569     0.005178     0.003906
   2017    60-64   0.003727     0.008750     0.006288
   2017    65-69   0.005827     0.014235     0.010082
   2017    70-74   0.009646     0.022345     0.015779
   2017    75-79   0.017103     0.036811     0.025846
   2017    80-84   0.032546     0.067763     0.046357
   2017    85-89   0.069015     0.121743     0.086554
   2017    90-94   0.137288     0.206536     0.155215
   2017    95-99   0.245939     0.318164     0.259278
   2017   100-104  0.409782     0.512943     0.423643
   2017   105-109  0.598549     0.533333     0.590740
   2017   110+     0.000000            .     0.000000
   2018     0      0.002074     0.002313     0.002196
   2018     1-4    0.000263     0.000289     0.000276
   2018     5-9    0.000000     0.000082     0.000042
   2018    10-14   0.000179     0.000171     0.000175
   2018    15-19   0.000149     0.000272     0.000213
   2018    20-24   0.000195     0.000465     0.000339
   2018    25-29   0.000392     0.000719     0.000565
   2018    30-34   0.000489     0.001019     0.000768
   2018    35-39   0.000636     0.001049     0.000852
   2018    40-44   0.000741     0.001527     0.001154
   2018    45-49   0.001112     0.002142     0.001651
   2018    50-54   0.001501     0.003436     0.002500
   2018    55-59   0.002698     0.004983     0.003868
   2018    60-64   0.003622     0.008732     0.006221
   2018    65-69   0.006063     0.013691     0.009905
   2018    70-74   0.008875     0.022494     0.015517
   2018    75-79   0.016860     0.034741     0.024857
   2018    80-84   0.032601     0.062000     0.044188
   2018    85-89   0.069301     0.115748     0.084803
   2018    90-94   0.136155     0.203166     0.153752
   2018    95-99   0.240587     0.314823     0.254205
   2018   100-104  0.419088     0.541605     0.436353
   2018   105-109  0.725583     0.382979     0.681007
   2018   110+     3.000000            .     3.000000
   2019     0      0.001865     0.003014     0.002444
   2019     1-4    0.000307     0.000186     0.000245
   2019     5-9    0.000059     0.000083     0.000071
   2019    10-14   0.000053     0.000200     0.000128
   2019    15-19   0.000228     0.000324     0.000278
   2019    20-24   0.000227     0.000422     0.000331
   2019    25-29   0.000350     0.000570     0.000467
   2019    30-34   0.000409     0.000699     0.000561
   2019    35-39   0.000446     0.000904     0.000686
   2019    40-44   0.000710     0.001479     0.001114
   2019    45-49   0.001065     0.001936     0.001522
   2019    50-54   0.002216     0.003445     0.002850
   2019    55-59   0.002381     0.005862     0.004161
   2019    60-64   0.003472     0.008699     0.006125
   2019    65-69   0.005338     0.013674     0.009522
   2019    70-74   0.008389     0.020489     0.014328
   2019    75-79   0.016669     0.037114     0.025870
   2019    80-84   0.031751     0.062479     0.043940
   2019    85-89   0.067314     0.116796     0.083983
   2019    90-94   0.136362     0.195202     0.151867
   2019    95-99   0.255379     0.317142     0.266913
   2019   100-104  0.417115     0.388198     0.413063
   2019   105-109  0.455396     0.685714     0.475353
   2019   110+            .            .            .
   2020     0      0.002369     0.002670     0.002522
   2020     1-4    0.000120     0.000156     0.000138
   2020     5-9    0.000059     0.000000     0.000029
   2020    10-14   0.000108     0.000051     0.000079
   2020    15-19   0.000178     0.000257     0.000219
   2020    20-24   0.000354     0.000512     0.000438
   2020    25-29   0.000329     0.000433     0.000384
   2020    30-34   0.000235     0.000979     0.000626
   2020    35-39   0.000578     0.000978     0.000788
   2020    40-44   0.000766     0.001338     0.001066
   2020    45-49   0.001206     0.001955     0.001599
   2020    50-54   0.001704     0.003223     0.002489
   2020    55-59   0.002455     0.005068     0.003791
   2020    60-64   0.003456     0.008277     0.005897
   2020    65-69   0.005976     0.013667     0.009821
   2020    70-74   0.008500     0.021714     0.015010
   2020    75-79   0.015916     0.033952     0.024065
   2020    80-84   0.031060     0.060022     0.042630
   2020    85-89   0.063078     0.109510     0.078817
   2020    90-94   0.131895     0.194190     0.148499
   2020    95-99   0.230389     0.296716     0.243174
   2020   100-104  0.406306     0.486077     0.417734
   2020   105-109  0.562775     0.677966     0.571404
   2020   110+     2.400000            .     2.400000
   2021     0      0.002503     0.002231     0.002365
   2021     1-4    0.000211     0.000370     0.000292
   2021     5-9    0.000059     0.000141     0.000101
   2021    10-14   0.000110     0.000104     0.000107
   2021    15-19   0.000327     0.000282     0.000303
   2021    20-24   0.000359     0.000592     0.000484
   2021    25-29   0.000365     0.000613     0.000497
   2021    30-34   0.000317     0.000684     0.000510
   2021    35-39   0.000610     0.000899     0.000761
   2021    40-44   0.000902     0.001449     0.001189
   2021    45-49   0.001222     0.002312     0.001795
   2021    50-54   0.001726     0.003375     0.002581
   2021    55-59   0.002691     0.005365     0.004060
   2021    60-64   0.003919     0.008476     0.006221
   2021    65-69   0.006073     0.013181     0.009621
   2021    70-74   0.008915     0.020465     0.014603
   2021    75-79   0.016817     0.036076     0.025574
   2021    80-84   0.030493     0.061724     0.043101
   2021    85-89   0.064631     0.114027     0.081452
   2021    90-94   0.135767     0.197390     0.152463
   2021    95-99   0.239290     0.316234     0.254322
   2021   100-104  0.388279     0.544538     0.410089
   2021   105-109  0.540719     0.587372     0.544563
   2021   110+     4.000000            .     4.000000
   2022     0      0.002405     0.002301     0.002352
   2022     1-4    0.000178     0.000173     0.000175
   2022     5-9    0.000030     0.000115     0.000073
   2022    10-14   0.000057     0.000053     0.000055
   2022    15-19   0.000226     0.000404     0.000318
   2022    20-24   0.000261     0.000428     0.000351
   2022    25-29   0.000344     0.000827     0.000602
   2022    30-34   0.000253     0.000634     0.000454
   2022    35-39   0.000429     0.001108     0.000786
   2022    40-44   0.000928     0.001550     0.001254
   2022    45-49   0.001438     0.002200     0.001839
   2022    50-54   0.002380     0.003392     0.002906
   2022    55-59   0.002505     0.004979     0.003774
   2022    60-64   0.003794     0.008285     0.006062
   2022    65-69   0.006726     0.014119     0.010417
   2022    70-74   0.009610     0.022721     0.016048
   2022    75-79   0.016868     0.036544     0.025923
   2022    80-84   0.033314     0.067070     0.047116
   2022    85-89   0.068916     0.113700     0.084286
   2022    90-94   0.144735     0.218606     0.164879
   2022    95-99   0.258853     0.329997     0.273064
   2022   100-104  0.416158     0.471879     0.423658
   2022   105-109  0.608040     0.509771     0.598620
   2022   110+     0.000000     6.000000     2.142857
