18.Fukui.ken, Death Rates (period 5x1)     Last modified:2023-12-05, ver.004_004 JMD(IPSS)

   Year      Age       Female       Male         Total
   1947     0      0.103859     0.119270     0.111763
   1947     1-4    0.023051     0.023511     0.023284
   1947     5-9    0.003507     0.003470     0.003488
   1947    10-14   0.001778     0.001497     0.001638
   1947    15-19   0.005384     0.004813     0.005106
   1947    20-24   0.008580     0.009279     0.008905
   1947    25-29   0.008263     0.010199     0.009099
   1947    30-34   0.007779     0.008340     0.008029
   1947    35-39   0.008343     0.008307     0.008326
   1947    40-44   0.007329     0.010326     0.008815
   1947    45-49   0.010379     0.011537     0.010967
   1947    50-54   0.014189     0.016671     0.015438
   1947    55-59   0.015445     0.024809     0.020021
   1947    60-64   0.028774     0.042306     0.035014
   1947    65-69   0.041018     0.057140     0.048158
   1947    70-74   0.058154     0.085313     0.069510
   1947    75-79   0.100146     0.125854     0.109620
   1947    80-84   0.171007     0.191726     0.177848
   1947    85-89   0.265239     0.241549     0.257913
   1947    90-94   0.417553     0.264434     0.374244
   1947    95-99   0.189573     1.111699     0.534230
   1947   100-104  3.370787     0.000000     3.108808
   1947   105-109  0.000000            .     0.000000
   1947   110+            .            .            .
   1948     0      0.095441     0.103814     0.099743
   1948     1-4    0.026131     0.026687     0.026413
   1948     5-9    0.008018     0.006482     0.007234
   1948    10-14   0.005228     0.003300     0.004260
   1948    15-19   0.007095     0.004738     0.005944
   1948    20-24   0.011258     0.009121     0.010238
   1948    25-29   0.011046     0.010370     0.010756
   1948    30-34   0.011192     0.009588     0.010481
   1948    35-39   0.011103     0.010146     0.010659
   1948    40-44   0.011277     0.009727     0.010517
   1948    45-49   0.011787     0.012022     0.011906
   1948    50-54   0.016620     0.016873     0.016747
   1948    55-59   0.022090     0.025261     0.023649
   1948    60-64   0.031456     0.038150     0.034566
   1948    65-69   0.044838     0.052356     0.048168
   1948    70-74   0.065068     0.083584     0.072834
   1948    75-79   0.099483     0.115044     0.105312
   1948    80-84   0.158416     0.186556     0.167702
   1948    85-89   0.249277     0.301474     0.265837
   1948    90-94   0.222493     0.428391     0.277869
   1948    95-99   0.400160     0.177410     0.330913
   1948   100-104  0.000000     0.000000     0.000000
   1948   105-109  0.000000            .     0.000000
   1948   110+            .            .            .
   1949     0      0.073196     0.081808     0.077620
   1949     1-4    0.014433     0.013664     0.014040
   1949     5-9    0.002722     0.002409     0.002562
   1949    10-14   0.001390     0.001341     0.001365
   1949    15-19   0.003283     0.003196     0.003240
   1949    20-24   0.006585     0.007033     0.006802
   1949    25-29   0.006812     0.007741     0.007211
   1949    30-34   0.006438     0.007202     0.006775
   1949    35-39   0.006435     0.006323     0.006384
   1949    40-44   0.005530     0.008479     0.006959
   1949    45-49   0.009234     0.010437     0.009842
   1949    50-54   0.009479     0.013399     0.011453
   1949    55-59   0.016429     0.020305     0.018349
   1949    60-64   0.020239     0.032154     0.025837
   1949    65-69   0.037065     0.049921     0.042760
   1949    70-74   0.053560     0.067136     0.059284
   1949    75-79   0.088624     0.104392     0.094666
   1949    80-84   0.140968     0.187371     0.156280
   1949    85-89   0.230115     0.257857     0.239011
   1949    90-94   0.304214     0.419952     0.332245
   1949    95-99   0.409137     0.477707     0.429697
   1949   100-104  0.000000     0.000000     0.000000
   1949   105-109  0.000000            .     0.000000
   1949   110+            .            .            .
   1950     0      0.073652     0.077859     0.075803
   1950     1-4    0.013414     0.012994     0.013199
   1950     5-9    0.002261     0.002403     0.002333
   1950    10-14   0.001389     0.000886     0.001134
   1950    15-19   0.002080     0.001864     0.001973
   1950    20-24   0.005716     0.005066     0.005399
   1950    25-29   0.005879     0.005675     0.005790
   1950    30-34   0.004752     0.005830     0.005226
   1950    35-39   0.004472     0.005775     0.005062
   1950    40-44   0.005668     0.006876     0.006248
   1950    45-49   0.008005     0.009119     0.008564
   1950    50-54   0.009704     0.010829     0.010272
   1950    55-59   0.015271     0.018857     0.017056
   1950    60-64   0.020019     0.030048     0.024765
   1950    65-69   0.035041     0.051292     0.042247
   1950    70-74   0.052993     0.082733     0.065524
   1950    75-79   0.090263     0.119423     0.101552
   1950    80-84   0.142872     0.166546     0.150644
   1950    85-89   0.214812     0.313319     0.245391
   1950    90-94   0.304308     0.249873     0.291326
   1950    95-99   0.457865     0.563204     0.485084
   1950   100-104  1.392111     0.000000     0.923077
   1950   105-109  0.000000            .     0.000000
   1950   110+            .            .            .
   1951     0      0.070035     0.078421     0.074340
   1951     1-4    0.013061     0.013202     0.013134
   1951     5-9    0.001770     0.001689     0.001729
   1951    10-14   0.001267     0.000918     0.001090
   1951    15-19   0.001917     0.001922     0.001920
   1951    20-24   0.002900     0.004193     0.003531
   1951    25-29   0.004690     0.004646     0.004670
   1951    30-34   0.004235     0.004529     0.004363
   1951    35-39   0.004377     0.004825     0.004578
   1951    40-44   0.004688     0.005556     0.005100
   1951    45-49   0.007052     0.009315     0.008180
   1951    50-54   0.008810     0.011786     0.010317
   1951    55-59   0.015815     0.016879     0.016346
   1951    60-64   0.019644     0.030261     0.024703
   1951    65-69   0.034224     0.044839     0.038951
   1951    70-74   0.052552     0.072445     0.060937
   1951    75-79   0.086324     0.109169     0.095214
   1951    80-84   0.136297     0.161925     0.144833
   1951    85-89   0.207042     0.241995     0.217359
   1951    90-94   0.277989     0.400658     0.308102
   1951    95-99   0.323654     0.170989     0.287042
   1951   100-104  0.000000     0.000000     0.000000
   1951   105-109  0.000000            .     0.000000
   1951   110+     0.000000            .     0.000000
   1952     0      0.062357     0.070230     0.066387
   1952     1-4    0.009542     0.008441     0.008978
   1952     5-9    0.001603     0.001906     0.001757
   1952    10-14   0.000889     0.000786     0.000837
   1952    15-19   0.001468     0.001731     0.001597
   1952    20-24   0.003474     0.003314     0.003396
   1952    25-29   0.003699     0.003215     0.003473
   1952    30-34   0.003371     0.004947     0.004051
   1952    35-39   0.004290     0.004363     0.004322
   1952    40-44   0.005288     0.005840     0.005546
   1952    45-49   0.005637     0.007728     0.006671
   1952    50-54   0.009073     0.010280     0.009684
   1952    55-59   0.013875     0.016393     0.015134
   1952    60-64   0.019706     0.028531     0.023946
   1952    65-69   0.032599     0.048351     0.039645
   1952    70-74   0.059212     0.073185     0.065135
   1952    75-79   0.090936     0.109703     0.098292
   1952    80-84   0.140501     0.169492     0.150390
   1952    85-89   0.206945     0.278982     0.227713
   1952    90-94   0.345331     0.390144     0.356707
   1952    95-99   0.312682     0.286191     0.306373
   1952   100-104  0.000000     0.000000     0.000000
   1952   105-109  0.000000     0.000000     0.000000
   1952   110+     0.000000            .     0.000000
   1953     0      0.059202     0.061025     0.060127
   1953     1-4    0.007429     0.006846     0.007130
   1953     5-9    0.001308     0.001626     0.001469
   1953    10-14   0.000918     0.001046     0.000983
   1953    15-19   0.001214     0.001631     0.001416
   1953    20-24   0.002888     0.002405     0.002653
   1953    25-29   0.003037     0.003295     0.003161
   1953    30-34   0.003116     0.003276     0.003185
   1953    35-39   0.003417     0.004305     0.003809
   1953    40-44   0.004561     0.005798     0.005133
   1953    45-49   0.006065     0.007836     0.006931
   1953    50-54   0.007738     0.010396     0.009082
   1953    55-59   0.012017     0.018580     0.015291
   1953    60-64   0.019566     0.031004     0.025106
   1953    65-69   0.030862     0.044887     0.037187
   1953    70-74   0.052137     0.074086     0.061455
   1953    75-79   0.087837     0.120361     0.100610
   1953    80-84   0.164121     0.160891     0.162986
   1953    85-89   0.288987     0.261265     0.280851
   1953    90-94   0.398323     0.359597     0.387709
   1953    95-99   0.276152     0.283111     0.277681
   1953   100-104  1.038023     0.000000     0.603982
   1953   105-109  0.489796     0.000000     0.303797
   1953   110+     3.000000            .     3.000000
   1954     0      0.055288     0.056268     0.055791
   1954     1-4    0.006539     0.005559     0.006038
   1954     5-9    0.001263     0.001418     0.001342
   1954    10-14   0.000553     0.000659     0.000607
   1954    15-19   0.000830     0.001712     0.001253
   1954    20-24   0.002016     0.003077     0.002528
   1954    25-29   0.002719     0.002986     0.002850
   1954    30-34   0.002544     0.003251     0.002849
   1954    35-39   0.004015     0.003338     0.003718
   1954    40-44   0.004332     0.004526     0.004421
   1954    45-49   0.005261     0.006056     0.005646
   1954    50-54   0.007682     0.010173     0.008940
   1954    55-59   0.010853     0.014593     0.012718
   1954    60-64   0.015640     0.025753     0.020577
   1954    65-69   0.027529     0.043204     0.034672
   1954    70-74   0.041411     0.064828     0.051331
   1954    75-79   0.074824     0.103493     0.086053
   1954    80-84   0.119678     0.140447     0.127144
   1954    85-89   0.215561     0.251183     0.226434
   1954    90-94   0.266234     0.472902     0.322015
   1954    95-99   0.339367     0.000000     0.260807
   1954   100-104  0.000000     0.000000     0.000000
   1954   105-109  0.000000     0.000000     0.000000
   1954   110+     0.000000            .     0.000000
   1955     0      0.048598     0.053149     0.050941
   1955     1-4    0.004694     0.003897     0.004286
   1955     5-9    0.001317     0.001728     0.001527
   1955    10-14   0.000509     0.000694     0.000603
   1955    15-19   0.001159     0.001229     0.001193
   1955    20-24   0.001809     0.002895     0.002324
   1955    25-29   0.003090     0.002175     0.002638
   1955    30-34   0.002314     0.002146     0.002240
   1955    35-39   0.002992     0.004150     0.003499
   1955    40-44   0.003920     0.004078     0.003991
   1955    45-49   0.005330     0.006096     0.005697
   1955    50-54   0.008723     0.010290     0.009508
   1955    55-59   0.011236     0.015161     0.013202
   1955    60-64   0.017382     0.025729     0.021479
   1955    65-69   0.030011     0.045787     0.037254
   1955    70-74   0.046309     0.063915     0.053770
   1955    75-79   0.076370     0.100069     0.085673
   1955    80-84   0.125831     0.140206     0.131045
   1955    85-89   0.204621     0.221492     0.209840
   1955    90-94   0.357049     0.444626     0.378341
   1955    95-99   0.482426     0.722633     0.535076
   1955   100-104  0.823197     0.720695     0.772532
   1955   105-109  0.240000     0.584416     0.448819
   1955   110+     0.000000            .     0.000000
   1956     0      0.045013     0.059809     0.052591
   1956     1-4    0.004382     0.004374     0.004378
   1956     5-9    0.001075     0.001287     0.001183
   1956    10-14   0.000648     0.000532     0.000589
   1956    15-19   0.001100     0.001609     0.001346
   1956    20-24   0.001909     0.003024     0.002430
   1956    25-29   0.001888     0.002377     0.002130
   1956    30-34   0.002705     0.003004     0.002841
   1956    35-39   0.003350     0.003208     0.003289
   1956    40-44   0.003062     0.004674     0.003782
   1956    45-49   0.004405     0.006057     0.005189
   1956    50-54   0.007354     0.010471     0.008903
   1956    55-59   0.010147     0.017100     0.013638
   1956    60-64   0.017705     0.027396     0.022472
   1956    65-69   0.026425     0.042057     0.033650
   1956    70-74   0.047228     0.069057     0.056489
   1956    75-79   0.088593     0.110372     0.097233
   1956    80-84   0.132321     0.188447     0.152571
   1956    85-89   0.237374     0.285040     0.252353
   1956    90-94   0.324142     0.297259     0.317703
   1956    95-99   0.813569     0.191243     0.677071
   1956   100-104  0.000000     0.911917     0.321168
   1956   105-109  0.000000     0.496815     0.323651
   1956   110+     0.000000            .     0.000000
   1957     0      0.048998     0.049223     0.049114
   1957     1-4    0.003817     0.004191     0.004008
   1957     5-9    0.000661     0.001259     0.000967
   1957    10-14   0.000487     0.000705     0.000596
   1957    15-19   0.000693     0.001393     0.001031
   1957    20-24   0.002338     0.002614     0.002466
   1957    25-29   0.002446     0.002336     0.002392
   1957    30-34   0.002202     0.002230     0.002215
   1957    35-39   0.002931     0.003387     0.003127
   1957    40-44   0.003210     0.005284     0.004132
   1957    45-49   0.004483     0.006249     0.005306
   1957    50-54   0.007605     0.010667     0.009113
   1957    55-59   0.012305     0.017839     0.015082
   1957    60-64   0.017675     0.029339     0.023414
   1957    65-69   0.031721     0.048518     0.039541
   1957    70-74   0.062770     0.084543     0.071991
   1957    75-79   0.095968     0.124945     0.107548
   1957    80-84   0.155556     0.205713     0.173384
   1957    85-89   0.260524     0.294189     0.271263
   1957    90-94   0.327062     0.532089     0.375248
   1957    95-99   0.675558     0.866403     0.729091
   1957   100-104  1.088734     2.119149     1.284330
   1957   105-109  2.100000     2.400000     2.266667
   1957   110+     2.000000            .     2.000000
   1958     0      0.039001     0.047187     0.043218
   1958     1-4    0.003101     0.003119     0.003110
   1958     5-9    0.000799     0.001134     0.000970
   1958    10-14   0.000538     0.000921     0.000730
   1958    15-19   0.000763     0.000965     0.000860
   1958    20-24   0.001701     0.002449     0.002048
   1958    25-29   0.002282     0.002315     0.002298
   1958    30-34   0.002543     0.002499     0.002522
   1958    35-39   0.002340     0.002627     0.002463
   1958    40-44   0.003258     0.003945     0.003561
   1958    45-49   0.004896     0.005959     0.005386
   1958    50-54   0.006772     0.009723     0.008209
   1958    55-59   0.009944     0.015458     0.012708
   1958    60-64   0.014165     0.024005     0.018987
   1958    65-69   0.025323     0.037312     0.030953
   1958    70-74   0.046196     0.072194     0.057268
   1958    75-79   0.075790     0.117487     0.092352
   1958    80-84   0.127507     0.176607     0.144854
   1958    85-89   0.223062     0.256617     0.233762
   1958    90-94   0.348185     0.464869     0.376657
   1958    95-99   0.787402     0.522193     0.714796
   1958   100-104  1.840491     0.000000     1.542416
   1958   105-109         .            .            .
   1958   110+            .            .            .
   1959     0      0.039408     0.043828     0.041664
   1959     1-4    0.003638     0.003219     0.003423
   1959     5-9    0.000624     0.001309     0.000974
   1959    10-14   0.000315     0.000428     0.000372
   1959    15-19   0.000789     0.001426     0.001089
   1959    20-24   0.001438     0.002526     0.001937
   1959    25-29   0.001857     0.002248     0.002048
   1959    30-34   0.002064     0.002652     0.002355
   1959    35-39   0.002335     0.003021     0.002630
   1959    40-44   0.002820     0.003347     0.003052
   1959    45-49   0.004150     0.006096     0.005035
   1959    50-54   0.006460     0.009221     0.007790
   1959    55-59   0.011302     0.014863     0.013082
   1959    60-64   0.012816     0.025629     0.019093
   1959    65-69   0.026137     0.039137     0.032301
   1959    70-74   0.047473     0.071031     0.057614
   1959    75-79   0.078579     0.110026     0.090900
   1959    80-84   0.121434     0.185117     0.143776
   1959    85-89   0.220614     0.238412     0.226262
   1959    90-94   0.325429     0.277328     0.312223
   1959    95-99   0.245633     0.784827     0.338715
   1959   100-104  0.000000     4.958678     1.621622
   1959   105-109         .            .            .
   1959   110+            .            .            .
   1960     0      0.031988     0.040703     0.036445
   1960     1-4    0.002228     0.002613     0.002425
   1960     5-9    0.000349     0.000922     0.000642
   1960    10-14   0.000181     0.000680     0.000435
   1960    15-19   0.000563     0.000938     0.000737
   1960    20-24   0.001795     0.001954     0.001866
   1960    25-29   0.001946     0.001781     0.001866
   1960    30-34   0.001859     0.001954     0.001906
   1960    35-39   0.002205     0.003335     0.002700
   1960    40-44   0.002707     0.003612     0.003104
   1960    45-49   0.004649     0.006467     0.005465
   1960    50-54   0.006062     0.008088     0.007030
   1960    55-59   0.009817     0.015636     0.012704
   1960    60-64   0.014860     0.024164     0.019439
   1960    65-69   0.026103     0.043627     0.034447
   1960    70-74   0.049580     0.073246     0.059866
   1960    75-79   0.086169     0.117146     0.098212
   1960    80-84   0.150643     0.193949     0.165786
   1960    85-89   0.224508     0.255468     0.234281
   1960    90-94   0.412529     0.348507     0.393750
   1960    95-99   0.317237     0.582418     0.340514
   1960   100-104  4.240283            .     4.240283
   1960   105-109         .            .            .
   1960   110+            .            .            .
   1961     0      0.032325     0.036591     0.034525
   1961     1-4    0.002279     0.002560     0.002423
   1961     5-9    0.000797     0.000790     0.000794
   1961    10-14   0.000129     0.000500     0.000317
   1961    15-19   0.000502     0.000986     0.000728
   1961    20-24   0.001119     0.002168     0.001589
   1961    25-29   0.001624     0.002391     0.001993
   1961    30-34   0.001859     0.001980     0.001919
   1961    35-39   0.001984     0.001965     0.001975
   1961    40-44   0.003072     0.003685     0.003339
   1961    45-49   0.004721     0.005919     0.005255
   1961    50-54   0.006875     0.009466     0.008099
   1961    55-59   0.009416     0.013711     0.011531
   1961    60-64   0.013042     0.024188     0.018541
   1961    65-69   0.026402     0.039520     0.032660
   1961    70-74   0.050316     0.068057     0.058117
   1961    75-79   0.083588     0.115723     0.096063
   1961    80-84   0.147390     0.188880     0.161985
   1961    85-89   0.239562     0.311475     0.261749
   1961    90-94   0.341150     0.366964     0.348960
   1961    95-99   0.185920     1.064459     0.269255
   1961   100-104  0.000000            .     0.000000
   1961   105-109         .            .            .
   1961   110+            .            .            .
   1962     0      0.031876     0.030132     0.030972
   1962     1-4    0.001749     0.002422     0.002094
   1962     5-9    0.000543     0.000893     0.000722
   1962    10-14   0.000347     0.000592     0.000471
   1962    15-19   0.000628     0.001077     0.000839
   1962    20-24   0.001248     0.001902     0.001545
   1962    25-29   0.001340     0.001718     0.001520
   1962    30-34   0.001935     0.002340     0.002137
   1962    35-39   0.001693     0.002613     0.002127
   1962    40-44   0.003144     0.004518     0.003736
   1962    45-49   0.003553     0.005870     0.004583
   1962    50-54   0.006489     0.008456     0.007404
   1962    55-59   0.009666     0.014897     0.012223
   1962    60-64   0.017604     0.024541     0.021030
   1962    65-69   0.025044     0.039004     0.031718
   1962    70-74   0.053726     0.071116     0.061466
   1962    75-79   0.095602     0.126997     0.107803
   1962    80-84   0.150040     0.204314     0.169153
   1962    85-89   0.237551     0.262404     0.245076
   1962    90-94   0.310886     0.423638     0.344506
   1962    95-99   0.538250     0.273473     0.507556
   1962   100-104  0.000000            .     0.000000
   1962   105-109         .            .            .
   1962   110+            .            .            .
   1963     0      0.022384     0.030526     0.026543
   1963     1-4    0.001681     0.002441     0.002071
   1963     5-9    0.000599     0.001055     0.000832
   1963    10-14   0.000208     0.000407     0.000309
   1963    15-19   0.000544     0.000918     0.000721
   1963    20-24   0.001151     0.001938     0.001511
   1963    25-29   0.001445     0.002092     0.001752
   1963    30-34   0.001691     0.002107     0.001897
   1963    35-39   0.001940     0.002935     0.002424
   1963    40-44   0.002895     0.003494     0.003152
   1963    45-49   0.003651     0.006604     0.004956
   1963    50-54   0.005598     0.008478     0.006922
   1963    55-59   0.009177     0.012830     0.010947
   1963    60-64   0.013185     0.024544     0.018797
   1963    65-69   0.022146     0.037755     0.029590
   1963    70-74   0.041989     0.059046     0.049674
   1963    75-79   0.083030     0.106311     0.092217
   1963    80-84   0.123339     0.160474     0.136351
   1963    85-89   0.200377     0.285544     0.225659
   1963    90-94   0.264165     0.448437     0.314862
   1963    95-99   0.267686     0.181984     0.252805
   1963   100-104  0.000000            .     0.000000
   1963   105-109         .            .            .
   1963   110+            .            .            .
   1964     0      0.021180     0.027394     0.024326
   1964     1-4    0.001414     0.001712     0.001566
   1964     5-9    0.000513     0.000646     0.000581
   1964    10-14   0.000428     0.000540     0.000484
   1964    15-19   0.000536     0.000909     0.000714
   1964    20-24   0.000922     0.001745     0.001297
   1964    25-29   0.001078     0.001821     0.001430
   1964    30-34   0.001374     0.002148     0.001757
   1964    35-39   0.001387     0.002571     0.001975
   1964    40-44   0.002982     0.003440     0.003180
   1964    45-49   0.003468     0.005092     0.004183
   1964    50-54   0.004804     0.008511     0.006489
   1964    55-59   0.007104     0.013648     0.010249
   1964    60-64   0.010782     0.023641     0.017120
   1964    65-69   0.020180     0.038681     0.029002
   1964    70-74   0.038784     0.058500     0.047772
   1964    75-79   0.078255     0.096540     0.085624
   1964    80-84   0.133053     0.174637     0.147540
   1964    85-89   0.197969     0.251363     0.213437
   1964    90-94   0.336061     0.318499     0.331375
   1964    95-99   0.399830     0.241109     0.363061
   1964   100-104  1.416765            .     1.416765
   1964   105-109         .            .            .
   1964   110+            .            .            .
   1965     0      0.021023     0.028592     0.024890
   1965     1-4    0.002031     0.001941     0.001985
   1965     5-9    0.000394     0.000695     0.000547
   1965    10-14   0.000271     0.000474     0.000374
   1965    15-19   0.000421     0.001017     0.000708
   1965    20-24   0.000943     0.001452     0.001171
   1965    25-29   0.001157     0.002071     0.001592
   1965    30-34   0.001591     0.002157     0.001869
   1965    35-39   0.001762     0.002517     0.002139
   1965    40-44   0.002330     0.003777     0.002967
   1965    45-49   0.003744     0.004914     0.004259
   1965    50-54   0.005593     0.008310     0.006815
   1965    55-59   0.008729     0.014678     0.011567
   1965    60-64   0.014914     0.023074     0.018909
   1965    65-69   0.023664     0.036489     0.029813
   1965    70-74   0.040559     0.066751     0.052554
   1965    75-79   0.080563     0.104103     0.090174
   1965    80-84   0.150835     0.186705     0.163281
   1965    85-89   0.229187     0.283303     0.244774
   1965    90-94   0.344716     0.361295     0.349153
   1965    95-99   0.406023     0.366356     0.394637
   1965   100-104  0.000000            .     0.000000
   1965   105-109         .            .            .
   1965   110+            .            .            .
   1966     0      0.016758     0.025263     0.021149
   1966     1-4    0.001637     0.001488     0.001561
   1966     5-9    0.000838     0.000385     0.000607
   1966    10-14   0.000290     0.000536     0.000415
   1966    15-19   0.000495     0.001050     0.000764
   1966    20-24   0.001045     0.001611     0.001299
   1966    25-29   0.000870     0.001597     0.001217
   1966    30-34   0.000986     0.001935     0.001450
   1966    35-39   0.001790     0.002154     0.001972
   1966    40-44   0.002402     0.003316     0.002817
   1966    45-49   0.003079     0.004703     0.003788
   1966    50-54   0.004788     0.007645     0.006064
   1966    55-59   0.006727     0.013242     0.009791
   1966    60-64   0.012862     0.021985     0.017300
   1966    65-69   0.022554     0.035554     0.028813
   1966    70-74   0.042251     0.062353     0.051438
   1966    75-79   0.070405     0.097286     0.081518
   1966    80-84   0.123557     0.152375     0.133641
   1966    85-89   0.194934     0.228842     0.204917
   1966    90-94   0.308894     0.355282     0.320963
   1966    95-99   0.520868     0.350263     0.467311
   1966   100-104  0.233010     0.000000     0.221648
   1966   105-109         .            .            .
   1966   110+            .            .            .
   1967     0      0.015193     0.024335     0.019856
   1967     1-4    0.001295     0.001755     0.001530
   1967     5-9    0.000508     0.000679     0.000595
   1967    10-14   0.000367     0.000566     0.000468
   1967    15-19   0.000459     0.000871     0.000659
   1967    20-24   0.001038     0.001339     0.001175
   1967    25-29   0.001100     0.001628     0.001353
   1967    30-34   0.000995     0.001293     0.001140
   1967    35-39   0.001599     0.001941     0.001770
   1967    40-44   0.001694     0.003498     0.002545
   1967    45-49   0.002972     0.004699     0.003718
   1967    50-54   0.004944     0.007918     0.006265
   1967    55-59   0.007801     0.012019     0.009749
   1967    60-64   0.013284     0.020586     0.016811
   1967    65-69   0.021944     0.034805     0.028137
   1967    70-74   0.036378     0.057303     0.045928
   1967    75-79   0.072180     0.101535     0.084456
   1967    80-84   0.133668     0.169313     0.146301
   1967    85-89   0.192773     0.244072     0.208293
   1967    90-94   0.280385     0.353513     0.298410
   1967    95-99   0.374766     0.360395     0.370537
   1967   100-104  0.999584     2.247191     1.124438
   1967   105-109         .            .            .
   1967   110+            .            .            .
   1968     0      0.014210     0.022052     0.018205
   1968     1-4    0.001503     0.001665     0.001586
   1968     5-9    0.000409     0.000814     0.000616
   1968    10-14   0.000255     0.000155     0.000204
   1968    15-19   0.000396     0.000870     0.000625
   1968    20-24   0.000667     0.001675     0.001132
   1968    25-29   0.000999     0.001498     0.001238
   1968    30-34   0.000952     0.001647     0.001287
   1968    35-39   0.001318     0.002045     0.001678
   1968    40-44   0.002526     0.002666     0.002594
   1968    45-49   0.003258     0.004942     0.003980
   1968    50-54   0.004502     0.007249     0.005712
   1968    55-59   0.007327     0.013569     0.010172
   1968    60-64   0.011524     0.020455     0.015794
   1968    65-69   0.021365     0.038388     0.029550
   1968    70-74   0.038352     0.055835     0.046309
   1968    75-79   0.073594     0.100648     0.085014
   1968    80-84   0.125889     0.162137     0.138918
   1968    85-89   0.205579     0.227712     0.212377
   1968    90-94   0.331748     0.313530     0.327283
   1968    95-99   0.317338     0.319107     0.317808
   1968   100-104  0.647436     4.255319     0.900149
   1968   105-109         .            .            .
   1968   110+            .            .            .
   1969     0      0.014497     0.018334     0.016474
   1969     1-4    0.001176     0.001263     0.001220
   1969     5-9    0.000380     0.000726     0.000558
   1969    10-14   0.000162     0.000627     0.000399
   1969    15-19   0.000580     0.001111     0.000837
   1969    20-24   0.000819     0.001605     0.001183
   1969    25-29   0.000827     0.001516     0.001159
   1969    30-34   0.000918     0.001487     0.001191
   1969    35-39   0.001601     0.002301     0.001947
   1969    40-44   0.002062     0.003641     0.002843
   1969    45-49   0.003055     0.004026     0.003473
   1969    50-54   0.005151     0.005805     0.005438
   1969    55-59   0.007161     0.012280     0.009466
   1969    60-64   0.011878     0.022035     0.016676
   1969    65-69   0.020836     0.033908     0.027106
   1969    70-74   0.038779     0.058427     0.047742
   1969    75-79   0.055329     0.095747     0.072413
   1969    80-84   0.120192     0.152805     0.132186
   1969    85-89   0.202456     0.224532     0.209319
   1969    90-94   0.291107     0.463247     0.332270
   1969    95-99   0.395664     0.552528     0.433207
   1969   100-104  0.297324     0.000000     0.240192
   1969   105-109  0.000000            .     0.000000
   1969   110+            .            .            .
   1970     0      0.011877     0.016892     0.014470
   1970     1-4    0.001274     0.001660     0.001471
   1970     5-9    0.000695     0.000761     0.000729
   1970    10-14   0.000199     0.000574     0.000390
   1970    15-19   0.000460     0.001164     0.000803
   1970    20-24   0.000901     0.001368     0.001117
   1970    25-29   0.000952     0.001524     0.001230
   1970    30-34   0.000871     0.000908     0.000889
   1970    35-39   0.001542     0.002706     0.002113
   1970    40-44   0.002159     0.002745     0.002451
   1970    45-49   0.002814     0.003501     0.003115
   1970    50-54   0.004320     0.007286     0.005619
   1970    55-59   0.005986     0.011453     0.008421
   1970    60-64   0.013374     0.020493     0.016706
   1970    65-69   0.019656     0.035312     0.027100
   1970    70-74   0.039411     0.058250     0.048069
   1970    75-79   0.063576     0.090979     0.075118
   1970    80-84   0.122291     0.145373     0.130974
   1970    85-89   0.221338     0.243225     0.228173
   1970    90-94   0.281076     0.281360     0.281144
   1970    95-99   0.572607     0.438404     0.544811
   1970   100-104  0.000000     0.789474     0.223881
   1970   105-109  0.000000            .     0.000000
   1970   110+            .            .            .
   1971     0      0.012817     0.013499     0.013168
   1971     1-4    0.000749     0.001557     0.001162
   1971     5-9    0.000536     0.000512     0.000523
   1971    10-14   0.000170     0.000260     0.000216
   1971    15-19   0.000447     0.001163     0.000798
   1971    20-24   0.000516     0.001359     0.000907
   1971    25-29   0.000772     0.001433     0.001094
   1971    30-34   0.001075     0.001240     0.001155
   1971    35-39   0.000994     0.002525     0.001739
   1971    40-44   0.001976     0.003122     0.002547
   1971    45-49   0.003144     0.004744     0.003867
   1971    50-54   0.004560     0.007661     0.005906
   1971    55-59   0.006807     0.011393     0.008835
   1971    60-64   0.011456     0.017097     0.014061
   1971    65-69   0.019372     0.036198     0.027305
   1971    70-74   0.035911     0.059098     0.046595
   1971    75-79   0.067242     0.092668     0.077991
   1971    80-84   0.120873     0.147882     0.131132
   1971    85-89   0.189846     0.244892     0.207007
   1971    90-94   0.330180     0.398455     0.348207
   1971    95-99   0.322420     0.325091     0.322926
   1971   100-104  0.326087     0.000000     0.245902
   1971   105-109  2.142857            .     2.142857
   1971   110+            .            .            .
   1972     0      0.011155     0.010347     0.010739
   1972     1-4    0.001115     0.000936     0.001023
   1972     5-9    0.000433     0.000450     0.000442
   1972    10-14   0.000307     0.000261     0.000284
   1972    15-19   0.000407     0.001256     0.000826
   1972    20-24   0.000885     0.001064     0.000969
   1972    25-29   0.000989     0.001335     0.001158
   1972    30-34   0.000961     0.000975     0.000968
   1972    35-39   0.001417     0.001827     0.001616
   1972    40-44   0.001489     0.003092     0.002286
   1972    45-49   0.002963     0.004500     0.003684
   1972    50-54   0.004369     0.005756     0.004964
   1972    55-59   0.005719     0.010469     0.007808
   1972    60-64   0.012031     0.015996     0.013832
   1972    65-69   0.018254     0.028884     0.023231
   1972    70-74   0.032645     0.057679     0.044158
   1972    75-79   0.064339     0.095434     0.077536
   1972    80-84   0.105154     0.148865     0.121809
   1972    85-89   0.176488     0.222815     0.190935
   1972    90-94   0.340657     0.276639     0.322114
   1972    95-99   0.354690     0.557103     0.390126
   1972   100-104  1.411765     0.000000     0.923077
   1972   105-109         .            .            .
   1972   110+            .            .            .
   1973     0      0.011627     0.012802     0.012233
   1973     1-4    0.000929     0.001275     0.001107
   1973     5-9    0.000357     0.000585     0.000473
   1973    10-14   0.000308     0.000295     0.000301
   1973    15-19   0.000435     0.000775     0.000603
   1973    20-24   0.000838     0.001438     0.001122
   1973    25-29   0.000497     0.001312     0.000894
   1973    30-34   0.000751     0.001098     0.000922
   1973    35-39   0.001169     0.002007     0.001574
   1973    40-44   0.001709     0.002932     0.002315
   1973    45-49   0.002823     0.003719     0.003257
   1973    50-54   0.003889     0.007516     0.005433
   1973    55-59   0.005958     0.010947     0.008136
   1973    60-64   0.009489     0.016255     0.012528
   1973    65-69   0.018203     0.029709     0.023548
   1973    70-74   0.034018     0.049394     0.041083
   1973    75-79   0.059974     0.096244     0.075345
   1973    80-84   0.110860     0.157113     0.128409
   1973    85-89   0.182325     0.195036     0.186401
   1973    90-94   0.313318     0.431966     0.347722
   1973    95-99   0.510107     0.489625     0.506210
   1973   100-104  0.000000     1.333333     0.571429
   1973   105-109         .            .            .
   1973   110+            .            .            .
   1974     0      0.010656     0.009545     0.010090
   1974     1-4    0.001103     0.000964     0.001031
   1974     5-9    0.000320     0.000376     0.000349
   1974    10-14   0.000208     0.000331     0.000271
   1974    15-19   0.000296     0.000932     0.000613
   1974    20-24   0.000518     0.001152     0.000818
   1974    25-29   0.000563     0.001070     0.000812
   1974    30-34   0.000756     0.001305     0.001027
   1974    35-39   0.001400     0.001724     0.001557
   1974    40-44   0.001551     0.002608     0.002075
   1974    45-49   0.002979     0.003852     0.003409
   1974    50-54   0.004225     0.007005     0.005412
   1974    55-59   0.005841     0.010129     0.007704
   1974    60-64   0.010286     0.016710     0.013137
   1974    65-69   0.017238     0.030344     0.023282
   1974    70-74   0.034633     0.052125     0.042656
   1974    75-79   0.059356     0.099505     0.076396
   1974    80-84   0.114981     0.155716     0.130271
   1974    85-89   0.204921     0.235196     0.215014
   1974    90-94   0.325684     0.402110     0.345846
   1974    95-99   0.262117     0.635961     0.337334
   1974   100-104  0.000000     0.000000     0.000000
   1974   105-109         .            .            .
   1974   110+            .            .            .
   1975     0      0.008541     0.012882     0.010741
   1975     1-4    0.001066     0.001240     0.001155
   1975     5-9    0.000214     0.000239     0.000227
   1975    10-14   0.000209     0.000398     0.000306
   1975    15-19   0.000222     0.000956     0.000590
   1975    20-24   0.000494     0.001192     0.000822
   1975    25-29   0.000431     0.001070     0.000748
   1975    30-34   0.000939     0.001190     0.001063
   1975    35-39   0.000911     0.001796     0.001341
   1975    40-44   0.001934     0.002747     0.002334
   1975    45-49   0.001778     0.003747     0.002757
   1975    50-54   0.003868     0.005687     0.004660
   1975    55-59   0.005730     0.009569     0.007393
   1975    60-64   0.009290     0.015102     0.011846
   1975    65-69   0.018064     0.029639     0.023362
   1975    70-74   0.027389     0.048592     0.037042
   1975    75-79   0.056533     0.086088     0.069174
   1975    80-84   0.110197     0.150829     0.125480
   1975    85-89   0.190161     0.235662     0.205372
   1975    90-94   0.277787     0.451052     0.320524
   1975    95-99   0.311648     0.462351     0.336408
   1975   100-104  1.043478     1.200000     1.071429
   1975   105-109         .            .            .
   1975   110+            .            .            .
   1976     0      0.007905     0.010187     0.009069
   1976     1-4    0.000742     0.001047     0.000898
   1976     5-9    0.000137     0.000327     0.000235
   1976    10-14   0.000215     0.000377     0.000298
   1976    15-19   0.000331     0.000437     0.000384
   1976    20-24   0.000608     0.001278     0.000924
   1976    25-29   0.000516     0.000760     0.000637
   1976    30-34   0.000492     0.000892     0.000691
   1976    35-39   0.000842     0.001745     0.001283
   1976    40-44   0.001690     0.001837     0.001762
   1976    45-49   0.002689     0.003427     0.003057
   1976    50-54   0.003317     0.005673     0.004377
   1976    55-59   0.005982     0.009918     0.007672
   1976    60-64   0.010855     0.015459     0.012868
   1976    65-69   0.016449     0.026784     0.021115
   1976    70-74   0.027904     0.049244     0.037536
   1976    75-79   0.057521     0.079889     0.067130
   1976    80-84   0.101424     0.152879     0.120959
   1976    85-89   0.187010     0.242528     0.205324
   1976    90-94   0.259453     0.299358     0.269359
   1976    95-99   0.368597     0.619003     0.411255
   1976   100-104  0.400000     0.000000     0.333333
   1976   105-109         .            .            .
   1976   110+            .            .            .
   1977     0      0.009467     0.007469     0.008440
   1977     1-4    0.000829     0.001253     0.001045
   1977     5-9    0.000333     0.000536     0.000437
   1977    10-14   0.000144     0.000069     0.000106
   1977    15-19   0.000262     0.000666     0.000465
   1977    20-24   0.000357     0.000390     0.000373
   1977    25-29   0.000571     0.000998     0.000782
   1977    30-34   0.000832     0.001381     0.001106
   1977    35-39   0.000918     0.001920     0.001411
   1977    40-44   0.000939     0.002622     0.001756
   1977    45-49   0.002199     0.003728     0.002958
   1977    50-54   0.003123     0.005130     0.004061
   1977    55-59   0.005082     0.009844     0.007103
   1977    60-64   0.008159     0.013925     0.010664
   1977    65-69   0.015854     0.026047     0.020387
   1977    70-74   0.029497     0.046817     0.037264
   1977    75-79   0.052963     0.076585     0.063155
   1977    80-84   0.102055     0.129545     0.112583
   1977    85-89   0.180102     0.208388     0.189461
   1977    90-94   0.276786     0.376207     0.302521
   1977    95-99   0.333915     0.227106     0.316298
   1977   100-104  0.486486     0.000000     0.388015
   1977   105-109         .            .            .
   1977   110+            .            .            .
   1978     0      0.006009     0.007849     0.006958
   1978     1-4    0.000734     0.000784     0.000759
   1978     5-9    0.000522     0.000586     0.000555
   1978    10-14   0.000178     0.000309     0.000245
   1978    15-19   0.000423     0.000988     0.000707
   1978    20-24   0.000685     0.000988     0.000832
   1978    25-29   0.000424     0.000782     0.000600
   1978    30-34   0.000993     0.000963     0.000978
   1978    35-39   0.000856     0.001658     0.001253
   1978    40-44   0.001604     0.002672     0.002120
   1978    45-49   0.001900     0.003115     0.002501
   1978    50-54   0.003079     0.006217     0.004590
   1978    55-59   0.005658     0.009097     0.007107
   1978    60-64   0.007281     0.013186     0.009825
   1978    65-69   0.014543     0.026217     0.019675
   1978    70-74   0.028328     0.044111     0.035368
   1978    75-79   0.047548     0.076010     0.059803
   1978    80-84   0.098474     0.118791     0.106319
   1978    85-89   0.161794     0.201466     0.174826
   1978    90-94   0.240928     0.370518     0.276101
   1978    95-99   0.420062     0.336000     0.404656
   1978   100-104  0.266667     1.380130     0.456690
   1978   105-109         .            .            .
   1978   110+            .            .            .
   1979     0      0.006323     0.007970     0.007167
   1979     1-4    0.000720     0.000689     0.000704
   1979     5-9    0.000318     0.000302     0.000310
   1979    10-14   0.000213     0.000204     0.000208
   1979    15-19   0.000314     0.000772     0.000545
   1979    20-24   0.000282     0.001032     0.000645
   1979    25-29   0.000555     0.001281     0.000913
   1979    30-34   0.000496     0.001021     0.000760
   1979    35-39   0.000717     0.001368     0.001039
   1979    40-44   0.001075     0.002414     0.001721
   1979    45-49   0.002295     0.002825     0.002556
   1979    50-54   0.003016     0.005315     0.004142
   1979    55-59   0.004541     0.008227     0.006103
   1979    60-64   0.006010     0.013759     0.009334
   1979    65-69   0.012347     0.024172     0.017479
   1979    70-74   0.025879     0.044560     0.034160
   1979    75-79   0.047158     0.072959     0.058248
   1979    80-84   0.086241     0.118829     0.098929
   1979    85-89   0.143358     0.173939     0.153273
   1979    90-94   0.252913     0.298316     0.265572
   1979    95-99   0.433309     0.616822     0.463657
   1979   100-104  0.577966     2.400000     0.737765
   1979   105-109         .            .            .
   1979   110+            .            .            .
   1980     0      0.006264     0.004388     0.005309
   1980     1-4    0.000483     0.000712     0.000601
   1980     5-9    0.000125     0.000418     0.000275
   1980    10-14   0.000178     0.000203     0.000191
   1980    15-19   0.000270     0.000640     0.000457
   1980    20-24   0.000250     0.001302     0.000756
   1980    25-29   0.000557     0.000896     0.000725
   1980    30-34   0.000642     0.000816     0.000730
   1980    35-39   0.000791     0.001292     0.001040
   1980    40-44   0.001257     0.002261     0.001743
   1980    45-49   0.002516     0.003906     0.003196
   1980    50-54   0.002413     0.005081     0.003729
   1980    55-59   0.004567     0.008270     0.006164
   1980    60-64   0.007889     0.015315     0.011068
   1980    65-69   0.013224     0.023847     0.017785
   1980    70-74   0.027326     0.042421     0.033976
   1980    75-79   0.048273     0.077846     0.060875
   1980    80-84   0.093071     0.121534     0.104293
   1980    85-89   0.142638     0.224969     0.169420
   1980    90-94   0.297598     0.335332     0.308181
   1980    95-99   0.488889     0.227273     0.437500
   1980   100-104  0.800000            .     0.800000
   1980   105-109         .            .            .
   1980   110+            .            .            .
   1981     0      0.004404     0.006855     0.005661
   1981     1-4    0.000363     0.000865     0.000620
   1981     5-9    0.000344     0.000449     0.000398
   1981    10-14   0.000137     0.000131     0.000134
   1981    15-19   0.000116     0.000677     0.000400
   1981    20-24   0.000472     0.001241     0.000844
   1981    25-29   0.000584     0.000752     0.000667
   1981    30-34   0.000743     0.000730     0.000736
   1981    35-39   0.000719     0.001700     0.001208
   1981    40-44   0.001616     0.001921     0.001765
   1981    45-49   0.002234     0.003664     0.002929
   1981    50-54   0.002797     0.005541     0.004154
   1981    55-59   0.004375     0.007570     0.005798
   1981    60-64   0.006929     0.011968     0.009070
   1981    65-69   0.012730     0.021993     0.016685
   1981    70-74   0.024427     0.043775     0.032838
   1981    75-79   0.046897     0.068907     0.056234
   1981    80-84   0.080137     0.119502     0.095784
   1981    85-89   0.170419     0.175141     0.171993
   1981    90-94   0.253644     0.281992     0.261487
   1981    95-99   0.346369     0.392857     0.357447
   1981   100-104  0.514286     0.000000     0.409091
   1981   105-109         .            .            .
   1981   110+            .            .            .
   1982     0      0.007179     0.006409     0.006784
   1982     1-4    0.000561     0.000357     0.000457
   1982     5-9    0.000191     0.000275     0.000234
   1982    10-14   0.000099     0.000157     0.000129
   1982    15-19   0.000155     0.000726     0.000443
   1982    20-24   0.000255     0.001025     0.000632
   1982    25-29   0.000304     0.000626     0.000463
   1982    30-34   0.000541     0.000841     0.000692
   1982    35-39   0.000941     0.001555     0.001248
   1982    40-44   0.001306     0.002237     0.001765
   1982    45-49   0.001900     0.003634     0.002739
   1982    50-54   0.002685     0.005525     0.004085
   1982    55-59   0.004103     0.007105     0.005491
   1982    60-64   0.006615     0.011650     0.008729
   1982    65-69   0.011682     0.022758     0.016385
   1982    70-74   0.022903     0.036243     0.028605
   1982    75-79   0.043851     0.068047     0.054087
   1982    80-84   0.078354     0.124329     0.096584
   1982    85-89   0.138164     0.187227     0.155022
   1982    90-94   0.274829     0.307263     0.283898
   1982    95-99   0.395270     0.453488     0.408377
   1982   100-104  0.444444     0.352941     0.409091
   1982   105-109  0.000000            .     0.000000
   1982   110+            .            .            .
   1983     0      0.005449     0.006321     0.005897
   1983     1-4    0.000386     0.000691     0.000542
   1983     5-9    0.000230     0.000220     0.000225
   1983    10-14   0.000162     0.000123     0.000142
   1983    15-19   0.000390     0.000654     0.000523
   1983    20-24   0.000457     0.001247     0.000845
   1983    25-29   0.000156     0.001124     0.000635
   1983    30-34   0.000360     0.000830     0.000597
   1983    35-39   0.000530     0.001223     0.000879
   1983    40-44   0.001010     0.002603     0.001801
   1983    45-49   0.002019     0.003039     0.002512
   1983    50-54   0.002555     0.005543     0.004024
   1983    55-59   0.003960     0.007573     0.005683
   1983    60-64   0.006330     0.011891     0.008646
   1983    65-69   0.012315     0.022224     0.016495
   1983    70-74   0.018853     0.034678     0.025542
   1983    75-79   0.041047     0.068368     0.052532
   1983    80-84   0.077980     0.121205     0.095043
   1983    85-89   0.140799     0.195163     0.159559
   1983    90-94   0.237347     0.283872     0.250097
   1983    95-99   0.295385     0.511276     0.341392
   1983   100-104  0.000000     0.352941     0.136364
   1983   105-109  0.000000            .     0.000000
   1983   110+            .            .            .
   1984     0      0.005809     0.007036     0.006438
   1984     1-4    0.000294     0.000470     0.000384
   1984     5-9    0.000170     0.000293     0.000233
   1984    10-14   0.000095     0.000150     0.000123
   1984    15-19   0.000273     0.000988     0.000635
   1984    20-24   0.000331     0.000773     0.000548
   1984    25-29   0.000509     0.000721     0.000614
   1984    30-34   0.000549     0.000543     0.000546
   1984    35-39   0.000725     0.001228     0.000980
   1984    40-44   0.001184     0.002194     0.001687
   1984    45-49   0.001872     0.002384     0.002120
   1984    50-54   0.002751     0.005341     0.004023
   1984    55-59   0.004245     0.007976     0.006056
   1984    60-64   0.006305     0.012548     0.008916
   1984    65-69   0.011277     0.020152     0.015014
   1984    70-74   0.019519     0.035163     0.026052
   1984    75-79   0.041529     0.064242     0.051021
   1984    80-84   0.075465     0.111463     0.089642
   1984    85-89   0.130837     0.176883     0.146599
   1984    90-94   0.214658     0.265163     0.228521
   1984    95-99   0.448133     0.345291     0.423636
   1984   100-104  0.533333     0.923077     0.620690
   1984   105-109  0.000000            .     0.000000
   1984   110+            .            .            .
   1985     0      0.006061     0.008290     0.007202
   1985     1-4    0.000496     0.000902     0.000703
   1985     5-9    0.000140     0.000303     0.000223
   1985    10-14   0.000187     0.000179     0.000183
   1985    15-19   0.000153     0.000888     0.000527
   1985    20-24   0.000251     0.001135     0.000684
   1985    25-29   0.000237     0.000801     0.000517
   1985    30-34   0.000412     0.000681     0.000548
   1985    35-39   0.000790     0.001002     0.000898
   1985    40-44   0.001482     0.002227     0.001854
   1985    45-49   0.001385     0.003069     0.002205
   1985    50-54   0.002405     0.006008     0.004164
   1985    55-59   0.003918     0.007822     0.005831
   1985    60-64   0.006772     0.009940     0.008122
   1985    65-69   0.010995     0.021055     0.015230
   1985    70-74   0.019641     0.036807     0.026746
   1985    75-79   0.037149     0.065568     0.048966
   1985    80-84   0.076079     0.104326     0.087171
   1985    85-89   0.139177     0.189186     0.156386
   1985    90-94   0.252423     0.301427     0.266308
   1985    95-99   0.405882     0.438360     0.414867
   1985   100-104  0.500000     0.461538     0.493151
   1985   105-109  0.750000            .     0.750000
   1985   110+            .            .            .
   1986     0      0.004665     0.005177     0.004929
   1986     1-4    0.000649     0.000430     0.000537
   1986     5-9    0.000036     0.000279     0.000160
   1986    10-14   0.000094     0.000270     0.000184
   1986    15-19   0.000439     0.000738     0.000591
   1986    20-24   0.000261     0.001222     0.000732
   1986    25-29   0.000199     0.000568     0.000382
   1986    30-34   0.000432     0.001105     0.000771
   1986    35-39   0.000766     0.000959     0.000864
   1986    40-44   0.001064     0.002020     0.001544
   1986    45-49   0.001516     0.003092     0.002289
   1986    50-54   0.002223     0.004719     0.003433
   1986    55-59   0.003427     0.007097     0.005230
   1986    60-64   0.005298     0.011253     0.007919
   1986    65-69   0.009610     0.019347     0.013675
   1986    70-74   0.016561     0.035409     0.024318
   1986    75-79   0.035509     0.063232     0.046846
   1986    80-84   0.074566     0.098750     0.084038
   1986    85-89   0.125581     0.159394     0.137317
   1986    90-94   0.210818     0.268774     0.227581
   1986    95-99   0.325000     0.416156     0.350133
   1986   100-104  0.233766     0.428571     0.263736
   1986   105-109  1.500000            .     1.500000
   1986   110+            .            .            .
   1987     0      0.005594     0.004053     0.004800
   1987     1-4    0.000303     0.000672     0.000493
   1987     5-9    0.000150     0.000252     0.000202
   1987    10-14   0.000159     0.000092     0.000125
   1987    15-19   0.000144     0.000930     0.000546
   1987    20-24   0.000262     0.000674     0.000465
   1987    25-29   0.000360     0.000775     0.000565
   1987    30-34   0.000601     0.000816     0.000709
   1987    35-39   0.000821     0.001017     0.000921
   1987    40-44   0.001325     0.001611     0.001469
   1987    45-49   0.001240     0.002759     0.001992
   1987    50-54   0.002701     0.004708     0.003672
   1987    55-59   0.003700     0.007671     0.005645
   1987    60-64   0.005075     0.011132     0.007842
   1987    65-69   0.008007     0.019074     0.012565
   1987    70-74   0.016640     0.032659     0.023200
   1987    75-79   0.031854     0.054382     0.040896
   1987    80-84   0.069156     0.100864     0.081587
   1987    85-89   0.133533     0.166375     0.145082
   1987    90-94   0.196555     0.279003     0.220157
   1987    95-99   0.365989     0.318808     0.353791
   1987   100-104  0.437500     1.000000     0.500000
   1987   105-109         .            .            .
   1987   110+            .            .            .
   1988     0      0.003968     0.004204     0.004089
   1988     1-4    0.000361     0.000585     0.000476
   1988     5-9    0.000153     0.000037     0.000094
   1988    10-14   0.000098     0.000158     0.000129
   1988    15-19   0.000180     0.000718     0.000456
   1988    20-24   0.000467     0.000915     0.000688
   1988    25-29   0.000443     0.000864     0.000651
   1988    30-34   0.000387     0.000535     0.000462
   1988    35-39   0.000508     0.001284     0.000902
   1988    40-44   0.000853     0.001283     0.001072
   1988    45-49   0.001473     0.002847     0.002157
   1988    50-54   0.002227     0.004409     0.003281
   1988    55-59   0.003698     0.007685     0.005646
   1988    60-64   0.005517     0.013009     0.009045
   1988    65-69   0.009405     0.016348     0.012238
   1988    70-74   0.015630     0.031127     0.021931
   1988    75-79   0.034010     0.062010     0.045114
   1988    80-84   0.068931     0.108210     0.084174
   1988    85-89   0.126460     0.181744     0.145913
   1988    90-94   0.216503     0.276448     0.233568
   1988    95-99   0.356294     0.293554     0.341367
   1988   100-104  0.510638     0.000000     0.452830
   1988   105-109         .            .            .
   1988   110+            .            .            .
   1989     0      0.003832     0.004911     0.004386
   1989     1-4    0.000371     0.000250     0.000309
   1989     5-9    0.000195     0.000112     0.000153
   1989    10-14   0.000136     0.000295     0.000217
   1989    15-19   0.000319     0.000571     0.000448
   1989    20-24   0.000718     0.000732     0.000725
   1989    25-29   0.000367     0.000711     0.000537
   1989    30-34   0.000466     0.000423     0.000445
   1989    35-39   0.000548     0.001166     0.000861
   1989    40-44   0.001127     0.001535     0.001335
   1989    45-49   0.001274     0.002462     0.001867
   1989    50-54   0.002123     0.005551     0.003780
   1989    55-59   0.003438     0.006774     0.005065
   1989    60-64   0.004981     0.011148     0.007937
   1989    65-69   0.010156     0.018093     0.013410
   1989    70-74   0.017750     0.034396     0.024492
   1989    75-79   0.032446     0.056776     0.041983
   1989    80-84   0.068835     0.098831     0.080415
   1989    85-89   0.113719     0.169811     0.133356
   1989    90-94   0.224149     0.259690     0.234429
   1989    95-99   0.298438     0.554731     0.352803
   1989   100-104  0.420000     1.200000     0.550000
   1989   105-109  6.000000            .     6.000000
   1989   110+            .            .            .
   1990     0      0.004686     0.004912     0.004801
   1990     1-4    0.000490     0.000361     0.000423
   1990     5-9    0.000158     0.000379     0.000271
   1990    10-14   0.000141     0.000068     0.000104
   1990    15-19   0.000275     0.000424     0.000352
   1990    20-24   0.000304     0.001231     0.000764
   1990    25-29   0.000368     0.000876     0.000620
   1990    30-34   0.000433     0.000940     0.000687
   1990    35-39   0.000480     0.000907     0.000696
   1990    40-44   0.001073     0.001560     0.001322
   1990    45-49   0.001687     0.002470     0.002079
   1990    50-54   0.002533     0.003913     0.003203
   1990    55-59   0.003446     0.007050     0.005196
   1990    60-64   0.004969     0.011512     0.008130
   1990    65-69   0.009056     0.017675     0.012659
   1990    70-74   0.014840     0.029574     0.020807
   1990    75-79   0.029280     0.055478     0.039451
   1990    80-84   0.064356     0.107935     0.081019
   1990    85-89   0.123214     0.169601     0.139442
   1990    90-94   0.228285     0.208715     0.222449
   1990    95-99   0.366366     0.384290     0.370307
   1990   100-104  0.600000     0.260870     0.536585
   1990   105-109  0.000000            .     0.000000
   1990   110+            .            .            .
   1991     0      0.002925     0.003919     0.003436
   1991     1-4    0.000335     0.000584     0.000462
   1991     5-9    0.000161     0.000153     0.000157
   1991    10-14   0.000073     0.000245     0.000161
   1991    15-19   0.000238     0.000548     0.000397
   1991    20-24   0.000384     0.000767     0.000575
   1991    25-29   0.000167     0.000723     0.000443
   1991    30-34   0.000398     0.000598     0.000498
   1991    35-39   0.000395     0.001307     0.000856
   1991    40-44   0.000857     0.001649     0.001262
   1991    45-49   0.001118     0.002421     0.001773
   1991    50-54   0.002519     0.004599     0.003536
   1991    55-59   0.003223     0.007052     0.005068
   1991    60-64   0.004871     0.010955     0.007819
   1991    65-69   0.007574     0.016865     0.011584
   1991    70-74   0.014094     0.032431     0.021478
   1991    75-79   0.028242     0.057380     0.039466
   1991    80-84   0.061342     0.098646     0.075294
   1991    85-89   0.131234     0.153368     0.138972
   1991    90-94   0.210818     0.264075     0.226962
   1991    95-99   0.312987     0.573192     0.373213
   1991   100-104  0.530973     0.387097     0.500000
   1991   105-109  0.000000            .     0.000000
   1991   110+            .            .            .
   1992     0      0.004003     0.007311     0.005731
   1992     1-4    0.000516     0.000382     0.000447
   1992     5-9    0.000204     0.000155     0.000179
   1992    10-14   0.000188     0.000252     0.000221
   1992    15-19   0.000140     0.000759     0.000459
   1992    20-24   0.000368     0.001011     0.000693
   1992    25-29   0.000211     0.000652     0.000429
   1992    30-34   0.000480     0.001001     0.000741
   1992    35-39   0.000675     0.000923     0.000800
   1992    40-44   0.000911     0.001551     0.001237
   1992    45-49   0.001301     0.003002     0.002159
   1992    50-54   0.001645     0.003476     0.002546
   1992    55-59   0.003464     0.008168     0.005721
   1992    60-64   0.004985     0.011084     0.007931
   1992    65-69   0.008454     0.017182     0.012359
   1992    70-74   0.013560     0.029140     0.019756
   1992    75-79   0.026557     0.053384     0.036846
   1992    80-84   0.059704     0.095901     0.072898
   1992    85-89   0.110460     0.176582     0.133371
   1992    90-94   0.185644     0.277081     0.212807
   1992    95-99   0.302771     0.442190     0.334235
   1992   100-104  0.858122     0.888889     0.864414
   1992   105-109  0.857143            .     0.857143
   1992   110+            .            .            .
   1993     0      0.004789     0.003965     0.004361
   1993     1-4    0.000648     0.000501     0.000573
   1993     5-9    0.000042     0.000119     0.000081
   1993    10-14   0.000115     0.000110     0.000113
   1993    15-19   0.000185     0.000794     0.000501
   1993    20-24   0.000356     0.000725     0.000543
   1993    25-29   0.000418     0.000647     0.000531
   1993    30-34   0.000401     0.000891     0.000645
   1993    35-39   0.000618     0.001028     0.000825
   1993    40-44   0.000782     0.001850     0.001324
   1993    45-49   0.001685     0.001871     0.001779
   1993    50-54   0.001791     0.003700     0.002734
   1993    55-59   0.003476     0.008066     0.005670
   1993    60-64   0.004720     0.011487     0.007977
   1993    65-69   0.007961     0.018090     0.012628
   1993    70-74   0.015097     0.029923     0.020940
   1993    75-79   0.029386     0.055161     0.039220
   1993    80-84   0.057172     0.098642     0.072055
   1993    85-89   0.110740     0.167604     0.129998
   1993    90-94   0.186190     0.270634     0.210876
   1993    95-99   0.320273     0.295819     0.314306
   1993   100-104  0.451128     0.260870     0.423077
   1993   105-109  0.000000            .     0.000000
   1993   110+            .            .            .
   1994     0      0.001967     0.006959     0.004538
   1994     1-4    0.000425     0.000114     0.000264
   1994     5-9    0.000128     0.000202     0.000166
   1994    10-14   0.000039     0.000187     0.000115
   1994    15-19   0.000427     0.000465     0.000447
   1994    20-24   0.000231     0.000887     0.000567
   1994    25-29   0.000125     0.000809     0.000464
   1994    30-34   0.000486     0.000777     0.000631
   1994    35-39   0.000503     0.000963     0.000735
   1994    40-44   0.001101     0.001302     0.001202
   1994    45-49   0.001868     0.002219     0.002046
   1994    50-54   0.001867     0.004593     0.003217
   1994    55-59   0.003102     0.006639     0.004790
   1994    60-64   0.004235     0.011516     0.007728
   1994    65-69   0.006992     0.017147     0.011751
   1994    70-74   0.014736     0.029535     0.020593
   1994    75-79   0.028055     0.051256     0.036884
   1994    80-84   0.057292     0.096437     0.071207
   1994    85-89   0.102486     0.155293     0.120085
   1994    90-94   0.177083     0.236948     0.194329
   1994    95-99   0.286681     0.354063     0.303743
   1994   100-104  0.528302     1.428571     0.633333
   1994   105-109  0.000000            .     0.000000
   1994   110+            .            .            .
   1995     0      0.003714     0.006670     0.005247
   1995     1-4    0.000246     0.000576     0.000416
   1995     5-9    0.000088     0.000291     0.000192
   1995    10-14   0.000199     0.000152     0.000175
   1995    15-19   0.000158     0.000690     0.000435
   1995    20-24   0.000389     0.000773     0.000586
   1995    25-29   0.000208     0.000636     0.000421
   1995    30-34   0.000203     0.000902     0.000551
   1995    35-39   0.000548     0.000981     0.000765
   1995    40-44   0.001067     0.002138     0.001609
   1995    45-49   0.001356     0.002974     0.002179
   1995    50-54   0.002102     0.003512     0.002801
   1995    55-59   0.002868     0.005779     0.004261
   1995    60-64   0.004755     0.011967     0.008192
   1995    65-69   0.008390     0.016301     0.012127
   1995    70-74   0.014555     0.030481     0.020967
   1995    75-79   0.025658     0.050039     0.034956
   1995    80-84   0.054186     0.094575     0.068475
   1995    85-89   0.111287     0.153661     0.125250
   1995    90-94   0.175811     0.249943     0.197107
   1995    95-99   0.298203     0.376607     0.316839
   1995   100-104  0.626374     0.444444     0.602871
   1995   105-109  0.750000            .     0.750000
   1995   110+            .            .            .
   1996     0      0.005623     0.004488     0.005033
   1996     1-4    0.000248     0.000462     0.000359
   1996     5-9    0.000000     0.000086     0.000044
   1996    10-14   0.000202     0.000077     0.000138
   1996    15-19   0.000361     0.000557     0.000463
   1996    20-24   0.000318     0.000631     0.000480
   1996    25-29   0.000362     0.000523     0.000442
   1996    30-34   0.000788     0.000758     0.000773
   1996    35-39   0.000515     0.000992     0.000754
   1996    40-44   0.000936     0.001423     0.001182
   1996    45-49   0.001669     0.002884     0.002287
   1996    50-54   0.002170     0.004541     0.003350
   1996    55-59   0.003561     0.006522     0.004988
   1996    60-64   0.004375     0.010719     0.007374
   1996    65-69   0.006588     0.015022     0.010585
   1996    70-74   0.013170     0.027515     0.019136
   1996    75-79   0.023761     0.050063     0.033743
   1996    80-84   0.050463     0.079111     0.060610
   1996    85-89   0.097761     0.151657     0.115145
   1996    90-94   0.195377     0.235755     0.207023
   1996    95-99   0.285631     0.353722     0.301071
   1996   100-104  0.382353     0.833333     0.450000
   1996   105-109  1.500000            .     1.500000
   1996   110+            .            .            .
   1997     0      0.006012     0.006171     0.006094
   1997     1-4    0.000250     0.000291     0.000271
   1997     5-9    0.000277     0.000131     0.000202
   1997    10-14   0.000082     0.000233     0.000159
   1997    15-19   0.000376     0.000466     0.000423
   1997    20-24   0.000161     0.000861     0.000524
   1997    25-29   0.000391     0.000462     0.000427
   1997    30-34   0.000334     0.000933     0.000632
   1997    35-39   0.000516     0.001238     0.000876
   1997    40-44   0.000902     0.001485     0.001196
   1997    45-49   0.001232     0.002160     0.001703
   1997    50-54   0.002312     0.003376     0.002844
   1997    55-59   0.002520     0.005626     0.004029
   1997    60-64   0.004801     0.010518     0.007494
   1997    65-69   0.007772     0.017870     0.012541
   1997    70-74   0.011937     0.030261     0.019847
   1997    75-79   0.024066     0.050073     0.033826
   1997    80-84   0.050075     0.086408     0.062913
   1997    85-89   0.099952     0.150055     0.115727
   1997    90-94   0.193027     0.248150     0.208781
   1997    95-99   0.287387     0.364008     0.304403
   1997   100-104  0.493506     0.857143     0.532819
   1997   105-109  0.000000            .     0.000000
   1997   110+            .            .            .
   1998     0      0.001506     0.004325     0.002947
   1998     1-4    0.000373     0.000234     0.000301
   1998     5-9    0.000190     0.000447     0.000322
   1998    10-14   0.000125     0.000118     0.000121
   1998    15-19   0.000219     0.000691     0.000464
   1998    20-24   0.000370     0.000799     0.000592
   1998    25-29   0.000462     0.000863     0.000666
   1998    30-34   0.000496     0.000631     0.000563
   1998    35-39   0.000477     0.000926     0.000701
   1998    40-44   0.000541     0.001450     0.001000
   1998    45-49   0.001363     0.002502     0.001940
   1998    50-54   0.002058     0.004384     0.003229
   1998    55-59   0.003027     0.005811     0.004388
   1998    60-64   0.004275     0.010547     0.007223
   1998    65-69   0.006502     0.017733     0.011786
   1998    70-74   0.012160     0.027293     0.018885
   1998    75-79   0.022709     0.050050     0.032879
   1998    80-84   0.046736     0.084576     0.059950
   1998    85-89   0.086872     0.136670     0.102333
   1998    90-94   0.149856     0.248934     0.177438
   1998    95-99   0.266449     0.288252     0.271439
   1998   100-104  0.354167     0.107085     0.313926
   1998   105-109  0.000000            .     0.000000
   1998   110+            .            .            .
   1999     0      0.002516     0.004114     0.003330
   1999     1-4    0.000311     0.000353     0.000333
   1999     5-9    0.000097     0.000137     0.000117
   1999    10-14   0.000085     0.000283     0.000187
   1999    15-19   0.000224     0.000497     0.000366
   1999    20-24   0.000426     0.000751     0.000595
   1999    25-29   0.000226     0.000693     0.000464
   1999    30-34   0.000579     0.000708     0.000643
   1999    35-39   0.000403     0.000980     0.000690
   1999    40-44   0.000931     0.001656     0.001296
   1999    45-49   0.001043     0.002900     0.001981
   1999    50-54   0.002221     0.004214     0.003228
   1999    55-59   0.003026     0.006217     0.004592
   1999    60-64   0.004617     0.009901     0.007102
   1999    65-69   0.007362     0.014834     0.010870
   1999    70-74   0.011875     0.028690     0.019480
   1999    75-79   0.022047     0.048825     0.032035
   1999    80-84   0.043034     0.087832     0.058605
   1999    85-89   0.082172     0.159267     0.105613
   1999    90-94   0.166458     0.232832     0.184458
   1999    95-99   0.261951     0.366258     0.285230
   1999   100-104  0.311475     0.606238     0.374266
   1999   105-109  0.666667            .     0.666667
   1999   110+            .            .            .
   2000     0      0.003315     0.004234     0.003781
   2000     1-4    0.000125     0.000598     0.000367
   2000     5-9    0.000098     0.000092     0.000095
   2000    10-14   0.000044     0.000208     0.000128
   2000    15-19   0.000356     0.000289     0.000321
   2000    20-24   0.000228     0.000460     0.000349
   2000    25-29   0.000446     0.000393     0.000419
   2000    30-34   0.000289     0.000784     0.000537
   2000    35-39   0.000604     0.001059     0.000831
   2000    40-44   0.000902     0.001606     0.001256
   2000    45-49   0.000832     0.001957     0.001399
   2000    50-54   0.001836     0.003690     0.002776
   2000    55-59   0.002975     0.006458     0.004689
   2000    60-64   0.004531     0.010194     0.007207
   2000    65-69   0.006166     0.016146     0.010822
   2000    70-74   0.010677     0.026112     0.017725
   2000    75-79   0.020640     0.045140     0.029946
   2000    80-84   0.042330     0.083020     0.056479
   2000    85-89   0.083565     0.145535     0.102126
   2000    90-94   0.154971     0.221294     0.172679
   2000    95-99   0.282842     0.306605     0.288171
   2000   100-104  0.357143     0.500972     0.382530
   2000   105-109  1.000000     0.000000     0.800000
   2000   110+            .            .            .
   2001     0      0.004357     0.004973     0.004670
   2001     1-4    0.000440     0.000182     0.000309
   2001     5-9    0.000099     0.000138     0.000119
   2001    10-14   0.000135     0.000215     0.000176
   2001    15-19   0.000133     0.000413     0.000278
   2001    20-24   0.000242     0.000308     0.000277
   2001    25-29   0.000261     0.000648     0.000458
   2001    30-34   0.000239     0.000630     0.000436
   2001    35-39   0.000495     0.000918     0.000706
   2001    40-44   0.000635     0.001826     0.001232
   2001    45-49   0.001126     0.002699     0.001918
   2001    50-54   0.001740     0.003781     0.002774
   2001    55-59   0.003285     0.005900     0.004577
   2001    60-64   0.004046     0.008874     0.006345
   2001    65-69   0.007149     0.015120     0.010840
   2001    70-74   0.011350     0.028451     0.019188
   2001    75-79   0.020783     0.040103     0.028390
   2001    80-84   0.038653     0.080247     0.052958
   2001    85-89   0.073025     0.135521     0.091621
   2001    90-94   0.140676     0.207292     0.157921
   2001    95-99   0.212416     0.246311     0.220101
   2001   100-104  0.306502     0.289655     0.303413
   2001   105-109  0.705882     1.500000     0.857143
   2001   110+            .            .            .
   2002     0      0.004183     0.003501     0.003834
   2002     1-4    0.000254     0.000061     0.000156
   2002     5-9    0.000099     0.000280     0.000193
   2002    10-14   0.000185     0.000131     0.000158
   2002    15-19   0.000272     0.000552     0.000417
   2002    20-24   0.000248     0.000317     0.000284
   2002    25-29   0.000345     0.000478     0.000413
   2002    30-34   0.000270     0.000721     0.000498
   2002    35-39   0.000416     0.001137     0.000774
   2002    40-44   0.000638     0.001602     0.001120
   2002    45-49   0.001136     0.002513     0.001830
   2002    50-54   0.001907     0.003933     0.002930
   2002    55-59   0.002486     0.006857     0.004657
   2002    60-64   0.004552     0.009372     0.006869
   2002    65-69   0.006467     0.013700     0.009809
   2002    70-74   0.010341     0.025033     0.017052
   2002    75-79   0.020342     0.042534     0.029433
   2002    80-84   0.037495     0.070822     0.048835
   2002    85-89   0.078653     0.122533     0.091643
   2002    90-94   0.141119     0.193713     0.154327
   2002    95-99   0.237955     0.338306     0.259385
   2002   100-104  0.356354     0.356757     0.356436
   2002   105-109  0.692308            .     0.692308
   2002   110+            .            .            .
   2003     0      0.003272     0.003350     0.003312
   2003     1-4    0.000129     0.000185     0.000158
   2003     5-9    0.000149     0.000234     0.000192
   2003    10-14   0.000047     0.000178     0.000115
   2003    15-19   0.000285     0.000399     0.000344
   2003    20-24   0.000396     0.000692     0.000549
   2003    25-29   0.000359     0.000876     0.000624
   2003    30-34   0.000305     0.000960     0.000638
   2003    35-39   0.000329     0.001128     0.000726
   2003    40-44   0.000879     0.001655     0.001266
   2003    45-49   0.001247     0.002467     0.001862
   2003    50-54   0.002075     0.004027     0.003058
   2003    55-59   0.002294     0.006905     0.004596
   2003    60-64   0.003693     0.009642     0.006572
   2003    65-69   0.005494     0.013199     0.009053
   2003    70-74   0.011139     0.023179     0.016635
   2003    75-79   0.019091     0.040132     0.027983
   2003    80-84   0.034793     0.077319     0.049132
   2003    85-89   0.076347     0.141073     0.095292
   2003    90-94   0.153268     0.218220     0.169460
   2003    95-99   0.212561     0.290029     0.228280
   2003   100-104  0.421456     0.371429     0.410876
   2003   105-109  0.960000     0.000000     0.774194
   2003   110+            .            .            .
   2004     0      0.002524     0.003981     0.003274
   2004     1-4    0.000000     0.000440     0.000225
   2004     5-9    0.000050     0.000188     0.000121
   2004    10-14   0.000000     0.000091     0.000047
   2004    15-19   0.000439     0.000455     0.000447
   2004    20-24   0.000300     0.000711     0.000511
   2004    25-29   0.000420     0.000674     0.000551
   2004    30-34   0.000225     0.000610     0.000422
   2004    35-39   0.000451     0.000909     0.000680
   2004    40-44   0.000565     0.001512     0.001037
   2004    45-49   0.001604     0.002019     0.001812
   2004    50-54   0.001938     0.004450     0.003200
   2004    55-59   0.002814     0.005454     0.004138
   2004    60-64   0.003773     0.008829     0.006224
   2004    65-69   0.006841     0.015057     0.010644
   2004    70-74   0.011666     0.026148     0.018279
   2004    75-79   0.017893     0.041953     0.028252
   2004    80-84   0.034873     0.075531     0.048612
   2004    85-89   0.073306     0.129382     0.089691
   2004    90-94   0.131177     0.228974     0.154889
   2004    95-99   0.239533     0.338994     0.259696
   2004   100-104  0.385556     0.516746     0.410573
   2004   105-109  0.545455     0.375000     0.489796
   2004   110+            .            .            .
   2005     0      0.002316     0.003298     0.002819
   2005     1-4    0.000269     0.000256     0.000263
   2005     5-9    0.000151     0.000096     0.000122
   2005    10-14   0.000000     0.000138     0.000071
   2005    15-19   0.000246     0.000458     0.000356
   2005    20-24   0.000313     0.000498     0.000407
   2005    25-29   0.000524     0.000621     0.000574
   2005    30-34   0.000481     0.000566     0.000524
   2005    35-39   0.000617     0.001235     0.000926
   2005    40-44   0.000969     0.001757     0.001361
   2005    45-49   0.001268     0.002448     0.001860
   2005    50-54   0.002162     0.004013     0.003090
   2005    55-59   0.003109     0.005853     0.004490
   2005    60-64   0.004020     0.008489     0.006190
   2005    65-69   0.006035     0.013729     0.009615
   2005    70-74   0.010605     0.023861     0.016623
   2005    75-79   0.017741     0.041218     0.027948
   2005    80-84   0.038321     0.074352     0.050835
   2005    85-89   0.076423     0.132865     0.093013
   2005    90-94   0.140174     0.232986     0.161964
   2005    95-99   0.231283     0.396225     0.263747
   2005   100-104  0.339348     0.688525     0.396397
   2005   105-109  0.625000     1.200000     0.724138
   2005   110+            .            .            .
   2006     0      0.003192     0.001650     0.002401
   2006     1-4    0.000278     0.000131     0.000203
   2006     5-9    0.000152     0.000049     0.000099
   2006    10-14   0.000100     0.000000     0.000048
   2006    15-19   0.000050     0.000417     0.000240
   2006    20-24   0.000379     0.000976     0.000685
   2006    25-29   0.000091     0.000388     0.000244
   2006    30-34   0.000298     0.000676     0.000492
   2006    35-39   0.000318     0.000790     0.000555
   2006    40-44   0.000662     0.001296     0.000978
   2006    45-49   0.001564     0.002359     0.001963
   2006    50-54   0.001353     0.003658     0.002507
   2006    55-59   0.002429     0.005197     0.003822
   2006    60-64   0.003473     0.009184     0.006255
   2006    65-69   0.005658     0.012869     0.009038
   2006    70-74   0.010485     0.023053     0.016154
   2006    75-79   0.017475     0.041741     0.028058
   2006    80-84   0.034693     0.074661     0.049165
   2006    85-89   0.072423     0.127120     0.088445
   2006    90-94   0.141652     0.208995     0.157291
   2006    95-99   0.253225     0.333378     0.268309
   2006   100-104  0.306098     0.506024     0.333638
   2006   105-109  0.872727     0.000000     0.685714
   2006   110+            .            .            .
   2007     0      0.003710     0.002430     0.003052
   2007     1-4    0.000142     0.000134     0.000138
   2007     5-9    0.000000     0.000049     0.000025
   2007    10-14   0.000150     0.000186     0.000168
   2007    15-19   0.000207     0.000481     0.000349
   2007    20-24   0.000436     0.000720     0.000582
   2007    25-29   0.000237     0.000721     0.000485
   2007    30-34   0.000574     0.000547     0.000560
   2007    35-39   0.000311     0.001138     0.000729
   2007    40-44   0.000625     0.001271     0.000946
   2007    45-49   0.001086     0.002253     0.001670
   2007    50-54   0.002134     0.003348     0.002743
   2007    55-59   0.002710     0.005053     0.003886
   2007    60-64   0.004273     0.008029     0.006115
   2007    65-69   0.005496     0.013766     0.009406
   2007    70-74   0.009520     0.022821     0.015508
   2007    75-79   0.018552     0.038043     0.027014
   2007    80-84   0.032893     0.072360     0.047779
   2007    85-89   0.070234     0.130156     0.087526
   2007    90-94   0.137874     0.226622     0.158416
   2007    95-99   0.254242     0.301571     0.262662
   2007   100-104  0.284116     0.485549     0.308314
   2007   105-109  0.305085     0.571429     0.375000
   2007   110+            .            .            .
   2008     0      0.001734     0.003290     0.002533
   2008     1-4    0.000072     0.000000     0.000035
   2008     5-9    0.000052     0.000050     0.000051
   2008    10-14   0.000050     0.000187     0.000121
   2008    15-19   0.000217     0.000251     0.000234
   2008    20-24   0.000110     0.000774     0.000453
   2008    25-29   0.000147     0.000422     0.000287
   2008    30-34   0.000279     0.000646     0.000467
   2008    35-39   0.000574     0.001258     0.000922
   2008    40-44   0.001197     0.001806     0.001499
   2008    45-49   0.001528     0.002026     0.001777
   2008    50-54   0.001807     0.003205     0.002509
   2008    55-59   0.002182     0.005786     0.003987
   2008    60-64   0.003522     0.007474     0.005475
   2008    65-69   0.005226     0.013024     0.008939
   2008    70-74   0.009498     0.022303     0.015253
   2008    75-79   0.017938     0.040810     0.027852
   2008    80-84   0.035979     0.072580     0.050255
   2008    85-89   0.068572     0.120391     0.083266
   2008    90-94   0.141736     0.202851     0.155763
   2008    95-99   0.226513     0.353312     0.248075
   2008   100-104  0.428274     0.466321     0.432762
   2008   105-109  0.342857     2.250000     0.477876
   2008   110+            .            .            .
   2009     0      0.001465     0.002783     0.002141
   2009     1-4    0.000291     0.000207     0.000248
   2009     5-9    0.000054     0.000000     0.000026
   2009    10-14   0.000000     0.000047     0.000024
   2009    15-19   0.000166     0.000357     0.000266
   2009    20-24   0.000337     0.000841     0.000598
   2009    25-29   0.000200     0.000915     0.000565
   2009    30-34   0.000417     0.000753     0.000589
   2009    35-39   0.000378     0.001267     0.000833
   2009    40-44   0.000412     0.001712     0.001059
   2009    45-49   0.001222     0.002057     0.001638
   2009    50-54   0.002167     0.003106     0.002638
   2009    55-59   0.001948     0.004785     0.003365
   2009    60-64   0.003278     0.008152     0.005701
   2009    65-69   0.005594     0.012684     0.008982
   2009    70-74   0.008071     0.022259     0.014453
   2009    75-79   0.016099     0.038794     0.025939
   2009    80-84   0.033611     0.070908     0.048405
   2009    85-89   0.072009     0.124929     0.087180
   2009    90-94   0.140109     0.200923     0.154189
   2009    95-99   0.236693     0.318112     0.250569
   2009   100-104  0.473289     0.365217     0.459095
   2009   105-109  0.451128            .     0.451128
   2009   110+     1.500000            .     1.500000
   2010     0      0.002133     0.002290     0.002214
   2010     1-4    0.000147     0.000209     0.000179
   2010     5-9    0.000055     0.000052     0.000054
   2010    10-14   0.000051     0.000145     0.000099
   2010    15-19   0.000384     0.000599     0.000496
   2010    20-24   0.000238     0.000779     0.000518
   2010    25-29   0.000102     0.000640     0.000377
   2010    30-34   0.000480     0.000620     0.000552
   2010    35-39   0.000674     0.000537     0.000604
   2010    40-44   0.000745     0.001370     0.001057
   2010    45-49   0.001059     0.001936     0.001496
   2010    50-54   0.001675     0.002879     0.002277
   2010    55-59   0.002278     0.005122     0.003697
   2010    60-64   0.003723     0.008045     0.005880
   2010    65-69   0.005626     0.012479     0.008910
   2010    70-74   0.008756     0.020282     0.013970
   2010    75-79   0.015601     0.037486     0.025038
   2010    80-84   0.032313     0.071814     0.048106
   2010    85-89   0.073269     0.125827     0.088931
   2010    90-94   0.132625     0.221894     0.153385
   2010    95-99   0.254486     0.337326     0.268887
   2010   100-104  0.368771     0.523522     0.390958
   2010   105-109  0.435484     0.000000     0.425197
   2010   110+     1.500000            .     1.500000
   2011     0      0.000309     0.003196     0.001798
   2011     1-4    0.000149     0.000353     0.000253
   2011     5-9    0.000000     0.000107     0.000055
   2011    10-14   0.000051     0.000147     0.000100
   2011    15-19   0.000054     0.000246     0.000155
   2011    20-24   0.000311     0.000927     0.000631
   2011    25-29   0.000000     0.000450     0.000230
   2011    30-34   0.000227     0.000561     0.000398
   2011    35-39   0.000338     0.000719     0.000533
   2011    40-44   0.000763     0.001238     0.001002
   2011    45-49   0.000876     0.001817     0.001344
   2011    50-54   0.001739     0.003040     0.002389
   2011    55-59   0.001728     0.005228     0.003473
   2011    60-64   0.003390     0.008697     0.006038
   2011    65-69   0.005884     0.013667     0.009630
   2011    70-74   0.009587     0.020222     0.014444
   2011    75-79   0.017408     0.037082     0.025858
   2011    80-84   0.035218     0.070788     0.049502
   2011    85-89   0.070498     0.115674     0.084652
   2011    90-94   0.139071     0.228026     0.159568
   2011    95-99   0.257720     0.349683     0.273248
   2011   100-104  0.398557     0.831238     0.452184
   2011   105-109  0.555556     0.000000     0.487805
   2011   110+            .            .            .
   2012     0      0.001548     0.002624     0.002102
   2012     1-4    0.000452     0.000071     0.000256
   2012     5-9    0.000057     0.000108     0.000084
   2012    10-14   0.000103     0.000099     0.000101
   2012    15-19   0.000221     0.000100     0.000157
   2012    20-24   0.000251     0.000981     0.000632
   2012    25-29   0.000214     0.000507     0.000364
   2012    30-34   0.000377     0.000494     0.000437
   2012    35-39   0.000730     0.000737     0.000733
   2012    40-44   0.000664     0.001414     0.001043
   2012    45-49   0.001050     0.001750     0.001397
   2012    50-54   0.001578     0.003667     0.002620
   2012    55-59   0.002649     0.005089     0.003869
   2012    60-64   0.003320     0.007937     0.005618
   2012    65-69   0.005205     0.012115     0.008555
   2012    70-74   0.009212     0.019959     0.014179
   2012    75-79   0.016248     0.037015     0.025189
   2012    80-84   0.031675     0.067976     0.046175
   2012    85-89   0.068114     0.122193     0.085887
   2012    90-94   0.140546     0.225180     0.159647
   2012    95-99   0.252567     0.322433     0.264011
   2012   100-104  0.387995     0.512418     0.401111
   2012   105-109  0.540000     0.300000     0.500000
   2012   110+     1.500000            .     1.500000
   2013     0      0.000941     0.002697     0.001839
   2013     1-4    0.000230     0.000217     0.000223
   2013     5-9    0.000000     0.000220     0.000113
   2013    10-14   0.000000     0.000050     0.000026
   2013    15-19   0.000223     0.000204     0.000213
   2013    20-24   0.000187     0.000682     0.000446
   2013    25-29   0.000438     0.000721     0.000584
   2013    30-34   0.000292     0.000464     0.000380
   2013    35-39   0.000597     0.000990     0.000798
   2013    40-44   0.000883     0.001116     0.001001
   2013    45-49   0.000791     0.001271     0.001029
   2013    50-54   0.001419     0.003606     0.002507
   2013    55-59   0.002616     0.004952     0.003786
   2013    60-64   0.002947     0.007515     0.005215
   2013    65-69   0.005581     0.012204     0.008815
   2013    70-74   0.008205     0.019586     0.013510
   2013    75-79   0.016407     0.035752     0.024755
   2013    80-84   0.030801     0.071620     0.047049
   2013    85-89   0.066114     0.118537     0.083879
   2013    90-94   0.135071     0.198504     0.149312
   2013    95-99   0.243019     0.320675     0.255626
   2013   100-104  0.312544     0.368231     0.318434
   2013   105-109  0.589286     0.240000     0.525547
   2013   110+     0.000000            .     0.000000
   2014     0      0.001971     0.001880     0.001924
   2014     1-4    0.000078     0.000147     0.000114
   2014     5-9    0.000000     0.000222     0.000114
   2014    10-14   0.000107     0.000102     0.000104
   2014    15-19   0.000112     0.000103     0.000107
   2014    20-24   0.000252     0.000740     0.000509
   2014    25-29   0.000225     0.000631     0.000434
   2014    30-34   0.000148     0.000714     0.000437
   2014    35-39   0.000332     0.000910     0.000628
   2014    40-44   0.000603     0.001200     0.000907
   2014    45-49   0.000996     0.001590     0.001292
   2014    50-54   0.001640     0.003576     0.002603
   2014    55-59   0.002545     0.004352     0.003448
   2014    60-64   0.003272     0.008103     0.005667
   2014    65-69   0.004464     0.012624     0.008468
   2014    70-74   0.008025     0.019520     0.013407
   2014    75-79   0.014240     0.036535     0.023901
   2014    80-84   0.031775     0.062973     0.044238
   2014    85-89   0.066315     0.110829     0.081655
   2014    90-94   0.132769     0.200986     0.148416
   2014    95-99   0.246689     0.296657     0.255082
   2014   100-104  0.400601     0.419048     0.402664
   2014   105-109  0.583333     0.750000     0.607143
   2014   110+     0.545455            .     0.545455
   2015     0      0.001025     0.002572     0.001822
   2015     1-4    0.000160     0.000152     0.000156
   2015     5-9    0.000000     0.000168     0.000086
   2015    10-14   0.000055     0.000052     0.000053
   2015    15-19   0.000165     0.000204     0.000185
   2015    20-24   0.000195     0.000578     0.000397
   2015    25-29   0.000289     0.000861     0.000585
   2015    30-34   0.000354     0.000681     0.000520
   2015    35-39   0.000562     0.000493     0.000527
   2015    40-44   0.000670     0.000609     0.000639
   2015    45-49   0.000958     0.001709     0.001334
   2015    50-54   0.001272     0.002986     0.002125
   2015    55-59   0.002051     0.005232     0.003636
   2015    60-64   0.003409     0.006781     0.005079
   2015    65-69   0.005287     0.011923     0.008555
   2015    70-74   0.008532     0.018799     0.013359
   2015    75-79   0.015309     0.033875     0.023414
   2015    80-84   0.031233     0.063130     0.043969
   2015    85-89   0.061690     0.116428     0.080792
   2015    90-94   0.132826     0.194675     0.147753
   2015    95-99   0.254461     0.283718     0.259473
   2015   100-104  0.434936     0.691070     0.464982
   2015   105-109  0.690647     0.666667     0.687898
   2015   110+     1.500000            .     1.500000
   2016     0      0.003794     0.001610     0.002664
   2016     1-4    0.000000     0.000312     0.000160
   2016     5-9    0.000000     0.000056     0.000029
   2016    10-14   0.000113     0.000160     0.000137
   2016    15-19   0.000055     0.000153     0.000106
   2016    20-24   0.000264     0.000470     0.000373
   2016    25-29   0.000416     0.000714     0.000571
   2016    30-34   0.000411     0.000689     0.000553
   2016    35-39   0.000359     0.000682     0.000525
   2016    40-44   0.000412     0.000827     0.000623
   2016    45-49   0.000764     0.002031     0.001402
   2016    50-54   0.001094     0.002973     0.002030
   2016    55-59   0.002360     0.005981     0.004160
   2016    60-64   0.003578     0.007203     0.005372
   2016    65-69   0.004875     0.011813     0.008291
   2016    70-74   0.009439     0.020262     0.014546
   2016    75-79   0.014077     0.032823     0.022340
   2016    80-84   0.030795     0.059754     0.042326
   2016    85-89   0.064574     0.116813     0.082933
   2016    90-94   0.133166     0.200791     0.150493
   2016    95-99   0.240450     0.340339     0.257782
   2016   100-104  0.424419     0.404692     0.422065
   2016   105-109  0.436364     0.000000     0.393443
   2016   110+            .            .            .
   2017     0      0.001729     0.001974     0.001855
   2017     1-4    0.000167     0.000237     0.000203
   2017     5-9    0.000060     0.000172     0.000117
   2017    10-14   0.000342     0.000107     0.000221
   2017    15-19   0.000056     0.000157     0.000108
   2017    20-24   0.000197     0.000526     0.000371
   2017    25-29   0.000366     0.000390     0.000379
   2017    30-34   0.000472     0.000595     0.000535
   2017    35-39   0.000421     0.000619     0.000523
   2017    40-44   0.001032     0.000840     0.000934
   2017    45-49   0.000821     0.001183     0.001004
   2017    50-54   0.001275     0.002359     0.001815
   2017    55-59   0.001918     0.004106     0.003004
   2017    60-64   0.003585     0.006464     0.005014
   2017    65-69   0.004859     0.012118     0.008422
   2017    70-74   0.007076     0.018802     0.012638
   2017    75-79   0.014686     0.031642     0.022238
   2017    80-84   0.032248     0.064081     0.044988
   2017    85-89   0.060760     0.119131     0.081080
   2017    90-94   0.128728     0.208955     0.150161
   2017    95-99   0.255734     0.306254     0.264401
   2017   100-104  0.406297     0.719032     0.443239
   2017   105-109  0.464058     1.666667     0.555088
   2017   110+     0.857143            .     0.857143
   2018     0      0.000703     0.002028     0.001379
   2018     1-4    0.000000     0.000160     0.000083
   2018     5-9    0.000062     0.000117     0.000090
   2018    10-14   0.000115     0.000108     0.000112
   2018    15-19   0.000116     0.000107     0.000111
   2018    20-24   0.000259     0.000809     0.000550
   2018    25-29   0.000000     0.000284     0.000149
   2018    30-34   0.000379     0.000911     0.000653
   2018    35-39   0.000528     0.000819     0.000677
   2018    40-44   0.000675     0.001019     0.000852
   2018    45-49   0.001153     0.001553     0.001357
   2018    50-54   0.001093     0.002421     0.001754
   2018    55-59   0.002169     0.003577     0.002868
   2018    60-64   0.002529     0.006762     0.004632
   2018    65-69   0.004843     0.011593     0.008149
   2018    70-74   0.007305     0.019785     0.013259
   2018    75-79   0.013882     0.030506     0.021348
   2018    80-84   0.029424     0.061481     0.042270
   2018    85-89   0.061080     0.113959     0.079407
   2018    90-94   0.124834     0.191631     0.143227
   2018    95-99   0.244829     0.314006     0.256806
   2018   100-104  0.366931     0.437651     0.374454
   2018   105-109  0.687853     1.058824     0.714681
   2018   110+     0.545455            .     0.545455
   2019     0      0.001495     0.002815     0.002177
   2019     1-4    0.000087     0.000164     0.000126
   2019     5-9    0.000126     0.000119     0.000122
   2019    10-14   0.000116     0.000164     0.000141
   2019    15-19   0.000059     0.000108     0.000085
   2019    20-24   0.000131     0.000464     0.000308
   2019    25-29   0.000129     0.000406     0.000276
   2019    30-34   0.000332     0.000622     0.000482
   2019    35-39   0.000441     0.000743     0.000596
   2019    40-44   0.000749     0.000743     0.000746
   2019    45-49   0.001134     0.001584     0.001364
   2019    50-54   0.001718     0.002600     0.002159
   2019    55-59   0.002409     0.004164     0.003281
   2019    60-64   0.002575     0.006537     0.004536
   2019    65-69   0.004909     0.011938     0.008348
   2019    70-74   0.007065     0.016780     0.011721
   2019    75-79   0.014490     0.034970     0.023708
   2019    80-84   0.029121     0.062113     0.042356
   2019    85-89   0.062077     0.114113     0.080222
   2019    90-94   0.128873     0.193624     0.146874
   2019    95-99   0.256599     0.328343     0.269251
   2019   100-104  0.425256     0.399570     0.421976
   2019   105-109  0.614188     1.000000     0.636513
   2019   110+     3.000000            .     3.000000
   2020     0      0.005868     0.003342     0.004572
   2020     1-4    0.000090     0.000339     0.000218
   2020     5-9    0.000128     0.000061     0.000093
   2020    10-14   0.000058     0.000110     0.000085
   2020    15-19   0.000118     0.000433     0.000283
   2020    20-24   0.000542     0.000475     0.000507
   2020    25-29   0.000263     0.000755     0.000524
   2020    30-34   0.000114     0.000585     0.000359
   2020    35-39   0.000350     0.000662     0.000510
   2020    40-44   0.000561     0.000849     0.000710
   2020    45-49   0.001010     0.001523     0.001274
   2020    50-54   0.001303     0.002329     0.001819
   2020    55-59   0.001914     0.003850     0.002880
   2020    60-64   0.002765     0.007568     0.005136
   2020    65-69   0.003986     0.010845     0.007334
   2020    70-74   0.007988     0.018517     0.013057
   2020    75-79   0.012845     0.032407     0.021639
   2020    80-84   0.029516     0.054794     0.039764
   2020    85-89   0.057900     0.108715     0.075562
   2020    90-94   0.119993     0.196648     0.141589
   2020    95-99   0.227970     0.267299     0.235212
   2020   100-104  0.413000     0.509471     0.426167
   2020   105-109  0.492159     0.000000     0.471676
   2020   110+            .            .            .
   2021     0      0.001599     0.000758     0.001168
   2021     1-4    0.000093     0.000265     0.000181
   2021     5-9    0.000066     0.000062     0.000064
   2021    10-14   0.000118     0.000223     0.000172
   2021    15-19   0.000232     0.000267     0.000250
   2021    20-24   0.000207     0.000241     0.000225
   2021    25-29   0.000335     0.000702     0.000530
   2021    30-34   0.000237     0.000547     0.000398
   2021    35-39   0.000255     0.000240     0.000248
   2021    40-44   0.000629     0.001174     0.000911
   2021    45-49   0.000863     0.001454     0.001167
   2021    50-54   0.001626     0.002463     0.002049
   2021    55-59   0.002049     0.003679     0.002864
   2021    60-64   0.002471     0.006868     0.004639
   2021    65-69   0.004553     0.010585     0.007493
   2021    70-74   0.007700     0.018253     0.012779
   2021    75-79   0.014827     0.030897     0.022074
   2021    80-84   0.030180     0.057844     0.041560
   2021    85-89   0.062424     0.110248     0.079020
   2021    90-94   0.123105     0.197872     0.144311
   2021    95-99   0.240436     0.288138     0.249803
   2021   100-104  0.431516     0.772969     0.472696
   2021   105-109  0.859863     1.714286     0.889416
   2021   110+            .            .            .
   2022     0      0.002017     0.001551     0.001779
   2022     1-4    0.000191     0.000273     0.000233
   2022     5-9    0.000000     0.000063     0.000033
   2022    10-14   0.000180     0.000057     0.000117
   2022    15-19   0.000171     0.000212     0.000193
   2022    20-24   0.000068     0.000357     0.000222
   2022    25-29   0.000201     0.000884     0.000564
   2022    30-34   0.000307     0.000336     0.000322
   2022    35-39   0.000365     0.000833     0.000606
   2022    40-44   0.000653     0.001307     0.000991
   2022    45-49   0.000882     0.001524     0.001212
   2022    50-54   0.001500     0.002132     0.001822
   2022    55-59   0.002362     0.003719     0.003038
   2022    60-64   0.003017     0.007755     0.005352
   2022    65-69   0.004636     0.011943     0.008209
   2022    70-74   0.008142     0.019748     0.013711
   2022    75-79   0.015855     0.034467     0.024319
   2022    80-84   0.030692     0.059661     0.042776
   2022    85-89   0.064869     0.113548     0.081931
   2022    90-94   0.138011     0.211735     0.158705
   2022    95-99   0.265427     0.325536     0.277951
   2022   100-104  0.400692     0.588107     0.422815
   2022   105-109  0.580327     0.967742     0.591605
   2022   110+     0.000000            .     0.000000
