21.Gifu.ken, Death Rates (period 5x1)     Last modified:2023-12-05, ver.004_004 JMD(IPSS)

   Year      Age       Female       Male         Total
   1947     0      0.089604     0.100247     0.095050
   1947     1-4    0.017783     0.016482     0.017123
   1947     5-9    0.003080     0.003664     0.003376
   1947    10-14   0.001834     0.001625     0.001728
   1947    15-19   0.005231     0.004156     0.004690
   1947    20-24   0.009134     0.010015     0.009557
   1947    25-29   0.007992     0.007932     0.007966
   1947    30-34   0.007721     0.008312     0.007994
   1947    35-39   0.007432     0.007843     0.007628
   1947    40-44   0.008207     0.009630     0.008921
   1947    45-49   0.009043     0.012396     0.010763
   1947    50-54   0.013349     0.014921     0.014156
   1947    55-59   0.017661     0.022361     0.020037
   1947    60-64   0.027974     0.033906     0.030895
   1947    65-69   0.041807     0.058327     0.049674
   1947    70-74   0.065689     0.088194     0.076017
   1947    75-79   0.100726     0.124107     0.110771
   1947    80-84   0.166380     0.199408     0.179249
   1947    85-89   0.225081     0.268953     0.240065
   1947    90-94   0.409411     0.464501     0.427912
   1947    95-99   0.688179     0.699708     0.691434
   1947   100-104  0.361882     2.590517     1.379016
   1947   105-109  0.000000            .     0.000000
   1947   110+            .     0.000000     0.000000
   1948     0      0.063760     0.077608     0.070811
   1948     1-4    0.012860     0.011885     0.012363
   1948     5-9    0.002502     0.002603     0.002553
   1948    10-14   0.001431     0.001627     0.001531
   1948    15-19   0.004466     0.003422     0.003940
   1948    20-24   0.008159     0.007935     0.008049
   1948    25-29   0.007627     0.008098     0.007834
   1948    30-34   0.005857     0.007550     0.006635
   1948    35-39   0.006470     0.007139     0.006785
   1948    40-44   0.007014     0.007970     0.007490
   1948    45-49   0.008561     0.010693     0.009650
   1948    50-54   0.011492     0.012794     0.012161
   1948    55-59   0.014372     0.017226     0.015815
   1948    60-64   0.021993     0.030089     0.026018
   1948    65-69   0.033717     0.041760     0.037532
   1948    70-74   0.052160     0.063091     0.057182
   1948    75-79   0.074408     0.097805     0.084539
   1948    80-84   0.133989     0.149394     0.140009
   1948    85-89   0.222275     0.180625     0.207942
   1948    90-94   0.333295     0.495517     0.386508
   1948    95-99   0.273598     0.211827     0.255007
   1948   100-104  0.683371     0.000000     0.583658
   1948   105-109  0.000000            .     0.000000
   1948   110+     0.000000     0.000000     0.000000
   1949     0      0.070186     0.076346     0.073321
   1949     1-4    0.012355     0.012520     0.012439
   1949     5-9    0.002767     0.002895     0.002832
   1949    10-14   0.001364     0.001269     0.001316
   1949    15-19   0.003523     0.003299     0.003410
   1949    20-24   0.006415     0.005880     0.006148
   1949    25-29   0.007186     0.006733     0.006985
   1949    30-34   0.005394     0.006259     0.005789
   1949    35-39   0.006091     0.005980     0.006039
   1949    40-44   0.006038     0.007318     0.006669
   1949    45-49   0.007888     0.009092     0.008500
   1949    50-54   0.010149     0.011041     0.010608
   1949    55-59   0.014954     0.017517     0.016254
   1949    60-64   0.022025     0.026387     0.024204
   1949    65-69   0.032687     0.041733     0.036983
   1949    70-74   0.054073     0.065196     0.059200
   1949    75-79   0.086626     0.106049     0.095097
   1949    80-84   0.123122     0.175397     0.143652
   1949    85-89   0.207601     0.248641     0.221935
   1949    90-94   0.256815     0.318212     0.276580
   1949    95-99   0.508978     0.678349     0.555184
   1949   100-104  0.000000     0.000000     0.000000
   1949   105-109  1.167315            .     1.167315
   1949   110+     0.000000     0.000000     0.000000
   1950     0      0.060241     0.065059     0.062699
   1950     1-4    0.010325     0.009916     0.010116
   1950     5-9    0.001948     0.002279     0.002116
   1950    10-14   0.001293     0.001201     0.001247
   1950    15-19   0.003325     0.002376     0.002847
   1950    20-24   0.005856     0.005010     0.005431
   1950    25-29   0.005253     0.005702     0.005456
   1950    30-34   0.005902     0.005326     0.005641
   1950    35-39   0.005019     0.005777     0.005369
   1950    40-44   0.005466     0.007845     0.006631
   1950    45-49   0.007213     0.008544     0.007885
   1950    50-54   0.010165     0.011319     0.010758
   1950    55-59   0.013294     0.017955     0.015665
   1950    60-64   0.019268     0.025597     0.022433
   1950    65-69   0.033171     0.043916     0.038296
   1950    70-74   0.056606     0.070951     0.063219
   1950    75-79   0.083210     0.108769     0.094392
   1950    80-84   0.133529     0.177770     0.150897
   1950    85-89   0.221609     0.285850     0.243729
   1950    90-94   0.384511     0.379791     0.382978
   1950    95-99   0.431232     0.144439     0.370009
   1950   100-104  0.000000     0.000000     0.000000
   1950   105-109  0.000000     0.000000     0.000000
   1950   110+     2.870813     0.000000     2.230483
   1951     0      0.053351     0.064193     0.058895
   1951     1-4    0.009473     0.008334     0.008892
   1951     5-9    0.002058     0.002270     0.002166
   1951    10-14   0.001101     0.001114     0.001108
   1951    15-19   0.001967     0.002014     0.001991
   1951    20-24   0.004018     0.003603     0.003809
   1951    25-29   0.004341     0.004277     0.004312
   1951    30-34   0.004387     0.004709     0.004531
   1951    35-39   0.004365     0.005019     0.004666
   1951    40-44   0.005210     0.006350     0.005761
   1951    45-49   0.006268     0.007440     0.006857
   1951    50-54   0.008965     0.010934     0.009974
   1951    55-59   0.013630     0.017454     0.015580
   1951    60-64   0.019324     0.024430     0.021879
   1951    65-69   0.032644     0.040988     0.036645
   1951    70-74   0.057309     0.066363     0.061487
   1951    75-79   0.084525     0.104309     0.093170
   1951    80-84   0.140094     0.168159     0.151206
   1951    85-89   0.196489     0.250511     0.214818
   1951    90-94   0.348235     0.221382     0.304601
   1951    95-99   0.443678     0.232639     0.392584
   1951   100-104  0.379233     0.491300     0.426713
   1951   105-109  0.413793     3.000000     0.680412
   1951   110+     0.545455     1.500000     1.068493
   1952     0      0.050974     0.056493     0.053810
   1952     1-4    0.007298     0.006355     0.006817
   1952     5-9    0.001691     0.001871     0.001783
   1952    10-14   0.000714     0.001060     0.000888
   1952    15-19   0.001664     0.001943     0.001801
   1952    20-24   0.002912     0.003347     0.003130
   1952    25-29   0.003326     0.003541     0.003429
   1952    30-34   0.003531     0.003620     0.003570
   1952    35-39   0.003782     0.004010     0.003887
   1952    40-44   0.004396     0.005374     0.004861
   1952    45-49   0.005576     0.006162     0.005869
   1952    50-54   0.009674     0.010320     0.010004
   1952    55-59   0.013158     0.016200     0.014712
   1952    60-64   0.018934     0.026786     0.022865
   1952    65-69   0.028786     0.041425     0.034893
   1952    70-74   0.052250     0.065750     0.058480
   1952    75-79   0.080612     0.107372     0.092320
   1952    80-84   0.127066     0.167327     0.143197
   1952    85-89   0.209333     0.255814     0.225032
   1952    90-94   0.309677     0.421836     0.347635
   1952    95-99   0.198985     0.362562     0.242669
   1952   100-104  0.000000     0.679372     0.222876
   1952   105-109  0.000000            .     0.000000
   1952   110+     0.000000            .     0.000000
   1953     0      0.047001     0.054578     0.050884
   1953     1-4    0.005956     0.006210     0.006086
   1953     5-9    0.001812     0.001892     0.001852
   1953    10-14   0.000468     0.000828     0.000649
   1953    15-19   0.001422     0.001708     0.001561
   1953    20-24   0.002771     0.002813     0.002792
   1953    25-29   0.002160     0.003592     0.002862
   1953    30-34   0.002835     0.003341     0.003057
   1953    35-39   0.003575     0.003952     0.003748
   1953    40-44   0.004453     0.005236     0.004821
   1953    45-49   0.006619     0.007721     0.007167
   1953    50-54   0.008376     0.010379     0.009397
   1953    55-59   0.013078     0.016294     0.014723
   1953    60-64   0.018864     0.022921     0.020898
   1953    65-69   0.033081     0.042177     0.037514
   1953    70-74   0.055958     0.068899     0.061911
   1953    75-79   0.092348     0.119179     0.104091
   1953    80-84   0.143459     0.184483     0.159951
   1953    85-89   0.226998     0.292029     0.248900
   1953    90-94   0.365518     0.431838     0.385723
   1953    95-99   0.557888     0.556588     0.557505
   1953   100-104  0.847826     0.864479     0.852260
   1953   105-109  0.819512     6.000000     0.918660
   1953   110+     3.000000            .     3.000000
   1954     0      0.043019     0.052834     0.048020
   1954     1-4    0.004691     0.005400     0.005054
   1954     5-9    0.001331     0.001819     0.001580
   1954    10-14   0.000793     0.000733     0.000763
   1954    15-19   0.001096     0.001560     0.001319
   1954    20-24   0.002646     0.003149     0.002892
   1954    25-29   0.002819     0.003354     0.003084
   1954    30-34   0.002662     0.003207     0.002903
   1954    35-39   0.002939     0.003416     0.003157
   1954    40-44   0.003846     0.004218     0.004020
   1954    45-49   0.005348     0.005769     0.005555
   1954    50-54   0.007863     0.009816     0.008854
   1954    55-59   0.010810     0.015254     0.013083
   1954    60-64   0.016826     0.024567     0.020724
   1954    65-69   0.027583     0.038118     0.032750
   1954    70-74   0.047772     0.062430     0.054522
   1954    75-79   0.077729     0.092465     0.084197
   1954    80-84   0.120275     0.160992     0.136594
   1954    85-89   0.189763     0.261563     0.213851
   1954    90-94   0.226507     0.402905     0.275983
   1954    95-99   0.347580     0.351179     0.348775
   1954   100-104  1.507799     2.325000     1.648494
   1954   105-109  0.545455     6.000000     0.820144
   1954   110+     0.000000            .     0.000000
   1955     0      0.037967     0.047540     0.042860
   1955     1-4    0.003869     0.003979     0.003925
   1955     5-9    0.000915     0.001515     0.001221
   1955    10-14   0.000529     0.000717     0.000623
   1955    15-19   0.001192     0.001352     0.001269
   1955    20-24   0.002201     0.002840     0.002507
   1955    25-29   0.002400     0.002711     0.002555
   1955    30-34   0.002377     0.003000     0.002658
   1955    35-39   0.002898     0.003002     0.002945
   1955    40-44   0.003321     0.004171     0.003713
   1955    45-49   0.004594     0.006538     0.005546
   1955    50-54   0.008537     0.009197     0.008870
   1955    55-59   0.010318     0.013937     0.012165
   1955    60-64   0.017055     0.021993     0.019551
   1955    65-69   0.026726     0.035300     0.030943
   1955    70-74   0.050104     0.062947     0.056046
   1955    75-79   0.078796     0.100347     0.088271
   1955    80-84   0.122568     0.152580     0.134605
   1955    85-89   0.191837     0.242295     0.208820
   1955    90-94   0.246926     0.331868     0.269343
   1955    95-99   0.449984     0.472642     0.457323
   1955   100-104  0.000000            .     0.000000
   1955   105-109  0.000000            .     0.000000
   1955   110+     0.000000            .     0.000000
   1956     0      0.041116     0.050452     0.045894
   1956     1-4    0.004025     0.003924     0.003974
   1956     5-9    0.001236     0.001432     0.001336
   1956    10-14   0.000526     0.000742     0.000634
   1956    15-19   0.001117     0.001438     0.001272
   1956    20-24   0.001735     0.002719     0.002199
   1956    25-29   0.002381     0.002704     0.002543
   1956    30-34   0.002436     0.002645     0.002533
   1956    35-39   0.002641     0.003027     0.002813
   1956    40-44   0.003177     0.004032     0.003570
   1956    45-49   0.005418     0.006762     0.006068
   1956    50-54   0.007252     0.009569     0.008419
   1956    55-59   0.012324     0.015917     0.014154
   1956    60-64   0.017605     0.023108     0.020387
   1956    65-69   0.027525     0.033589     0.030516
   1956    70-74   0.047307     0.065573     0.055819
   1956    75-79   0.083563     0.106909     0.093818
   1956    80-84   0.139921     0.168428     0.151446
   1956    85-89   0.242422     0.232950     0.239129
   1956    90-94   0.350578     0.404338     0.364631
   1956    95-99   0.689338     0.639756     0.674365
   1956   100-104  0.769841            .     0.769841
   1956   105-109  0.200000            .     0.200000
   1956   110+     0.375000            .     0.375000
   1957     0      0.037380     0.041669     0.039580
   1957     1-4    0.002981     0.003096     0.003040
   1957     5-9    0.001199     0.001260     0.001230
   1957    10-14   0.000546     0.000720     0.000633
   1957    15-19   0.000922     0.001398     0.001151
   1957    20-24   0.002050     0.002790     0.002398
   1957    25-29   0.002012     0.002410     0.002211
   1957    30-34   0.002317     0.002566     0.002436
   1957    35-39   0.002697     0.002969     0.002817
   1957    40-44   0.003501     0.004127     0.003790
   1957    45-49   0.005266     0.005695     0.005470
   1957    50-54   0.007078     0.008734     0.007909
   1957    55-59   0.010960     0.013912     0.012462
   1957    60-64   0.017942     0.022983     0.020490
   1957    65-69   0.028814     0.041722     0.035187
   1957    70-74   0.053538     0.073100     0.062710
   1957    75-79   0.088363     0.118751     0.101646
   1957    80-84   0.151649     0.185688     0.165456
   1957    85-89   0.226871     0.290188     0.249465
   1957    90-94   0.366130     0.365163     0.365867
   1957    95-99   0.600938     0.657159     0.615270
   1957   100-104  0.913808            .     0.913808
   1957   105-109  2.100000            .     2.100000
   1957   110+     2.000000            .     2.000000
   1958     0      0.037467     0.044666     0.041169
   1958     1-4    0.002664     0.003058     0.002865
   1958     5-9    0.000787     0.001127     0.000961
   1958    10-14   0.000333     0.000610     0.000471
   1958    15-19   0.001066     0.001491     0.001268
   1958    20-24   0.001702     0.002105     0.001892
   1958    25-29   0.001721     0.002336     0.002028
   1958    30-34   0.002102     0.002295     0.002197
   1958    35-39   0.002249     0.002834     0.002507
   1958    40-44   0.002770     0.003503     0.003107
   1958    45-49   0.004718     0.005669     0.005165
   1958    50-54   0.007442     0.007995     0.007718
   1958    55-59   0.010362     0.014494     0.012459
   1958    60-64   0.015726     0.022783     0.019298
   1958    65-69   0.028690     0.035713     0.032157
   1958    70-74   0.044737     0.057886     0.050950
   1958    75-79   0.076444     0.101606     0.087411
   1958    80-84   0.132131     0.159528     0.143264
   1958    85-89   0.175365     0.245538     0.200295
   1958    90-94   0.314452     0.406541     0.340446
   1958    95-99   0.619902     0.200938     0.517199
   1958   100-104  2.448980     0.000000     1.387283
   1958   105-109         .            .            .
   1958   110+            .            .            .
   1959     0      0.033111     0.039635     0.036463
   1959     1-4    0.002417     0.002738     0.002581
   1959     5-9    0.000725     0.001089     0.000911
   1959    10-14   0.000395     0.000508     0.000452
   1959    15-19   0.000891     0.000911     0.000900
   1959    20-24   0.001715     0.002334     0.002005
   1959    25-29   0.001765     0.002408     0.002084
   1959    30-34   0.002188     0.002539     0.002363
   1959    35-39   0.002236     0.003195     0.002663
   1959    40-44   0.002885     0.003309     0.003080
   1959    45-49   0.004434     0.006243     0.005278
   1959    50-54   0.006454     0.008014     0.007225
   1959    55-59   0.009788     0.014416     0.012126
   1959    60-64   0.016397     0.023167     0.019828
   1959    65-69   0.027881     0.036203     0.032001
   1959    70-74   0.044475     0.061847     0.052736
   1959    75-79   0.080036     0.104599     0.090771
   1959    80-84   0.131632     0.177182     0.150155
   1959    85-89   0.208131     0.251064     0.223286
   1959    90-94   0.269391     0.371626     0.297823
   1959    95-99   0.531543     0.767700     0.589867
   1959   100-104  0.000000     0.000000     0.000000
   1959   105-109         .            .            .
   1959   110+            .            .            .
   1960     0      0.030670     0.035620     0.033204
   1960     1-4    0.002107     0.002243     0.002177
   1960     5-9    0.000647     0.000956     0.000805
   1960    10-14   0.000484     0.000511     0.000498
   1960    15-19   0.000797     0.001248     0.001005
   1960    20-24   0.001386     0.002239     0.001781
   1960    25-29   0.001680     0.002149     0.001912
   1960    30-34   0.001730     0.002200     0.001967
   1960    35-39   0.002414     0.002976     0.002669
   1960    40-44   0.002764     0.003470     0.003085
   1960    45-49   0.004392     0.005109     0.004725
   1960    50-54   0.006746     0.008801     0.007755
   1960    55-59   0.009926     0.014258     0.012104
   1960    60-64   0.015824     0.023265     0.019588
   1960    65-69   0.026857     0.037227     0.032002
   1960    70-74   0.046592     0.064696     0.055217
   1960    75-79   0.077796     0.110357     0.092050
   1960    80-84   0.133911     0.165542     0.146770
   1960    85-89   0.194379     0.261055     0.217814
   1960    90-94   0.326370     0.326653     0.326449
   1960    95-99   0.414095     0.700525     0.473689
   1960   100-104  0.000000     0.666667     0.454545
   1960   105-109         .            .            .
   1960   110+            .            .            .
   1961     0      0.025894     0.037679     0.031915
   1961     1-4    0.002422     0.002078     0.002246
   1961     5-9    0.000491     0.000837     0.000668
   1961    10-14   0.000442     0.000523     0.000483
   1961    15-19   0.000769     0.001207     0.000972
   1961    20-24   0.001149     0.002045     0.001560
   1961    25-29   0.001150     0.002139     0.001635
   1961    30-34   0.001646     0.002076     0.001864
   1961    35-39   0.001884     0.003060     0.002434
   1961    40-44   0.002831     0.004001     0.003356
   1961    45-49   0.004187     0.005013     0.004569
   1961    50-54   0.005738     0.008092     0.006880
   1961    55-59   0.010032     0.013352     0.011698
   1961    60-64   0.014173     0.022842     0.018543
   1961    65-69   0.026939     0.036465     0.031662
   1961    70-74   0.048430     0.064515     0.056118
   1961    75-79   0.080327     0.107358     0.092199
   1961    80-84   0.145946     0.166610     0.154336
   1961    85-89   0.216918     0.279558     0.238903
   1961    90-94   0.289492     0.402734     0.321009
   1961    95-99   0.549227     0.359324     0.507333
   1961   100-104  0.000000     2.400000     0.592885
   1961   105-109         .            .            .
   1961   110+            .            .            .
   1962     0      0.025886     0.032068     0.029063
   1962     1-4    0.001549     0.002500     0.002034
   1962     5-9    0.000569     0.000985     0.000781
   1962    10-14   0.000443     0.000504     0.000474
   1962    15-19   0.000392     0.001143     0.000743
   1962    20-24   0.001289     0.001769     0.001509
   1962    25-29   0.001365     0.002036     0.001691
   1962    30-34   0.001900     0.001804     0.001851
   1962    35-39   0.001863     0.002593     0.002214
   1962    40-44   0.002353     0.003524     0.002872
   1962    45-49   0.003855     0.005292     0.004519
   1962    50-54   0.006355     0.008074     0.007175
   1962    55-59   0.008740     0.014125     0.011433
   1962    60-64   0.015170     0.021781     0.018498
   1962    65-69   0.026587     0.038678     0.032575
   1962    70-74   0.047672     0.065641     0.056281
   1962    75-79   0.080857     0.104446     0.091293
   1962    80-84   0.149514     0.181589     0.162444
   1962    85-89   0.227597     0.281305     0.246578
   1962    90-94   0.342118     0.425270     0.364576
   1962    95-99   0.413198     0.337016     0.394134
   1962   100-104  0.795756     0.000000     0.663717
   1962   105-109         .            .            .
   1962   110+            .            .            .
   1963     0      0.023678     0.029171     0.026497
   1963     1-4    0.001610     0.001578     0.001594
   1963     5-9    0.000279     0.000879     0.000585
   1963    10-14   0.000279     0.000496     0.000387
   1963    15-19   0.000379     0.000900     0.000623
   1963    20-24   0.001095     0.001612     0.001332
   1963    25-29   0.001198     0.001857     0.001516
   1963    30-34   0.001693     0.002214     0.001956
   1963    35-39   0.001801     0.002244     0.002020
   1963    40-44   0.002731     0.003834     0.003218
   1963    45-49   0.003274     0.004809     0.003981
   1963    50-54   0.005850     0.007862     0.006799
   1963    55-59   0.008251     0.012907     0.010563
   1963    60-64   0.013814     0.021765     0.017800
   1963    65-69   0.024582     0.036453     0.030467
   1963    70-74   0.042177     0.058301     0.049897
   1963    75-79   0.079471     0.099857     0.088604
   1963    80-84   0.130051     0.166633     0.144723
   1963    85-89   0.195599     0.253873     0.216338
   1963    90-94   0.297888     0.414183     0.328816
   1963    95-99   0.511055     0.441760     0.493177
   1963   100-104  0.000000     2.000000     0.454545
   1963   105-109         .            .            .
   1963   110+            .            .            .
   1964     0      0.020357     0.024710     0.022585
   1964     1-4    0.001657     0.001839     0.001750
   1964     5-9    0.000610     0.000616     0.000613
   1964    10-14   0.000317     0.000420     0.000369
   1964    15-19   0.000341     0.000953     0.000627
   1964    20-24   0.000910     0.001615     0.001231
   1964    25-29   0.001159     0.001840     0.001487
   1964    30-34   0.001354     0.001810     0.001583
   1964    35-39   0.001585     0.002409     0.001998
   1964    40-44   0.002565     0.003729     0.003083
   1964    45-49   0.004207     0.004650     0.004410
   1964    50-54   0.005134     0.007683     0.006325
   1964    55-59   0.007859     0.013419     0.010597
   1964    60-64   0.012636     0.019292     0.015955
   1964    65-69   0.024669     0.037323     0.030955
   1964    70-74   0.041420     0.056097     0.048454
   1964    75-79   0.072303     0.091892     0.081172
   1964    80-84   0.127136     0.156924     0.139149
   1964    85-89   0.180221     0.242489     0.202441
   1964    90-94   0.326936     0.291315     0.317069
   1964    95-99   0.512281     0.718894     0.561028
   1964   100-104  0.812458     0.000000     0.622730
   1964   105-109         .            .            .
   1964   110+            .            .            .
   1965     0      0.019332     0.025063     0.022264
   1965     1-4    0.001470     0.001680     0.001577
   1965     5-9    0.000361     0.000885     0.000628
   1965    10-14   0.000204     0.000424     0.000315
   1965    15-19   0.000567     0.000836     0.000692
   1965    20-24   0.000698     0.001686     0.001143
   1965    25-29   0.001112     0.001628     0.001361
   1965    30-34   0.001094     0.001876     0.001485
   1965    35-39   0.001555     0.002123     0.001841
   1965    40-44   0.002390     0.003167     0.002743
   1965    45-49   0.003735     0.004619     0.004136
   1965    50-54   0.004999     0.007681     0.006243
   1965    55-59   0.008247     0.012182     0.010171
   1965    60-64   0.013525     0.021059     0.017264
   1965    65-69   0.024358     0.035012     0.029639
   1965    70-74   0.044498     0.060881     0.052358
   1965    75-79   0.079372     0.100514     0.088995
   1965    80-84   0.129055     0.161176     0.142049
   1965    85-89   0.204870     0.273876     0.229468
   1965    90-94   0.328946     0.355195     0.336669
   1965    95-99   0.379668     0.498391     0.405413
   1965   100-104  0.000000     0.000000     0.000000
   1965   105-109         .            .            .
   1965   110+            .            .            .
   1966     0      0.015902     0.021506     0.018786
   1966     1-4    0.001579     0.001433     0.001504
   1966     5-9    0.000317     0.000627     0.000475
   1966    10-14   0.000241     0.000475     0.000359
   1966    15-19   0.000413     0.001094     0.000731
   1966    20-24   0.000824     0.001348     0.001059
   1966    25-29   0.001128     0.001604     0.001357
   1966    30-34   0.001417     0.001770     0.001592
   1966    35-39   0.001656     0.002317     0.001991
   1966    40-44   0.002219     0.003260     0.002705
   1966    45-49   0.003221     0.005504     0.004240
   1966    50-54   0.005654     0.007419     0.006469
   1966    55-59   0.008070     0.013000     0.010452
   1966    60-64   0.013215     0.020280     0.016711
   1966    65-69   0.023430     0.034928     0.029101
   1966    70-74   0.041278     0.057660     0.049124
   1966    75-79   0.071355     0.090884     0.080280
   1966    80-84   0.127721     0.154992     0.138834
   1966    85-89   0.186563     0.235512     0.203963
   1966    90-94   0.284135     0.300420     0.289067
   1966    95-99   0.446342     0.180194     0.374894
   1966   100-104  0.000000     0.909091     0.186047
   1966   105-109         .            .            .
   1966   110+            .            .            .
   1967     0      0.018144     0.021187     0.019707
   1967     1-4    0.000840     0.001327     0.001089
   1967     5-9    0.000301     0.000579     0.000443
   1967    10-14   0.000249     0.000427     0.000338
   1967    15-19   0.000464     0.001078     0.000751
   1967    20-24   0.000735     0.001591     0.001123
   1967    25-29   0.000919     0.001456     0.001177
   1967    30-34   0.001076     0.001686     0.001377
   1967    35-39   0.001707     0.002039     0.001876
   1967    40-44   0.002018     0.002997     0.002489
   1967    45-49   0.003090     0.003967     0.003476
   1967    50-54   0.004280     0.006994     0.005529
   1967    55-59   0.008428     0.011653     0.009959
   1967    60-64   0.012205     0.020845     0.016457
   1967    65-69   0.018757     0.032265     0.025400
   1967    70-74   0.039056     0.056312     0.047308
   1967    75-79   0.074194     0.095119     0.083758
   1967    80-84   0.119625     0.147961     0.131323
   1967    85-89   0.202272     0.242448     0.216522
   1967    90-94   0.340800     0.332116     0.338117
   1967    95-99   0.355301     0.206234     0.310373
   1967   100-104  0.763035     0.000000     0.484914
   1967   105-109         .            .            .
   1967   110+            .            .            .
   1968     0      0.016065     0.017859     0.016980
   1968     1-4    0.000735     0.001399     0.001075
   1968     5-9    0.000566     0.000629     0.000598
   1968    10-14   0.000143     0.000355     0.000249
   1968    15-19   0.000433     0.000973     0.000684
   1968    20-24   0.000865     0.001269     0.001050
   1968    25-29   0.001052     0.001523     0.001277
   1968    30-34   0.000893     0.001553     0.001217
   1968    35-39   0.001546     0.002400     0.001978
   1968    40-44   0.002318     0.002663     0.002488
   1968    45-49   0.003243     0.004787     0.003922
   1968    50-54   0.005091     0.007744     0.006307
   1968    55-59   0.007303     0.012113     0.009554
   1968    60-64   0.012705     0.020034     0.016283
   1968    65-69   0.020066     0.031740     0.025778
   1968    70-74   0.038373     0.056987     0.047283
   1968    75-79   0.065401     0.094585     0.078659
   1968    80-84   0.117309     0.164531     0.136854
   1968    85-89   0.184249     0.248232     0.206905
   1968    90-94   0.340648     0.401174     0.359112
   1968    95-99   0.340698     0.331692     0.337970
   1968   100-104  1.124767     0.243902     0.592483
   1968   105-109         .            .            .
   1968   110+            .            .            .
   1969     0      0.014535     0.016364     0.015472
   1969     1-4    0.001077     0.001436     0.001261
   1969     5-9    0.000236     0.000567     0.000405
   1969    10-14   0.000234     0.000402     0.000319
   1969    15-19   0.000485     0.000965     0.000706
   1969    20-24   0.000598     0.001171     0.000862
   1969    25-29   0.000758     0.001198     0.000969
   1969    30-34   0.001111     0.001450     0.001277
   1969    35-39   0.001606     0.002249     0.001929
   1969    40-44   0.002058     0.003141     0.002599
   1969    45-49   0.003242     0.003759     0.003471
   1969    50-54   0.004856     0.007563     0.006089
   1969    55-59   0.007500     0.012059     0.009609
   1969    60-64   0.012551     0.018088     0.015233
   1969    65-69   0.021207     0.034019     0.027439
   1969    70-74   0.036892     0.058639     0.047302
   1969    75-79   0.071347     0.095076     0.082099
   1969    80-84   0.119619     0.155066     0.134284
   1969    85-89   0.189467     0.223430     0.201629
   1969    90-94   0.290274     0.370506     0.314119
   1969    95-99   0.352948     0.377171     0.360486
   1969   100-104  1.495017     0.202840     0.576646
   1969   105-109         .            .            .
   1969   110+            .            .            .
   1970     0      0.014569     0.019275     0.016994
   1970     1-4    0.000905     0.001420     0.001169
   1970     5-9    0.000420     0.000681     0.000553
   1970    10-14   0.000359     0.000377     0.000368
   1970    15-19   0.000440     0.001122     0.000755
   1970    20-24   0.000780     0.001360     0.001044
   1970    25-29   0.000730     0.001504     0.001103
   1970    30-34   0.000941     0.001443     0.001187
   1970    35-39   0.001397     0.002241     0.001819
   1970    40-44   0.001957     0.003214     0.002590
   1970    45-49   0.002874     0.003839     0.003310
   1970    50-54   0.004701     0.007095     0.005780
   1970    55-59   0.007970     0.010978     0.009349
   1970    60-64   0.012072     0.018905     0.015356
   1970    65-69   0.020483     0.033044     0.026557
   1970    70-74   0.037536     0.058491     0.047496
   1970    75-79   0.068916     0.099129     0.082625
   1970    80-84   0.125630     0.149872     0.135734
   1970    85-89   0.200353     0.232383     0.211983
   1970    90-94   0.304823     0.342984     0.316154
   1970    95-99   0.347767     0.247034     0.315536
   1970   100-104  0.253165     0.420610     0.344630
   1970   105-109         .            .            .
   1970   110+            .            .            .
   1971     0      0.013707     0.015269     0.014513
   1971     1-4    0.001135     0.001356     0.001248
   1971     5-9    0.000381     0.000559     0.000472
   1971    10-14   0.000120     0.000350     0.000236
   1971    15-19   0.000279     0.001106     0.000666
   1971    20-24   0.000648     0.001281     0.000935
   1971    25-29   0.000805     0.001188     0.000990
   1971    30-34   0.000987     0.001419     0.001199
   1971    35-39   0.001309     0.001908     0.001607
   1971    40-44   0.001774     0.003220     0.002505
   1971    45-49   0.002474     0.003826     0.003102
   1971    50-54   0.004591     0.005987     0.005211
   1971    55-59   0.007599     0.009371     0.008408
   1971    60-64   0.010150     0.017616     0.013690
   1971    65-69   0.019101     0.031438     0.025050
   1971    70-74   0.035448     0.050501     0.042556
   1971    75-79   0.067803     0.093816     0.079585
   1971    80-84   0.111109     0.151593     0.128028
   1971    85-89   0.179630     0.226639     0.196897
   1971    90-94   0.269458     0.329667     0.287045
   1971    95-99   0.305145     0.425785     0.341427
   1971   100-104  0.275799     0.569476     0.386543
   1971   105-109         .     0.000000     0.000000
   1971   110+            .            .            .
   1972     0      0.011017     0.015078     0.013111
   1972     1-4    0.000978     0.001134     0.001058
   1972     5-9    0.000378     0.000471     0.000426
   1972    10-14   0.000162     0.000317     0.000240
   1972    15-19   0.000443     0.001041     0.000725
   1972    20-24   0.000629     0.001085     0.000837
   1972    25-29   0.000721     0.001108     0.000909
   1972    30-34   0.000999     0.001157     0.001077
   1972    35-39   0.001168     0.001811     0.001486
   1972    40-44   0.001553     0.002848     0.002209
   1972    45-49   0.002841     0.004032     0.003411
   1972    50-54   0.003998     0.006025     0.004888
   1972    55-59   0.007116     0.010073     0.008465
   1972    60-64   0.010896     0.016344     0.013436
   1972    65-69   0.019997     0.027940     0.023812
   1972    70-74   0.034017     0.052753     0.042859
   1972    75-79   0.063998     0.091717     0.076488
   1972    80-84   0.114132     0.143032     0.126209
   1972    85-89   0.182669     0.211744     0.193482
   1972    90-94   0.278677     0.342184     0.296962
   1972    95-99   0.368685     0.405696     0.378638
   1972   100-104  0.081081     0.230769     0.120000
   1972   105-109         .     0.000000     0.000000
   1972   110+            .            .            .
   1973     0      0.012677     0.016005     0.014386
   1973     1-4    0.001008     0.001427     0.001223
   1973     5-9    0.000284     0.000541     0.000416
   1973    10-14   0.000336     0.000382     0.000359
   1973    15-19   0.000434     0.001122     0.000758
   1973    20-24   0.000682     0.001344     0.000986
   1973    25-29   0.000638     0.001045     0.000835
   1973    30-34   0.000922     0.001310     0.001113
   1973    35-39   0.001383     0.001691     0.001535
   1973    40-44   0.001988     0.002653     0.002324
   1973    45-49   0.002951     0.004088     0.003508
   1973    50-54   0.004481     0.006528     0.005376
   1973    55-59   0.006967     0.009731     0.008224
   1973    60-64   0.010616     0.017246     0.013668
   1973    65-69   0.018120     0.029200     0.023404
   1973    70-74   0.034233     0.054243     0.043650
   1973    75-79   0.064497     0.086731     0.074495
   1973    80-84   0.113663     0.148971     0.128458
   1973    85-89   0.190697     0.234570     0.207019
   1973    90-94   0.308473     0.330274     0.314936
   1973    95-99   0.383052     0.650100     0.446654
   1973   100-104  0.309278     0.806924     0.426952
   1973   105-109         .     1.500000     1.500000
   1973   110+            .            .            .
   1974     0      0.010144     0.014270     0.012260
   1974     1-4    0.000749     0.001126     0.000942
   1974     5-9    0.000236     0.000424     0.000332
   1974    10-14   0.000131     0.000295     0.000214
   1974    15-19   0.000352     0.000984     0.000649
   1974    20-24   0.000571     0.001182     0.000851
   1974    25-29   0.000614     0.001042     0.000823
   1974    30-34   0.001002     0.001293     0.001144
   1974    35-39   0.001106     0.001889     0.001492
   1974    40-44   0.001657     0.002786     0.002225
   1974    45-49   0.002797     0.004269     0.003530
   1974    50-54   0.004110     0.005783     0.004848
   1974    55-59   0.005488     0.010017     0.007535
   1974    60-64   0.010549     0.016834     0.013415
   1974    65-69   0.018246     0.028295     0.023001
   1974    70-74   0.034822     0.050638     0.042235
   1974    75-79   0.063300     0.088147     0.074479
   1974    80-84   0.112328     0.148446     0.127407
   1974    85-89   0.202554     0.223583     0.210408
   1974    90-94   0.325264     0.354354     0.334398
   1974    95-99   0.536301     0.555478     0.540401
   1974   100-104  0.627907     1.090909     0.722222
   1974   105-109         .            .            .
   1974   110+            .            .            .
   1975     0      0.009412     0.011660     0.010569
   1975     1-4    0.000915     0.001180     0.001050
   1975     5-9    0.000329     0.000418     0.000374
   1975    10-14   0.000157     0.000330     0.000245
   1975    15-19   0.000269     0.000827     0.000534
   1975    20-24   0.000707     0.001297     0.000975
   1975    25-29   0.000725     0.001066     0.000893
   1975    30-34   0.000763     0.001338     0.001046
   1975    35-39   0.001079     0.001821     0.001445
   1975    40-44   0.001749     0.002738     0.002244
   1975    45-49   0.002720     0.004355     0.003542
   1975    50-54   0.003904     0.006205     0.004939
   1975    55-59   0.006365     0.009363     0.007706
   1975    60-64   0.009701     0.016488     0.012775
   1975    65-69   0.017563     0.027983     0.022449
   1975    70-74   0.032951     0.047403     0.039704
   1975    75-79   0.062751     0.084478     0.072488
   1975    80-84   0.117514     0.142638     0.128024
   1975    85-89   0.185919     0.207529     0.194049
   1975    90-94   0.319897     0.309846     0.316567
   1975    95-99   0.405944     0.552725     0.439042
   1975   100-104  0.937500     0.923077     0.935065
   1975   105-109         .            .            .
   1975   110+            .            .            .
   1976     0      0.009062     0.010463     0.009786
   1976     1-4    0.000715     0.000713     0.000714
   1976     5-9    0.000156     0.000436     0.000299
   1976    10-14   0.000144     0.000304     0.000226
   1976    15-19   0.000301     0.000929     0.000603
   1976    20-24   0.000713     0.000969     0.000829
   1976    25-29   0.000565     0.000934     0.000746
   1976    30-34   0.000765     0.000970     0.000866
   1976    35-39   0.000930     0.001500     0.001212
   1976    40-44   0.001579     0.002658     0.002117
   1976    45-49   0.002727     0.004171     0.003456
   1976    50-54   0.003496     0.006039     0.004672
   1976    55-59   0.005645     0.009852     0.007499
   1976    60-64   0.009413     0.016040     0.012404
   1976    65-69   0.017117     0.026369     0.021396
   1976    70-74   0.031392     0.047190     0.038768
   1976    75-79   0.057592     0.083029     0.068928
   1976    80-84   0.107868     0.134974     0.119275
   1976    85-89   0.179671     0.208632     0.190662
   1976    90-94   0.290115     0.320500     0.300504
   1976    95-99   0.439186     0.642752     0.482331
   1976   100-104  0.792453     0.750000     0.786885
   1976   105-109         .            .            .
   1976   110+            .            .            .
   1977     0      0.007680     0.009819     0.008792
   1977     1-4    0.000589     0.000827     0.000711
   1977     5-9    0.000301     0.000443     0.000374
   1977    10-14   0.000214     0.000287     0.000251
   1977    15-19   0.000248     0.000763     0.000497
   1977    20-24   0.000435     0.001097     0.000736
   1977    25-29   0.000579     0.000914     0.000743
   1977    30-34   0.000660     0.000962     0.000810
   1977    35-39   0.001028     0.001517     0.001270
   1977    40-44   0.001622     0.002490     0.002053
   1977    45-49   0.002633     0.004205     0.003427
   1977    50-54   0.003624     0.005133     0.004343
   1977    55-59   0.005860     0.008659     0.007078
   1977    60-64   0.009507     0.014769     0.011876
   1977    65-69   0.016245     0.024636     0.020066
   1977    70-74   0.028477     0.045228     0.036264
   1977    75-79   0.054750     0.073350     0.063051
   1977    80-84   0.103007     0.126195     0.112728
   1977    85-89   0.171215     0.206840     0.184771
   1977    90-94   0.255085     0.310054     0.273778
   1977    95-99   0.459765     0.496537     0.468343
   1977   100-104  0.677328     0.000000     0.579244
   1977   105-109         .            .            .
   1977   110+            .            .            .
   1978     0      0.007083     0.009206     0.008181
   1978     1-4    0.000597     0.000977     0.000792
   1978     5-9    0.000233     0.000398     0.000317
   1978    10-14   0.000208     0.000186     0.000197
   1978    15-19   0.000160     0.000701     0.000421
   1978    20-24   0.000404     0.001039     0.000696
   1978    25-29   0.000577     0.000822     0.000696
   1978    30-34   0.000765     0.001005     0.000885
   1978    35-39   0.000961     0.001314     0.001136
   1978    40-44   0.001605     0.002638     0.002116
   1978    45-49   0.002311     0.003703     0.003012
   1978    50-54   0.003794     0.006052     0.004895
   1978    55-59   0.005294     0.009017     0.006908
   1978    60-64   0.009323     0.013676     0.011276
   1978    65-69   0.013974     0.025157     0.019002
   1978    70-74   0.026615     0.043434     0.034373
   1978    75-79   0.054505     0.073136     0.062830
   1978    80-84   0.097117     0.129610     0.110690
   1978    85-89   0.165495     0.203212     0.179829
   1978    90-94   0.268443     0.286532     0.274471
   1978    95-99   0.430102     0.634930     0.483881
   1978   100-104  1.022599     0.857143     0.988077
   1978   105-109         .            .            .
   1978   110+            .            .            .
   1979     0      0.007129     0.008336     0.007748
   1979     1-4    0.000860     0.001016     0.000940
   1979     5-9    0.000240     0.000344     0.000293
   1979    10-14   0.000190     0.000078     0.000132
   1979    15-19   0.000288     0.000738     0.000506
   1979    20-24   0.000489     0.001087     0.000765
   1979    25-29   0.000517     0.000642     0.000577
   1979    30-34   0.000757     0.001017     0.000887
   1979    35-39   0.000743     0.001610     0.001172
   1979    40-44   0.001287     0.002188     0.001732
   1979    45-49   0.002477     0.003930     0.003206
   1979    50-54   0.003536     0.005418     0.004468
   1979    55-59   0.005886     0.008049     0.006832
   1979    60-64   0.008046     0.013658     0.010551
   1979    65-69   0.013356     0.023653     0.017941
   1979    70-74   0.024841     0.040048     0.031796
   1979    75-79   0.049856     0.070987     0.059286
   1979    80-84   0.088039     0.119805     0.101308
   1979    85-89   0.155853     0.194785     0.170637
   1979    90-94   0.278795     0.279276     0.278957
   1979    95-99   0.377940     0.337730     0.365653
   1979   100-104  0.577966     0.750000     0.600900
   1979   105-109         .            .            .
   1979   110+            .            .            .
   1980     0      0.006240     0.008747     0.007528
   1980     1-4    0.000808     0.000746     0.000776
   1980     5-9    0.000143     0.000374     0.000261
   1980    10-14   0.000133     0.000243     0.000189
   1980    15-19   0.000238     0.000794     0.000509
   1980    20-24   0.000484     0.001145     0.000787
   1980    25-29   0.000568     0.000868     0.000713
   1980    30-34   0.000573     0.000866     0.000719
   1980    35-39   0.000931     0.001673     0.001298
   1980    40-44   0.001401     0.002469     0.001929
   1980    45-49   0.002148     0.004037     0.003091
   1980    50-54   0.003503     0.005360     0.004429
   1980    55-59   0.004942     0.008181     0.006387
   1980    60-64   0.008433     0.012443     0.010206
   1980    65-69   0.014291     0.023925     0.018557
   1980    70-74   0.026438     0.045287     0.034963
   1980    75-79   0.052339     0.075356     0.062566
   1980    80-84   0.094148     0.128347     0.108384
   1980    85-89   0.164638     0.207535     0.181047
   1980    90-94   0.289500     0.334711     0.304636
   1980    95-99   0.436029     0.382314     0.418954
   1980   100-104  0.588235     0.000000     0.500000
   1980   105-109         .            .            .
   1980   110+            .            .            .
   1981     0      0.007052     0.006794     0.006920
   1981     1-4    0.000420     0.000587     0.000506
   1981     5-9    0.000216     0.000297     0.000258
   1981    10-14   0.000127     0.000292     0.000211
   1981    15-19   0.000312     0.000613     0.000460
   1981    20-24   0.000487     0.000897     0.000674
   1981    25-29   0.000453     0.001008     0.000720
   1981    30-34   0.000655     0.000940     0.000797
   1981    35-39   0.000942     0.001378     0.001159
   1981    40-44   0.001277     0.001976     0.001623
   1981    45-49   0.002161     0.003239     0.002696
   1981    50-54   0.002916     0.005900     0.004411
   1981    55-59   0.005072     0.008386     0.006594
   1981    60-64   0.008150     0.013072     0.010294
   1981    65-69   0.013382     0.022131     0.017249
   1981    70-74   0.024131     0.041064     0.031676
   1981    75-79   0.049584     0.069728     0.058518
   1981    80-84   0.086776     0.122179     0.101441
   1981    85-89   0.171138     0.193425     0.179640
   1981    90-94   0.266895     0.302821     0.279101
   1981    95-99   0.382728     0.574004     0.438388
   1981   100-104  0.526316     0.461538     0.514286
   1981   105-109         .            .            .
   1981   110+            .            .            .
   1982     0      0.006539     0.007195     0.006874
   1982     1-4    0.000397     0.000520     0.000460
   1982     5-9    0.000258     0.000222     0.000240
   1982    10-14   0.000171     0.000246     0.000209
   1982    15-19   0.000341     0.000615     0.000476
   1982    20-24   0.000280     0.000925     0.000578
   1982    25-29   0.000500     0.001054     0.000766
   1982    30-34   0.000648     0.000795     0.000721
   1982    35-39   0.000905     0.001529     0.001217
   1982    40-44   0.001284     0.001879     0.001579
   1982    45-49   0.002197     0.003710     0.002946
   1982    50-54   0.003124     0.005113     0.004121
   1982    55-59   0.004552     0.008369     0.006358
   1982    60-64   0.007449     0.012397     0.009576
   1982    65-69   0.011664     0.021488     0.016003
   1982    70-74   0.021857     0.039545     0.029609
   1982    75-79   0.046052     0.066507     0.055088
   1982    80-84   0.084485     0.119781     0.099160
   1982    85-89   0.152037     0.187111     0.165204
   1982    90-94   0.242301     0.296530     0.260937
   1982    95-99   0.435967     0.244418     0.378905
   1982   100-104  0.857143     0.300000     0.733333
   1982   105-109         .            .            .
   1982   110+            .            .            .
   1983     0      0.006352     0.006227     0.006288
   1983     1-4    0.000431     0.000689     0.000563
   1983     5-9    0.000089     0.000206     0.000149
   1983    10-14   0.000179     0.000171     0.000175
   1983    15-19   0.000222     0.000779     0.000496
   1983    20-24   0.000324     0.001022     0.000650
   1983    25-29   0.000470     0.000736     0.000597
   1983    30-34   0.000604     0.000824     0.000713
   1983    35-39   0.000827     0.001179     0.001003
   1983    40-44   0.001347     0.001924     0.001633
   1983    45-49   0.001806     0.003502     0.002643
   1983    50-54   0.003037     0.006106     0.004574
   1983    55-59   0.004596     0.008479     0.006476
   1983    60-64   0.007016     0.011675     0.009011
   1983    65-69   0.012461     0.018694     0.015208
   1983    70-74   0.021211     0.037130     0.028109
   1983    75-79   0.046306     0.065909     0.054886
   1983    80-84   0.087270     0.119667     0.100761
   1983    85-89   0.147257     0.193090     0.164214
   1983    90-94   0.247872     0.282306     0.259660
   1983    95-99   0.362027     0.414875     0.378526
   1983   100-104  0.716418     0.692308     0.709677
   1983   105-109         .            .            .
   1983   110+            .            .            .
   1984     0      0.005187     0.005567     0.005382
   1984     1-4    0.000582     0.000498     0.000539
   1984     5-9    0.000240     0.000265     0.000253
   1984    10-14   0.000141     0.000269     0.000206
   1984    15-19   0.000203     0.000585     0.000391
   1984    20-24   0.000339     0.000863     0.000584
   1984    25-29   0.000525     0.000882     0.000696
   1984    30-34   0.000511     0.001005     0.000753
   1984    35-39   0.000852     0.001072     0.000963
   1984    40-44   0.001300     0.002115     0.001704
   1984    45-49   0.001909     0.003345     0.002618
   1984    50-54   0.002975     0.006409     0.004688
   1984    55-59   0.004356     0.008247     0.006266
   1984    60-64   0.006879     0.012407     0.009267
   1984    65-69   0.011340     0.021256     0.015688
   1984    70-74   0.021905     0.032706     0.026561
   1984    75-79   0.044243     0.065699     0.053549
   1984    80-84   0.079370     0.109297     0.091884
   1984    85-89   0.148354     0.173991     0.157836
   1984    90-94   0.275247     0.286278     0.279066
   1984    95-99   0.316484     0.315387     0.316138
   1984   100-104  0.328767     0.909091     0.509434
   1984   105-109         .            .            .
   1984   110+            .            .            .
   1985     0      0.005542     0.006685     0.006126
   1985     1-4    0.000449     0.000624     0.000538
   1985     5-9    0.000125     0.000316     0.000223
   1985    10-14   0.000151     0.000144     0.000148
   1985    15-19   0.000251     0.000669     0.000458
   1985    20-24   0.000288     0.001024     0.000628
   1985    25-29   0.000518     0.000855     0.000680
   1985    30-34   0.000683     0.000660     0.000672
   1985    35-39   0.000870     0.001240     0.001056
   1985    40-44   0.001095     0.001912     0.001501
   1985    45-49   0.002126     0.003023     0.002570
   1985    50-54   0.002650     0.006194     0.004409
   1985    55-59   0.004385     0.008604     0.006472
   1985    60-64   0.006712     0.011938     0.009017
   1985    65-69   0.011128     0.019151     0.014614
   1985    70-74   0.022544     0.036254     0.028438
   1985    75-79   0.039536     0.064897     0.050416
   1985    80-84   0.078681     0.111195     0.092180
   1985    85-89   0.146503     0.179888     0.158941
   1985    90-94   0.224504     0.282169     0.244426
   1985    95-99   0.409001     0.414094     0.410537
   1985   100-104  0.442105     1.241379     0.629032
   1985   105-109         .            .            .
   1985   110+            .            .            .
   1986     0      0.004571     0.004541     0.004556
   1986     1-4    0.000536     0.000514     0.000525
   1986     5-9    0.000274     0.000302     0.000289
   1986    10-14   0.000165     0.000157     0.000161
   1986    15-19   0.000177     0.000662     0.000419
   1986    20-24   0.000305     0.001013     0.000633
   1986    25-29   0.000311     0.000757     0.000526
   1986    30-34   0.000619     0.000804     0.000709
   1986    35-39   0.000849     0.001100     0.000974
   1986    40-44   0.001139     0.001700     0.001419
   1986    45-49   0.002261     0.003357     0.002805
   1986    50-54   0.002875     0.004972     0.003911
   1986    55-59   0.003759     0.008581     0.006154
   1986    60-64   0.006031     0.012339     0.008895
   1986    65-69   0.010097     0.018026     0.013492
   1986    70-74   0.019222     0.034379     0.025726
   1986    75-79   0.035289     0.061933     0.046545
   1986    80-84   0.076576     0.111756     0.091041
   1986    85-89   0.135697     0.162580     0.145823
   1986    90-94   0.210991     0.284193     0.235472
   1986    95-99   0.387512     0.408231     0.393953
   1986   100-104  0.196721     0.206897     0.198675
   1986   105-109  1.500000            .     1.500000
   1986   110+            .            .            .
   1987     0      0.003862     0.004466     0.004171
   1987     1-4    0.000336     0.000462     0.000400
   1987     5-9    0.000254     0.000171     0.000211
   1987    10-14   0.000157     0.000195     0.000176
   1987    15-19   0.000196     0.000661     0.000427
   1987    20-24   0.000303     0.000892     0.000579
   1987    25-29   0.000520     0.000807     0.000658
   1987    30-34   0.000406     0.000824     0.000610
   1987    35-39   0.000702     0.001188     0.000943
   1987    40-44   0.000979     0.001925     0.001453
   1987    45-49   0.001746     0.003021     0.002379
   1987    50-54   0.002858     0.005195     0.004008
   1987    55-59   0.003847     0.008246     0.006033
   1987    60-64   0.006361     0.011077     0.008566
   1987    65-69   0.010130     0.018823     0.013801
   1987    70-74   0.017523     0.032932     0.024127
   1987    75-79   0.035016     0.059470     0.045178
   1987    80-84   0.072329     0.100665     0.083940
   1987    85-89   0.132211     0.162512     0.143678
   1987    90-94   0.231150     0.245442     0.235814
   1987    95-99   0.367415     0.380731     0.371695
   1987   100-104  0.476821     0.391304     0.456853
   1987   105-109  0.000000            .     0.000000
   1987   110+            .            .            .
   1988     0      0.004117     0.005106     0.004623
   1988     1-4    0.000172     0.000329     0.000252
   1988     5-9    0.000077     0.000323     0.000203
   1988    10-14   0.000050     0.000131     0.000091
   1988    15-19   0.000253     0.000642     0.000445
   1988    20-24   0.000251     0.000934     0.000575
   1988    25-29   0.000243     0.000732     0.000479
   1988    30-34   0.000544     0.000972     0.000753
   1988    35-39   0.000814     0.001092     0.000951
   1988    40-44   0.001244     0.001507     0.001376
   1988    45-49   0.001636     0.002789     0.002208
   1988    50-54   0.002655     0.005246     0.003928
   1988    55-59   0.003870     0.008520     0.006178
   1988    60-64   0.005988     0.011562     0.008655
   1988    65-69   0.009625     0.019136     0.013623
   1988    70-74   0.017526     0.033654     0.024413
   1988    75-79   0.036890     0.061556     0.047026
   1988    80-84   0.072891     0.111471     0.088577
   1988    85-89   0.131616     0.179936     0.149857
   1988    90-94   0.242331     0.283259     0.255611
   1988    95-99   0.381959     0.396326     0.386632
   1988   100-104  0.518519     0.893617     0.602871
   1988   105-109  0.857143            .     0.857143
   1988   110+            .            .            .
   1989     0      0.004428     0.003948     0.004182
   1989     1-4    0.000354     0.000655     0.000508
   1989     5-9    0.000063     0.000180     0.000123
   1989    10-14   0.000144     0.000161     0.000153
   1989    15-19   0.000236     0.000807     0.000519
   1989    20-24   0.000348     0.000802     0.000563
   1989    25-29   0.000404     0.000817     0.000603
   1989    30-34   0.000474     0.000870     0.000667
   1989    35-39   0.000741     0.000926     0.000832
   1989    40-44   0.001087     0.001497     0.001294
   1989    45-49   0.001397     0.003061     0.002223
   1989    50-54   0.002712     0.004330     0.003508
   1989    55-59   0.004195     0.008259     0.006204
   1989    60-64   0.006489     0.011355     0.008850
   1989    65-69   0.010574     0.017348     0.013448
   1989    70-74   0.017809     0.031946     0.023808
   1989    75-79   0.033008     0.055331     0.042127
   1989    80-84   0.068416     0.098408     0.080464
   1989    85-89   0.124989     0.169789     0.141791
   1989    90-94   0.226143     0.250348     0.234148
   1989    95-99   0.323361     0.437020     0.359055
   1989   100-104  0.662791     0.480000     0.621622
   1989   105-109  4.000000            .     4.000000
   1989   110+            .            .            .
   1990     0      0.003624     0.004107     0.003872
   1990     1-4    0.000502     0.000566     0.000535
   1990     5-9    0.000192     0.000290     0.000242
   1990    10-14   0.000123     0.000181     0.000153
   1990    15-19   0.000210     0.000598     0.000403
   1990    20-24   0.000430     0.000934     0.000667
   1990    25-29   0.000381     0.000679     0.000525
   1990    30-34   0.000499     0.000695     0.000595
   1990    35-39   0.000792     0.001063     0.000925
   1990    40-44   0.000933     0.001634     0.001285
   1990    45-49   0.001444     0.002881     0.002158
   1990    50-54   0.002188     0.004516     0.003335
   1990    55-59   0.004405     0.007659     0.006006
   1990    60-64   0.006090     0.012164     0.009059
   1990    65-69   0.009300     0.018012     0.013076
   1990    70-74   0.018585     0.029494     0.023178
   1990    75-79   0.034872     0.055100     0.043122
   1990    80-84   0.069115     0.099460     0.081183
   1990    85-89   0.121776     0.167591     0.138710
   1990    90-94   0.209313     0.282884     0.233761
   1990    95-99   0.307944     0.350264     0.320873
   1990   100-104  0.404494     0.782609     0.482143
   1990   105-109  6.000000            .     6.000000
   1990   110+            .            .            .
   1991     0      0.003718     0.004182     0.003957
   1991     1-4    0.000563     0.000492     0.000527
   1991     5-9    0.000195     0.000202     0.000199
   1991    10-14   0.000099     0.000175     0.000138
   1991    15-19   0.000154     0.000564     0.000360
   1991    20-24   0.000287     0.000628     0.000448
   1991    25-29   0.000384     0.000764     0.000568
   1991    30-34   0.000455     0.000888     0.000667
   1991    35-39   0.000579     0.000871     0.000722
   1991    40-44   0.001115     0.001706     0.001411
   1991    45-49   0.001654     0.002692     0.002172
   1991    50-54   0.002452     0.004371     0.003399
   1991    55-59   0.003793     0.007685     0.005700
   1991    60-64   0.005965     0.012614     0.009227
   1991    65-69   0.008717     0.017823     0.012778
   1991    70-74   0.016982     0.030558     0.022618
   1991    75-79   0.031756     0.056438     0.041813
   1991    80-84   0.063442     0.098257     0.077055
   1991    85-89   0.125849     0.168000     0.141273
   1991    90-94   0.219737     0.254193     0.231073
   1991    95-99   0.304685     0.376683     0.326284
   1991   100-104  0.354545     0.222222     0.328467
   1991   105-109         .            .            .
   1991   110+            .            .            .
   1992     0      0.003680     0.004907     0.004312
   1992     1-4    0.000337     0.000320     0.000328
   1992     5-9    0.000066     0.000270     0.000171
   1992    10-14   0.000161     0.000070     0.000114
   1992    15-19   0.000245     0.000596     0.000421
   1992    20-24   0.000314     0.000749     0.000522
   1992    25-29   0.000270     0.000811     0.000533
   1992    30-34   0.000308     0.000577     0.000440
   1992    35-39   0.000635     0.000946     0.000787
   1992    40-44   0.001003     0.001597     0.001299
   1992    45-49   0.001651     0.002565     0.002109
   1992    50-54   0.002223     0.003794     0.003000
   1992    55-59   0.003885     0.007431     0.005617
   1992    60-64   0.005589     0.012381     0.008922
   1992    65-69   0.009362     0.019246     0.013896
   1992    70-74   0.015413     0.030380     0.021543
   1992    75-79   0.032216     0.053293     0.040793
   1992    80-84   0.065670     0.101127     0.079294
   1992    85-89   0.119122     0.158895     0.133648
   1992    90-94   0.202211     0.297557     0.232964
   1992    95-99   0.280291     0.419595     0.316957
   1992   100-104  0.261077     0.344828     0.281149
   1992   105-109  0.000000            .     0.000000
   1992   110+            .            .            .
   1993     0      0.003334     0.004766     0.004064
   1993     1-4    0.000392     0.000396     0.000394
   1993     5-9    0.000102     0.000146     0.000125
   1993    10-14   0.000136     0.000158     0.000147
   1993    15-19   0.000204     0.000816     0.000510
   1993    20-24   0.000269     0.000797     0.000524
   1993    25-29   0.000449     0.000657     0.000550
   1993    30-34   0.000404     0.000641     0.000521
   1993    35-39   0.000444     0.001161     0.000794
   1993    40-44   0.000854     0.001553     0.001200
   1993    45-49   0.001400     0.002730     0.002069
   1993    50-54   0.002249     0.004378     0.003302
   1993    55-59   0.003356     0.007542     0.005398
   1993    60-64   0.006179     0.012903     0.009473
   1993    65-69   0.009069     0.017537     0.013040
   1993    70-74   0.015178     0.028725     0.020695
   1993    75-79   0.030443     0.056753     0.041122
   1993    80-84   0.059764     0.090222     0.071341
   1993    85-89   0.114992     0.165156     0.133131
   1993    90-94   0.203373     0.259259     0.221052
   1993    95-99   0.329968     0.394186     0.345991
   1993   100-104  0.479290     0.638298     0.513889
   1993   105-109  0.000000     0.000000     0.000000
   1993   110+            .            .            .
   1994     0      0.002743     0.005438     0.004121
   1994     1-4    0.000571     0.000497     0.000533
   1994     5-9    0.000122     0.000183     0.000153
   1994    10-14   0.000139     0.000118     0.000128
   1994    15-19   0.000133     0.000489     0.000312
   1994    20-24   0.000354     0.000863     0.000600
   1994    25-29   0.000332     0.000673     0.000498
   1994    30-34   0.000418     0.000602     0.000508
   1994    35-39   0.000652     0.000996     0.000820
   1994    40-44   0.000984     0.001910     0.001441
   1994    45-49   0.001705     0.002755     0.002234
   1994    50-54   0.002156     0.004820     0.003473
   1994    55-59   0.003666     0.007104     0.005345
   1994    60-64   0.005457     0.012654     0.008969
   1994    65-69   0.008649     0.019225     0.013675
   1994    70-74   0.014786     0.028773     0.020531
   1994    75-79   0.029293     0.052885     0.038803
   1994    80-84   0.057091     0.098393     0.072695
   1994    85-89   0.112016     0.152834     0.126576
   1994    90-94   0.206867     0.248082     0.219984
   1994    95-99   0.316716     0.375374     0.331908
   1994   100-104  0.369748     0.400000     0.376623
   1994   105-109  0.000000     0.000000     0.000000
   1994   110+            .            .            .
   1995     0      0.003534     0.003752     0.003646
   1995     1-4    0.000350     0.000574     0.000464
   1995     5-9    0.000126     0.000137     0.000131
   1995    10-14   0.000078     0.000150     0.000115
   1995    15-19   0.000193     0.000461     0.000328
   1995    20-24   0.000379     0.000608     0.000490
   1995    25-29   0.000344     0.000892     0.000612
   1995    30-34   0.000458     0.000722     0.000588
   1995    35-39   0.000599     0.000924     0.000758
   1995    40-44   0.001145     0.001483     0.001311
   1995    45-49   0.001765     0.002431     0.002100
   1995    50-54   0.002326     0.004214     0.003260
   1995    55-59   0.004048     0.007129     0.005556
   1995    60-64   0.005743     0.012424     0.008988
   1995    65-69   0.008433     0.017872     0.012949
   1995    70-74   0.015478     0.030422     0.021741
   1995    75-79   0.028548     0.053700     0.038579
   1995    80-84   0.054538     0.095302     0.069821
   1995    85-89   0.113367     0.162985     0.130816
   1995    90-94   0.202969     0.278775     0.226722
   1995    95-99   0.353152     0.425721     0.372122
   1995   100-104  0.397059     0.341463     0.384181
   1995   105-109  1.285714     0.600000     1.000000
   1995   110+            .            .            .
   1996     0      0.003055     0.004393     0.003738
   1996     1-4    0.000299     0.000335     0.000318
   1996     5-9    0.000147     0.000140     0.000144
   1996    10-14   0.000080     0.000138     0.000110
   1996    15-19   0.000130     0.000521     0.000328
   1996    20-24   0.000345     0.000656     0.000496
   1996    25-29   0.000357     0.000757     0.000553
   1996    30-34   0.000462     0.000643     0.000551
   1996    35-39   0.000589     0.000963     0.000773
   1996    40-44   0.000995     0.001404     0.001196
   1996    45-49   0.001551     0.002758     0.002155
   1996    50-54   0.002341     0.004291     0.003309
   1996    55-59   0.003296     0.006479     0.004857
   1996    60-64   0.005158     0.011537     0.008246
   1996    65-69   0.008366     0.019373     0.013653
   1996    70-74   0.013359     0.028822     0.020024
   1996    75-79   0.026208     0.050781     0.035851
   1996    80-84   0.051862     0.087361     0.065145
   1996    85-89   0.100355     0.152686     0.118323
   1996    90-94   0.182310     0.244016     0.201416
   1996    95-99   0.272765     0.376211     0.299637
   1996   100-104  0.307036     0.380952     0.322689
   1996   105-109  3.600000     0.000000     1.285714
   1996   110+            .            .            .
   1997     0      0.003753     0.003864     0.003810
   1997     1-4    0.000225     0.000529     0.000380
   1997     5-9    0.000094     0.000162     0.000129
   1997    10-14   0.000098     0.000250     0.000176
   1997    15-19   0.000091     0.000608     0.000352
   1997    20-24   0.000250     0.000856     0.000546
   1997    25-29   0.000317     0.000713     0.000512
   1997    30-34   0.000413     0.000540     0.000476
   1997    35-39   0.000655     0.001027     0.000838
   1997    40-44   0.000938     0.001768     0.001344
   1997    45-49   0.001573     0.002525     0.002047
   1997    50-54   0.002262     0.004178     0.003219
   1997    55-59   0.003248     0.006737     0.004962
   1997    60-64   0.005203     0.011549     0.008268
   1997    65-69   0.007690     0.019096     0.013169
   1997    70-74   0.013706     0.028839     0.020419
   1997    75-79   0.024458     0.050008     0.034331
   1997    80-84   0.050470     0.086835     0.064035
   1997    85-89   0.099346     0.146145     0.115017
   1997    90-94   0.182119     0.249463     0.202755
   1997    95-99   0.236175     0.320888     0.257754
   1997   100-104  0.320000     0.390244     0.333333
   1997   105-109  0.375000     2.000000     0.818182
   1997   110+            .            .            .
   1998     0      0.003263     0.004567     0.003931
   1998     1-4    0.000325     0.000383     0.000355
   1998     5-9    0.000096     0.000275     0.000188
   1998    10-14   0.000134     0.000128     0.000131
   1998    15-19   0.000126     0.000605     0.000368
   1998    20-24   0.000357     0.000978     0.000662
   1998    25-29   0.000352     0.000668     0.000508
   1998    30-34   0.000357     0.000659     0.000506
   1998    35-39   0.000717     0.000972     0.000843
   1998    40-44   0.000865     0.001630     0.001239
   1998    45-49   0.001764     0.002479     0.002118
   1998    50-54   0.002364     0.004207     0.003287
   1998    55-59   0.003473     0.006251     0.004838
   1998    60-64   0.005539     0.010780     0.008068
   1998    65-69   0.008295     0.018445     0.013163
   1998    70-74   0.013132     0.028014     0.019888
   1998    75-79   0.024385     0.046887     0.033037
   1998    80-84   0.048400     0.087836     0.063006
   1998    85-89   0.090807     0.140492     0.107263
   1998    90-94   0.173594     0.240851     0.193697
   1998    95-99   0.259477     0.379469     0.289499
   1998   100-104  0.301459     0.576000     0.347709
   1998   105-109  0.727273            .     0.727273
   1998   110+            .            .            .
   1999     0      0.002834     0.003968     0.003414
   1999     1-4    0.000225     0.000287     0.000257
   1999     5-9    0.000117     0.000187     0.000153
   1999    10-14   0.000121     0.000148     0.000134
   1999    15-19   0.000291     0.000269     0.000280
   1999    20-24   0.000392     0.000802     0.000595
   1999    25-29   0.000347     0.000614     0.000479
   1999    30-34   0.000428     0.000861     0.000642
   1999    35-39   0.000844     0.001254     0.001046
   1999    40-44   0.000849     0.001669     0.001250
   1999    45-49   0.001817     0.002352     0.002080
   1999    50-54   0.002303     0.004266     0.003287
   1999    55-59   0.003240     0.007263     0.005217
   1999    60-64   0.005091     0.011532     0.008203
   1999    65-69   0.008312     0.017437     0.012674
   1999    70-74   0.014139     0.029016     0.020990
   1999    75-79   0.025291     0.049465     0.034677
   1999    80-84   0.050975     0.085476     0.063688
   1999    85-89   0.092255     0.148548     0.110681
   1999    90-94   0.170459     0.241098     0.191034
   1999    95-99   0.296680     0.305533     0.298917
   1999   100-104  0.373984     0.300000     0.362187
   1999   105-109  0.666667     0.000000     0.615385
   1999   110+            .            .            .
   2000     0      0.002570     0.002725     0.002650
   2000     1-4    0.000352     0.000361     0.000357
   2000     5-9    0.000235     0.000225     0.000230
   2000    10-14   0.000142     0.000203     0.000174
   2000    15-19   0.000147     0.000445     0.000298
   2000    20-24   0.000339     0.000728     0.000531
   2000    25-29   0.000334     0.000753     0.000543
   2000    30-34   0.000516     0.000803     0.000658
   2000    35-39   0.000627     0.000908     0.000765
   2000    40-44   0.000974     0.001776     0.001367
   2000    45-49   0.001635     0.002654     0.002136
   2000    50-54   0.002035     0.004166     0.003101
   2000    55-59   0.003339     0.006590     0.004938
   2000    60-64   0.005112     0.011203     0.008062
   2000    65-69   0.008201     0.017437     0.012600
   2000    70-74   0.013018     0.028212     0.020065
   2000    75-79   0.024452     0.045949     0.032990
   2000    80-84   0.046039     0.082408     0.059313
   2000    85-89   0.085551     0.138414     0.102736
   2000    90-94   0.141413     0.226556     0.165514
   2000    95-99   0.266335     0.271154     0.267579
   2000   100-104  0.396573     0.421485     0.401174
   2000   105-109  0.600000     0.000000     0.483871
   2000   110+            .            .            .
   2001     0      0.002904     0.003142     0.003026
   2001     1-4    0.000303     0.000242     0.000272
   2001     5-9    0.000000     0.000188     0.000096
   2001    10-14   0.000110     0.000192     0.000152
   2001    15-19   0.000233     0.000500     0.000369
   2001    20-24   0.000260     0.000816     0.000535
   2001    25-29   0.000135     0.000569     0.000353
   2001    30-34   0.000335     0.000971     0.000651
   2001    35-39   0.000572     0.001145     0.000855
   2001    40-44   0.000907     0.001675     0.001283
   2001    45-49   0.001441     0.002300     0.001863
   2001    50-54   0.002453     0.004057     0.003252
   2001    55-59   0.003209     0.006296     0.004732
   2001    60-64   0.004245     0.009471     0.006783
   2001    65-69   0.007286     0.016258     0.011546
   2001    70-74   0.011604     0.029029     0.019717
   2001    75-79   0.023045     0.044515     0.031839
   2001    80-84   0.042987     0.071947     0.053364
   2001    85-89   0.083967     0.137538     0.101393
   2001    90-94   0.150241     0.232662     0.172719
   2001    95-99   0.237988     0.336759     0.262477
   2001   100-104  0.412844     0.491769     0.429433
   2001   105-109  0.714286     1.000000     0.777778
   2001   110+            .            .            .
   2002     0      0.003119     0.003202     0.003161
   2002     1-4    0.000279     0.000193     0.000235
   2002     5-9    0.000099     0.000170     0.000135
   2002    10-14   0.000038     0.000143     0.000091
   2002    15-19   0.000206     0.000532     0.000371
   2002    20-24   0.000236     0.000615     0.000424
   2002    25-29   0.000267     0.000530     0.000399
   2002    30-34   0.000338     0.000679     0.000508
   2002    35-39   0.000618     0.001138     0.000875
   2002    40-44   0.000846     0.001592     0.001213
   2002    45-49   0.001402     0.002371     0.001876
   2002    50-54   0.002142     0.004303     0.003212
   2002    55-59   0.003188     0.006372     0.004767
   2002    60-64   0.004343     0.010228     0.007207
   2002    65-69   0.006847     0.015652     0.011022
   2002    70-74   0.011865     0.027281     0.019043
   2002    75-79   0.020560     0.043305     0.030146
   2002    80-84   0.042607     0.079090     0.055512
   2002    85-89   0.081571     0.133813     0.098492
   2002    90-94   0.149259     0.219812     0.167985
   2002    95-99   0.250628     0.330021     0.269086
   2002   100-104  0.400786     0.367464     0.393317
   2002   105-109  0.473684     0.857143     0.533333
   2002   110+     6.000000            .     6.000000
   2003     0      0.002335     0.002945     0.002647
   2003     1-4    0.000331     0.000146     0.000236
   2003     5-9    0.000119     0.000095     0.000106
   2003    10-14   0.000057     0.000127     0.000093
   2003    15-19   0.000213     0.000223     0.000218
   2003    20-24   0.000226     0.000803     0.000514
   2003    25-29   0.000410     0.000685     0.000548
   2003    30-34   0.000415     0.000898     0.000657
   2003    35-39   0.000637     0.000951     0.000793
   2003    40-44   0.000718     0.001467     0.001087
   2003    45-49   0.001421     0.002557     0.001976
   2003    50-54   0.002132     0.004284     0.003193
   2003    55-59   0.002665     0.006078     0.004363
   2003    60-64   0.004134     0.009157     0.006580
   2003    65-69   0.007321     0.015160     0.011039
   2003    70-74   0.012550     0.026856     0.019208
   2003    75-79   0.019678     0.042157     0.029367
   2003    80-84   0.040209     0.072687     0.051667
   2003    85-89   0.081695     0.128501     0.096713
   2003    90-94   0.152759     0.211943     0.168370
   2003    95-99   0.237686     0.351071     0.263009
   2003   100-104  0.374684     0.485258     0.399002
   2003   105-109  0.089552     3.000000     0.173913
   2003   110+            .            .            .
   2004     0      0.003066     0.001993     0.002518
   2004     1-4    0.000284     0.000368     0.000327
   2004     5-9    0.000020     0.000133     0.000077
   2004    10-14   0.000078     0.000148     0.000114
   2004    15-19   0.000308     0.000368     0.000339
   2004    20-24   0.000286     0.000628     0.000457
   2004    25-29   0.000186     0.000609     0.000399
   2004    30-34   0.000411     0.000745     0.000579
   2004    35-39   0.000458     0.000870     0.000663
   2004    40-44   0.000717     0.001186     0.000948
   2004    45-49   0.001197     0.002817     0.001990
   2004    50-54   0.001987     0.004268     0.003106
   2004    55-59   0.003411     0.006658     0.005027
   2004    60-64   0.004045     0.009274     0.006592
   2004    65-69   0.006717     0.015414     0.010853
   2004    70-74   0.012195     0.026646     0.018904
   2004    75-79   0.021352     0.043711     0.031127
   2004    80-84   0.038237     0.077123     0.052083
   2004    85-89   0.077934     0.124934     0.093009
   2004    90-94   0.142480     0.202769     0.158395
   2004    95-99   0.252181     0.309425     0.264525
   2004   100-104  0.390488     0.381041     0.388460
   2004   105-109  0.300000     0.000000     0.291262
   2004   110+            .            .            .
   2005     0      0.002508     0.003530     0.003028
   2005     1-4    0.000263     0.000326     0.000295
   2005     5-9    0.000099     0.000152     0.000126
   2005    10-14   0.000020     0.000168     0.000096
   2005    15-19   0.000149     0.000410     0.000282
   2005    20-24   0.000203     0.000763     0.000482
   2005    25-29   0.000553     0.000735     0.000645
   2005    30-34   0.000370     0.000779     0.000577
   2005    35-39   0.000562     0.000997     0.000779
   2005    40-44   0.000611     0.001571     0.001085
   2005    45-49   0.001265     0.002249     0.001747
   2005    50-54   0.002191     0.003508     0.002835
   2005    55-59   0.003231     0.006200     0.004706
   2005    60-64   0.004186     0.009934     0.006988
   2005    65-69   0.006486     0.015234     0.010659
   2005    70-74   0.011667     0.026347     0.018462
   2005    75-79   0.020206     0.042651     0.030092
   2005    80-84   0.039354     0.073379     0.051749
   2005    85-89   0.080156     0.138078     0.098549
   2005    90-94   0.149340     0.217585     0.167464
   2005    95-99   0.252057     0.341656     0.270845
   2005   100-104  0.363985     0.427782     0.376929
   2005   105-109  0.260870     2.000000     0.387097
   2005   110+     0.000000            .     0.000000
   2006     0      0.003573     0.003237     0.003403
   2006     1-4    0.000297     0.000285     0.000291
   2006     5-9    0.000160     0.000152     0.000156
   2006    10-14   0.000118     0.000263     0.000192
   2006    15-19   0.000191     0.000694     0.000448
   2006    20-24   0.000208     0.000512     0.000360
   2006    25-29   0.000358     0.000702     0.000532
   2006    30-34   0.000404     0.000815     0.000612
   2006    35-39   0.000583     0.001124     0.000854
   2006    40-44   0.000826     0.001535     0.001176
   2006    45-49   0.001311     0.002503     0.001896
   2006    50-54   0.002283     0.003927     0.003087
   2006    55-59   0.002642     0.006010     0.004308
   2006    60-64   0.004106     0.009706     0.006844
   2006    65-69   0.006548     0.013529     0.009888
   2006    70-74   0.010677     0.024516     0.017067
   2006    75-79   0.018385     0.043817     0.029631
   2006    80-84   0.037317     0.073180     0.050798
   2006    85-89   0.076651     0.128558     0.092773
   2006    90-94   0.150555     0.210707     0.166587
   2006    95-99   0.244166     0.364811     0.268211
   2006   100-104  0.435677     0.395294     0.427783
   2006   105-109  0.730435     0.352941     0.681818
   2006   110+     3.000000            .     3.000000
   2007     0      0.001604     0.003192     0.002414
   2007     1-4    0.000166     0.000266     0.000217
   2007     5-9    0.000020     0.000115     0.000069
   2007    10-14   0.000098     0.000056     0.000077
   2007    15-19   0.000158     0.000456     0.000310
   2007    20-24   0.000230     0.000669     0.000450
   2007    25-29   0.000462     0.000678     0.000571
   2007    30-34   0.000402     0.000614     0.000510
   2007    35-39   0.000651     0.001039     0.000846
   2007    40-44   0.000715     0.001589     0.001148
   2007    45-49   0.001090     0.002399     0.001733
   2007    50-54   0.001965     0.003030     0.002485
   2007    55-59   0.002888     0.005932     0.004387
   2007    60-64   0.004511     0.009287     0.006858
   2007    65-69   0.005753     0.013460     0.009450
   2007    70-74   0.011028     0.023559     0.016810
   2007    75-79   0.019613     0.040992     0.029072
   2007    80-84   0.037667     0.072127     0.051008
   2007    85-89   0.076462     0.132266     0.093518
   2007    90-94   0.142498     0.220966     0.163212
   2007    95-99   0.232507     0.310676     0.247538
   2007   100-104  0.385685     0.403686     0.389065
   2007   105-109  0.628571     0.857143     0.676692
   2007   110+     0.000000            .     0.000000
   2008     0      0.002822     0.003763     0.003307
   2008     1-4    0.000141     0.000299     0.000221
   2008     5-9    0.000061     0.000135     0.000099
   2008    10-14   0.000059     0.000169     0.000116
   2008    15-19   0.000162     0.000334     0.000249
   2008    20-24   0.000236     0.000522     0.000380
   2008    25-29   0.000294     0.000703     0.000501
   2008    30-34   0.000450     0.000768     0.000612
   2008    35-39   0.000501     0.001109     0.000808
   2008    40-44   0.000826     0.001173     0.000998
   2008    45-49   0.001136     0.002602     0.001857
   2008    50-54   0.001696     0.003733     0.002689
   2008    55-59   0.002887     0.005478     0.004157
   2008    60-64   0.004223     0.008317     0.006244
   2008    65-69   0.005600     0.013198     0.009248
   2008    70-74   0.010754     0.023606     0.016691
   2008    75-79   0.019203     0.041542     0.029081
   2008    80-84   0.035858     0.072935     0.050559
   2008    85-89   0.076875     0.135233     0.094581
   2008    90-94   0.143629     0.204294     0.159450
   2008    95-99   0.251568     0.324729     0.265772
   2008   100-104  0.412021     0.503476     0.427065
   2008   105-109  0.736842     0.580645     0.703448
   2008   110+     1.200000            .     1.200000
   2009     0      0.002137     0.002261     0.002201
   2009     1-4    0.000115     0.000193     0.000154
   2009     5-9    0.000083     0.000059     0.000071
   2009    10-14   0.000079     0.000075     0.000077
   2009    15-19   0.000164     0.000279     0.000222
   2009    20-24   0.000202     0.000440     0.000322
   2009    25-29   0.000361     0.000683     0.000524
   2009    30-34   0.000347     0.000726     0.000541
   2009    35-39   0.000742     0.000956     0.000850
   2009    40-44   0.000827     0.001659     0.001241
   2009    45-49   0.001170     0.002402     0.001777
   2009    50-54   0.001693     0.003601     0.002623
   2009    55-59   0.002645     0.005465     0.004022
   2009    60-64   0.003892     0.008523     0.006181
   2009    65-69   0.006285     0.013166     0.009592
   2009    70-74   0.010391     0.021546     0.015562
   2009    75-79   0.018997     0.040372     0.028425
   2009    80-84   0.036181     0.071290     0.050314
   2009    85-89   0.070551     0.123363     0.086745
   2009    90-94   0.131866     0.204700     0.150735
   2009    95-99   0.229624     0.323625     0.247889
   2009   100-104  0.391862     0.561700     0.415847
   2009   105-109  0.578947     1.235294     0.729730
   2009   110+     1.200000            .     1.200000
   2010     0      0.001591     0.003270     0.002451
   2010     1-4    0.000320     0.000278     0.000299
   2010     5-9    0.000127     0.000101     0.000113
   2010    10-14   0.000139     0.000170     0.000155
   2010    15-19   0.000184     0.000532     0.000361
   2010    20-24   0.000274     0.000778     0.000527
   2010    25-29   0.000408     0.000679     0.000546
   2010    30-34   0.000300     0.000747     0.000529
   2010    35-39   0.000522     0.000974     0.000751
   2010    40-44   0.001035     0.001252     0.001144
   2010    45-49   0.001153     0.002250     0.001693
   2010    50-54   0.001610     0.003455     0.002510
   2010    55-59   0.002566     0.005205     0.003850
   2010    60-64   0.003411     0.008571     0.005957
   2010    65-69   0.006301     0.012868     0.009463
   2010    70-74   0.010173     0.022129     0.015743
   2010    75-79   0.017662     0.038470     0.026831
   2010    80-84   0.036246     0.070560     0.050149
   2010    85-89   0.072718     0.124262     0.089042
   2010    90-94   0.140911     0.220417     0.161007
   2010    95-99   0.253603     0.321038     0.266825
   2010   100-104  0.409624     0.508724     0.422413
   2010   105-109  0.523810     0.214286     0.467532
   2010   110+     0.000000            .     0.000000
   2011     0      0.002604     0.003268     0.002946
   2011     1-4    0.000148     0.000226     0.000188
   2011     5-9    0.000151     0.000124     0.000137
   2011    10-14   0.000041     0.000171     0.000108
   2011    15-19   0.000204     0.000334     0.000270
   2011    20-24   0.000285     0.000741     0.000513
   2011    25-29   0.000219     0.000790     0.000510
   2011    30-34   0.000279     0.000884     0.000589
   2011    35-39   0.000432     0.001092     0.000768
   2011    40-44   0.001054     0.001358     0.001207
   2011    45-49   0.001074     0.002316     0.001688
   2011    50-54   0.001629     0.003330     0.002461
   2011    55-59   0.002276     0.004974     0.003588
   2011    60-64   0.003934     0.008358     0.006107
   2011    65-69   0.005811     0.013471     0.009512
   2011    70-74   0.009785     0.021335     0.015190
   2011    75-79   0.018080     0.038443     0.027057
   2011    80-84   0.037105     0.073982     0.052113
   2011    85-89   0.074182     0.122821     0.090168
   2011    90-94   0.142322     0.214577     0.159977
   2011    95-99   0.262680     0.351658     0.280501
   2011   100-104  0.403811     0.573539     0.425380
   2011   105-109  0.527027     1.826087     0.701754
   2011   110+     3.000000            .     3.000000
   2012     0      0.001478     0.001771     0.001628
   2012     1-4    0.000330     0.000285     0.000307
   2012     5-9    0.000088     0.000106     0.000097
   2012    10-14   0.000020     0.000133     0.000078
   2012    15-19   0.000206     0.000298     0.000253
   2012    20-24   0.000177     0.000462     0.000320
   2012    25-29   0.000346     0.000630     0.000490
   2012    30-34   0.000363     0.000677     0.000523
   2012    35-39   0.000517     0.000915     0.000720
   2012    40-44   0.000893     0.001204     0.001050
   2012    45-49   0.001168     0.001831     0.001497
   2012    50-54   0.001713     0.003172     0.002428
   2012    55-59   0.002813     0.004852     0.003804
   2012    60-64   0.003958     0.007985     0.005927
   2012    65-69   0.005527     0.012501     0.008914
   2012    70-74   0.009882     0.021038     0.015121
   2012    75-79   0.017339     0.038452     0.026668
   2012    80-84   0.037198     0.073503     0.052029
   2012    85-89   0.072680     0.126242     0.090804
   2012    90-94   0.147955     0.218382     0.164955
   2012    95-99   0.266793     0.340444     0.281363
   2012   100-104  0.399510     0.527769     0.415082
   2012   105-109  0.576923     0.352941     0.554913
   2012   110+            .            .            .
   2013     0      0.002280     0.002659     0.002474
   2013     1-4    0.000182     0.000173     0.000177
   2013     5-9    0.000067     0.000129     0.000099
   2013    10-14   0.000061     0.000077     0.000069
   2013    15-19   0.000186     0.000402     0.000296
   2013    20-24   0.000539     0.000685     0.000613
   2013    25-29   0.000146     0.000445     0.000298
   2013    30-34   0.000395     0.000738     0.000570
   2013    35-39   0.000495     0.000879     0.000692
   2013    40-44   0.000850     0.001136     0.000995
   2013    45-49   0.001241     0.002159     0.001697
   2013    50-54   0.001698     0.003293     0.002481
   2013    55-59   0.002652     0.004467     0.003534
   2013    60-64   0.003785     0.007926     0.005803
   2013    65-69   0.005772     0.012571     0.009087
   2013    70-74   0.009077     0.020707     0.014549
   2013    75-79   0.017279     0.036462     0.025785
   2013    80-84   0.034669     0.071318     0.049658
   2013    85-89   0.070467     0.123535     0.088836
   2013    90-94   0.140581     0.209639     0.157205
   2013    95-99   0.259223     0.317540     0.270644
   2013   100-104  0.424889     0.488962     0.433023
   2013   105-109  0.529412     0.666667     0.540541
   2013   110+     0.000000            .     0.000000
   2014     0      0.002794     0.002021     0.002397
   2014     1-4    0.000185     0.000293     0.000240
   2014     5-9    0.000091     0.000153     0.000123
   2014    10-14   0.000062     0.000098     0.000080
   2014    15-19   0.000124     0.000380     0.000254
   2014    20-24   0.000320     0.000518     0.000420
   2014    25-29   0.000323     0.000705     0.000518
   2014    30-34   0.000464     0.000776     0.000624
   2014    35-39   0.000632     0.000966     0.000803
   2014    40-44   0.000853     0.001424     0.001143
   2014    45-49   0.001282     0.001936     0.001607
   2014    50-54   0.001701     0.002960     0.002319
   2014    55-59   0.002361     0.004888     0.003589
   2014    60-64   0.003325     0.007375     0.005294
   2014    65-69   0.005556     0.012396     0.008897
   2014    70-74   0.009211     0.020518     0.014536
   2014    75-79   0.017415     0.035600     0.025523
   2014    80-84   0.034016     0.066665     0.047361
   2014    85-89   0.068246     0.123730     0.087719
   2014    90-94   0.136450     0.205781     0.153510
   2014    95-99   0.243270     0.338247     0.261560
   2014   100-104  0.416188     0.383537     0.411523
   2014   105-109  0.723214     0.428571     0.705882
   2014   110+     1.200000            .     1.200000
   2015     0      0.002203     0.001849     0.002023
   2015     1-4    0.000316     0.000210     0.000262
   2015     5-9    0.000000     0.000088     0.000045
   2015    10-14   0.000063     0.000040     0.000051
   2015    15-19   0.000082     0.000158     0.000121
   2015    20-24   0.000231     0.000664     0.000448
   2015    25-29   0.000312     0.000707     0.000514
   2015    30-34   0.000258     0.000759     0.000514
   2015    35-39   0.000448     0.000935     0.000697
   2015    40-44   0.000687     0.001413     0.001056
   2015    45-49   0.001043     0.001618     0.001330
   2015    50-54   0.001773     0.002774     0.002266
   2015    55-59   0.002690     0.005007     0.003817
   2015    60-64   0.003304     0.007538     0.005359
   2015    65-69   0.005400     0.012519     0.008874
   2015    70-74   0.008925     0.020400     0.014336
   2015    75-79   0.016641     0.034093     0.024472
   2015    80-84   0.033147     0.064016     0.045815
   2015    85-89   0.069673     0.120729     0.087694
   2015    90-94   0.134033     0.214759     0.154581
   2015    95-99   0.250067     0.323348     0.263786
   2015   100-104  0.374616     0.523306     0.397532
   2015   105-109  0.556962     0.705882     0.566929
   2015   110+     0.000000            .     0.000000
   2016     0      0.003481     0.001334     0.002385
   2016     1-4    0.000098     0.000093     0.000095
   2016     5-9    0.000094     0.000022     0.000057
   2016    10-14   0.000043     0.000062     0.000053
   2016    15-19   0.000103     0.000315     0.000212
   2016    20-24   0.000233     0.000486     0.000360
   2016    25-29   0.000278     0.000551     0.000417
   2016    30-34   0.000244     0.000524     0.000388
   2016    35-39   0.000400     0.000797     0.000604
   2016    40-44   0.000572     0.001131     0.000856
   2016    45-49   0.000973     0.001541     0.001258
   2016    50-54   0.001572     0.002679     0.002119
   2016    55-59   0.002505     0.004917     0.003679
   2016    60-64   0.003394     0.007933     0.005595
   2016    65-69   0.004981     0.012012     0.008398
   2016    70-74   0.008898     0.021156     0.014691
   2016    75-79   0.016433     0.033019     0.023921
   2016    80-84   0.034637     0.063379     0.046486
   2016    85-89   0.068223     0.118786     0.086226
   2016    90-94   0.136041     0.207378     0.154831
   2016    95-99   0.249573     0.337848     0.265549
   2016   100-104  0.400287     0.538746     0.421036
   2016   105-109  0.657534     1.000000     0.689441
   2016   110+     0.000000            .     0.000000
   2017     0      0.001986     0.002055     0.002021
   2017     1-4    0.000067     0.000255     0.000163
   2017     5-9    0.000048     0.000023     0.000035
   2017    10-14   0.000022     0.000105     0.000065
   2017    15-19   0.000084     0.000260     0.000174
   2017    20-24   0.000211     0.000415     0.000314
   2017    25-29   0.000333     0.000569     0.000453
   2017    30-34   0.000251     0.000675     0.000468
   2017    35-39   0.000583     0.000845     0.000717
   2017    40-44   0.000590     0.000968     0.000783
   2017    45-49   0.001042     0.001689     0.001368
   2017    50-54   0.001601     0.002962     0.002274
   2017    55-59   0.002660     0.005042     0.003822
   2017    60-64   0.003359     0.007095     0.005167
   2017    65-69   0.005483     0.012187     0.008726
   2017    70-74   0.008538     0.019722     0.013847
   2017    75-79   0.015108     0.034089     0.023710
   2017    80-84   0.033268     0.062040     0.045163
   2017    85-89   0.067345     0.121273     0.086686
   2017    90-94   0.136718     0.201797     0.154489
   2017    95-99   0.257588     0.354373     0.274558
   2017   100-104  0.434377     0.520445     0.446331
   2017   105-109  0.525000     0.400000     0.514286
   2017   110+     0.600000            .     0.600000
   2018     0      0.002069     0.001699     0.001880
   2018     1-4    0.000137     0.000098     0.000117
   2018     5-9    0.000073     0.000023     0.000047
   2018    10-14   0.000067     0.000086     0.000077
   2018    15-19   0.000149     0.000347     0.000250
   2018    20-24   0.000330     0.000390     0.000361
   2018    25-29   0.000270     0.000517     0.000397
   2018    30-34   0.000345     0.000836     0.000597
   2018    35-39   0.000396     0.000716     0.000560
   2018    40-44   0.000496     0.000847     0.000676
   2018    45-49   0.001066     0.001703     0.001388
   2018    50-54   0.001836     0.002942     0.002384
   2018    55-59   0.002297     0.004928     0.003584
   2018    60-64   0.003014     0.007502     0.005183
   2018    65-69   0.005506     0.011320     0.008309
   2018    70-74   0.008540     0.020432     0.014213
   2018    75-79   0.015625     0.032009     0.023058
   2018    80-84   0.032314     0.058876     0.043365
   2018    85-89   0.066444     0.117312     0.084756
   2018    90-94   0.130436     0.211003     0.153012
   2018    95-99   0.245226     0.353225     0.263675
   2018   100-104  0.402297     0.537610     0.420624
   2018   105-109  0.569948     0.545455     0.567823
   2018   110+     1.200000            .     1.200000
   2019     0      0.002176     0.002091     0.002133
   2019     1-4    0.000176     0.000101     0.000137
   2019     5-9    0.000025     0.000094     0.000060
   2019    10-14   0.000023     0.000044     0.000033
   2019    15-19   0.000108     0.000269     0.000190
   2019    20-24   0.000142     0.000483     0.000316
   2019    25-29   0.000254     0.000606     0.000434
   2019    30-34   0.000201     0.000485     0.000347
   2019    35-39   0.000602     0.000608     0.000605
   2019    40-44   0.000651     0.001187     0.000926
   2019    45-49   0.001218     0.001873     0.001550
   2019    50-54   0.001432     0.002885     0.002155
   2019    55-59   0.002461     0.004723     0.003567
   2019    60-64   0.003382     0.006944     0.005105
   2019    65-69   0.004997     0.011753     0.008244
   2019    70-74   0.008893     0.018795     0.013628
   2019    75-79   0.014920     0.031762     0.022559
   2019    80-84   0.031571     0.059693     0.043359
   2019    85-89   0.066759     0.115211     0.084269
   2019    90-94   0.131941     0.204209     0.152430
   2019    95-99   0.245071     0.337468     0.261413
   2019   100-104  0.385689     0.400645     0.387612
   2019   105-109  0.730452     1.116279     0.771475
   2019   110+     4.000000            .     4.000000
   2020     0      0.001332     0.002248     0.001798
   2020     1-4    0.000110     0.000105     0.000107
   2020     5-9    0.000101     0.000024     0.000061
   2020    10-14   0.000115     0.000110     0.000113
   2020    15-19   0.000065     0.000271     0.000170
   2020    20-24   0.000407     0.000487     0.000447
   2020    25-29   0.000259     0.000517     0.000391
   2020    30-34   0.000327     0.000721     0.000531
   2020    35-39   0.000379     0.000834     0.000612
   2020    40-44   0.000500     0.000789     0.000649
   2020    45-49   0.001036     0.001682     0.001364
   2020    50-54   0.001576     0.002497     0.002036
   2020    55-59   0.002391     0.004055     0.003206
   2020    60-64   0.003190     0.005871     0.004488
   2020    65-69   0.004783     0.010816     0.007677
   2020    70-74   0.007766     0.017814     0.012569
   2020    75-79   0.014706     0.030142     0.021711
   2020    80-84   0.029761     0.057875     0.041631
   2020    85-89   0.062235     0.110109     0.079672
   2020    90-94   0.128675     0.191025     0.146507
   2020    95-99   0.227582     0.285954     0.238558
   2020   100-104  0.365455     0.457979     0.377391
   2020   105-109  0.623562     0.805369     0.636047
   2020   110+     0.000000            .     0.000000
   2021     0      0.001751     0.001187     0.001464
   2021     1-4    0.000077     0.000147     0.000113
   2021     5-9    0.000078     0.000049     0.000063
   2021    10-14   0.000070     0.000022     0.000046
   2021    15-19   0.000131     0.000335     0.000235
   2021    20-24   0.000259     0.000435     0.000349
   2021    25-29   0.000261     0.000595     0.000432
   2021    30-34   0.000218     0.000567     0.000399
   2021    35-39   0.000491     0.000738     0.000618
   2021    40-44   0.000613     0.000924     0.000773
   2021    45-49   0.000939     0.001711     0.001333
   2021    50-54   0.001899     0.002929     0.002415
   2021    55-59   0.002313     0.004322     0.003300
   2021    60-64   0.003384     0.007130     0.005199
   2021    65-69   0.005201     0.011667     0.008301
   2021    70-74   0.007278     0.019579     0.013132
   2021    75-79   0.015136     0.032537     0.023050
   2021    80-84   0.029900     0.057007     0.041417
   2021    85-89   0.063885     0.113595     0.082138
   2021    90-94   0.129785     0.197160     0.149296
   2021    95-99   0.239017     0.310062     0.253096
   2021   100-104  0.379251     0.457993     0.389099
   2021   105-109  0.583984     0.457899     0.572977
   2021   110+     4.000000            .     4.000000
   2022     0      0.002135     0.002743     0.002445
   2022     1-4    0.000162     0.000194     0.000178
   2022     5-9    0.000000     0.000102     0.000052
   2022    10-14   0.000047     0.000022     0.000035
   2022    15-19   0.000154     0.000211     0.000183
   2022    20-24   0.000252     0.000423     0.000339
   2022    25-29   0.000258     0.000468     0.000366
   2022    30-34   0.000249     0.000562     0.000411
   2022    35-39   0.000674     0.000856     0.000767
   2022    40-44   0.000803     0.001189     0.001002
   2022    45-49   0.000997     0.001648     0.001330
   2022    50-54   0.001451     0.002458     0.001958
   2022    55-59   0.002018     0.004352     0.003167
   2022    60-64   0.003032     0.008192     0.005533
   2022    65-69   0.004624     0.012007     0.008156
   2022    70-74   0.008910     0.020317     0.014311
   2022    75-79   0.015451     0.034329     0.024083
   2022    80-84   0.031586     0.061041     0.044142
   2022    85-89   0.066258     0.118058     0.085380
   2022    90-94   0.140293     0.220750     0.163829
   2022    95-99   0.260976     0.361043     0.281423
   2022   100-104  0.427249     0.586227     0.446181
   2022   105-109  0.652234     0.833140     0.668671
   2022   110+     6.000000            .     6.000000
