10.Gumma.ken, Death Rates (period 5x1)     Last modified:2023-12-05, ver.004_004 JMD(IPSS)

   Year      Age       Female       Male         Total
   1947     0      0.072702     0.084429     0.078701
   1947     1-4    0.017249     0.018825     0.018049
   1947     5-9    0.003395     0.003810     0.003605
   1947    10-14   0.002016     0.001748     0.001882
   1947    15-19   0.004091     0.003764     0.003935
   1947    20-24   0.006942     0.007687     0.007291
   1947    25-29   0.008135     0.007470     0.007848
   1947    30-34   0.007558     0.007274     0.007428
   1947    35-39   0.007777     0.007769     0.007773
   1947    40-44   0.007761     0.009071     0.008417
   1947    45-49   0.009126     0.011655     0.010408
   1947    50-54   0.012537     0.017175     0.014868
   1947    55-59   0.019910     0.025362     0.022612
   1947    60-64   0.026852     0.040961     0.033451
   1947    65-69   0.042922     0.065711     0.053042
   1947    70-74   0.074036     0.095811     0.083213
   1947    75-79   0.113230     0.142768     0.124599
   1947    80-84   0.193661     0.231391     0.206674
   1947    85-89   0.294562     0.338211     0.308858
   1947    90-94   0.483731     0.427942     0.468907
   1947    95-99   0.215517     0.169875     0.197802
   1947   100-104  0.000000            .     0.000000
   1947   105-109  0.000000            .     0.000000
   1947   110+            .            .            .
   1948     0      0.053456     0.060259     0.056931
   1948     1-4    0.009500     0.011299     0.010415
   1948     5-9    0.002234     0.002457     0.002346
   1948    10-14   0.001306     0.001376     0.001341
   1948    15-19   0.003062     0.002856     0.002962
   1948    20-24   0.006793     0.006323     0.006569
   1948    25-29   0.006998     0.006211     0.006661
   1948    30-34   0.006125     0.007237     0.006630
   1948    35-39   0.006894     0.006399     0.006658
   1948    40-44   0.008161     0.007847     0.008005
   1948    45-49   0.008979     0.010329     0.009662
   1948    50-54   0.010513     0.014479     0.012507
   1948    55-59   0.015426     0.022328     0.018848
   1948    60-64   0.026094     0.036734     0.031109
   1948    65-69   0.042741     0.057378     0.049258
   1948    70-74   0.065163     0.087172     0.074431
   1948    75-79   0.107936     0.124747     0.114442
   1948    80-84   0.158617     0.209069     0.175830
   1948    85-89   0.272958     0.255832     0.267367
   1948    90-94   0.323002     0.294288     0.314330
   1948    95-99   0.218341     0.493151     0.302674
   1948   100-104  0.978793            .     0.978793
   1948   105-109  0.000000            .     0.000000
   1948   110+            .            .            .
   1949     0      0.054008     0.066503     0.060399
   1949     1-4    0.012743     0.013559     0.013159
   1949     5-9    0.002348     0.002721     0.002537
   1949    10-14   0.001207     0.001212     0.001209
   1949    15-19   0.002581     0.002698     0.002638
   1949    20-24   0.005133     0.005211     0.005170
   1949    25-29   0.005737     0.006386     0.006017
   1949    30-34   0.005940     0.005864     0.005905
   1949    35-39   0.006272     0.005576     0.005944
   1949    40-44   0.006562     0.006740     0.006650
   1949    45-49   0.008254     0.009124     0.008694
   1949    50-54   0.011534     0.014866     0.013213
   1949    55-59   0.015752     0.020323     0.018018
   1949    60-64   0.024427     0.034039     0.029008
   1949    65-69   0.036357     0.058462     0.046208
   1949    70-74   0.060590     0.086501     0.071446
   1949    75-79   0.101555     0.121730     0.109446
   1949    80-84   0.157020     0.186233     0.166999
   1949    85-89   0.240069     0.263894     0.247758
   1949    90-94   0.260771     0.349674     0.287181
   1949    95-99   0.384205     0.316706     0.364769
   1949   100-104  0.000000            .     0.000000
   1949   105-109  0.000000            .     0.000000
   1949   110+            .            .            .
   1950     0      0.048133     0.060237     0.054321
   1950     1-4    0.010940     0.011831     0.011395
   1950     5-9    0.002273     0.002200     0.002236
   1950    10-14   0.001170     0.001285     0.001228
   1950    15-19   0.002407     0.002260     0.002335
   1950    20-24   0.003893     0.004110     0.003997
   1950    25-29   0.004991     0.005019     0.005003
   1950    30-34   0.004699     0.004807     0.004747
   1950    35-39   0.005152     0.005597     0.005359
   1950    40-44   0.006628     0.006231     0.006433
   1950    45-49   0.007565     0.008947     0.008259
   1950    50-54   0.011745     0.012273     0.012011
   1950    55-59   0.014963     0.019781     0.017355
   1950    60-64   0.023078     0.031319     0.027032
   1950    65-69   0.039924     0.053386     0.045942
   1950    70-74   0.065482     0.085035     0.073654
   1950    75-79   0.093243     0.128958     0.107259
   1950    80-84   0.177546     0.192333     0.182633
   1950    85-89   0.270647     0.341630     0.293174
   1950    90-94   0.418989     0.394322     0.411632
   1950    95-99   0.110314     0.762389     0.256666
   1950   100-104  0.000000     0.000000     0.000000
   1950   105-109  0.000000            .     0.000000
   1950   110+     0.000000            .     0.000000
   1951     0      0.046833     0.053060     0.050003
   1951     1-4    0.008833     0.009571     0.009209
   1951     5-9    0.002027     0.001952     0.001989
   1951    10-14   0.000673     0.001066     0.000870
   1951    15-19   0.001733     0.001593     0.001664
   1951    20-24   0.002902     0.003141     0.003016
   1951    25-29   0.003751     0.003548     0.003659
   1951    30-34   0.003888     0.003535     0.003733
   1951    35-39   0.004465     0.004880     0.004657
   1951    40-44   0.004768     0.005329     0.005042
   1951    45-49   0.007261     0.007326     0.007293
   1951    50-54   0.009163     0.012238     0.010717
   1951    55-59   0.014891     0.020990     0.017919
   1951    60-64   0.023970     0.030800     0.027275
   1951    65-69   0.037769     0.056689     0.046273
   1951    70-74   0.063962     0.091795     0.075589
   1951    75-79   0.103581     0.125444     0.112127
   1951    80-84   0.185991     0.203965     0.192202
   1951    85-89   0.277122     0.308006     0.286765
   1951    90-94   0.418222     0.500922     0.442578
   1951    95-99   0.341587     0.184162     0.308574
   1951   100-104  0.631579     0.000000     0.575342
   1951   105-109  0.960000            .     0.960000
   1951   110+     1.000000            .     1.000000
   1952     0      0.045280     0.047344     0.046329
   1952     1-4    0.006978     0.006671     0.006822
   1952     5-9    0.001694     0.002044     0.001872
   1952    10-14   0.000723     0.000863     0.000793
   1952    15-19   0.001266     0.001462     0.001362
   1952    20-24   0.002622     0.002468     0.002548
   1952    25-29   0.002741     0.003213     0.002964
   1952    30-34   0.003350     0.003874     0.003577
   1952    35-39   0.004134     0.004069     0.004104
   1952    40-44   0.004643     0.004390     0.004522
   1952    45-49   0.005951     0.007417     0.006685
   1952    50-54   0.008886     0.012593     0.010758
   1952    55-59   0.014220     0.019073     0.016632
   1952    60-64   0.022266     0.028878     0.025487
   1952    65-69   0.033409     0.051346     0.041518
   1952    70-74   0.057986     0.082975     0.068431
   1952    75-79   0.088500     0.118482     0.100221
   1952    80-84   0.156353     0.196985     0.170528
   1952    85-89   0.242907     0.320764     0.266875
   1952    90-94   0.324507     0.287563     0.313660
   1952    95-99   0.550312     0.480319     0.532351
   1952   100-104  0.000000     0.000000     0.000000
   1952   105-109  0.000000            .     0.000000
   1952   110+     0.000000            .     0.000000
   1953     0      0.040113     0.049177     0.044734
   1953     1-4    0.006415     0.005593     0.005997
   1953     5-9    0.001805     0.001695     0.001749
   1953    10-14   0.000703     0.000710     0.000707
   1953    15-19   0.001160     0.001425     0.001288
   1953    20-24   0.002034     0.002674     0.002341
   1953    25-29   0.002701     0.002642     0.002673
   1953    30-34   0.003042     0.003251     0.003132
   1953    35-39   0.003191     0.003314     0.003247
   1953    40-44   0.004426     0.005143     0.004768
   1953    45-49   0.006293     0.007457     0.006873
   1953    50-54   0.009186     0.010083     0.009639
   1953    55-59   0.013547     0.018267     0.015900
   1953    60-64   0.022856     0.028868     0.025786
   1953    65-69   0.034865     0.052143     0.042772
   1953    70-74   0.061582     0.089836     0.073405
   1953    75-79   0.095864     0.135091     0.111094
   1953    80-84   0.156825     0.203967     0.173270
   1953    85-89   0.266930     0.283870     0.272114
   1953    90-94   0.414447     0.329884     0.389833
   1953    95-99   0.385765     0.124289     0.295255
   1953   100-104  0.406855     0.000000     0.384507
   1953   105-109  0.600000            .     0.600000
   1953   110+     3.000000            .     3.000000
   1954     0      0.042435     0.046774     0.044650
   1954     1-4    0.005019     0.005331     0.005178
   1954     5-9    0.001551     0.001943     0.001751
   1954    10-14   0.000749     0.000761     0.000755
   1954    15-19   0.001173     0.001655     0.001404
   1954    20-24   0.002086     0.002537     0.002301
   1954    25-29   0.002441     0.003012     0.002719
   1954    30-34   0.002724     0.002708     0.002717
   1954    35-39   0.002849     0.003767     0.003264
   1954    40-44   0.004365     0.004423     0.004392
   1954    45-49   0.005873     0.007641     0.006750
   1954    50-54   0.008510     0.012873     0.010712
   1954    55-59   0.012003     0.018903     0.015450
   1954    60-64   0.018410     0.026770     0.022484
   1954    65-69   0.031529     0.046043     0.038266
   1954    70-74   0.053554     0.081304     0.065192
   1954    75-79   0.083343     0.115048     0.095558
   1954    80-84   0.140729     0.171878     0.151557
   1954    85-89   0.243136     0.252737     0.246124
   1954    90-94   0.289704     0.544694     0.357633
   1954    95-99   0.414938     0.704721     0.523115
   1954   100-104  0.775758     0.000000     0.719101
   1954   105-109  0.738462            .     0.738462
   1954   110+            .            .            .
   1955     0      0.034736     0.043239     0.039104
   1955     1-4    0.003864     0.003692     0.003777
   1955     5-9    0.001161     0.001529     0.001349
   1955    10-14   0.000467     0.000845     0.000658
   1955    15-19   0.001220     0.001413     0.001312
   1955    20-24   0.001597     0.002456     0.002000
   1955    25-29   0.002196     0.002580     0.002384
   1955    30-34   0.002392     0.002660     0.002511
   1955    35-39   0.002923     0.003555     0.003206
   1955    40-44   0.004100     0.004536     0.004303
   1955    45-49   0.005144     0.006717     0.005920
   1955    50-54   0.008686     0.010653     0.009672
   1955    55-59   0.011133     0.017254     0.014196
   1955    60-64   0.018980     0.026827     0.022809
   1955    65-69   0.030369     0.046573     0.037960
   1955    70-74   0.051719     0.079608     0.063458
   1955    75-79   0.086911     0.117473     0.098637
   1955    80-84   0.137790     0.170436     0.149117
   1955    85-89   0.201432     0.289902     0.228465
   1955    90-94   0.275314     0.496751     0.328120
   1955    95-99   0.540723     0.294290     0.462890
   1955   100-104  2.380301     0.000000     1.677917
   1955   105-109  1.500000     0.000000     0.759494
   1955   110+            .            .            .
   1956     0      0.039662     0.042493     0.041115
   1956     1-4    0.003684     0.003647     0.003665
   1956     5-9    0.000908     0.001323     0.001119
   1956    10-14   0.000605     0.000721     0.000663
   1956    15-19   0.000989     0.001438     0.001205
   1956    20-24   0.001747     0.002672     0.002177
   1956    25-29   0.002142     0.002480     0.002307
   1956    30-34   0.002327     0.002599     0.002452
   1956    35-39   0.003046     0.003014     0.003032
   1956    40-44   0.003593     0.004679     0.004095
   1956    45-49   0.005065     0.006663     0.005846
   1956    50-54   0.008923     0.010956     0.009939
   1956    55-59   0.011625     0.017426     0.014530
   1956    60-64   0.019988     0.028010     0.023907
   1956    65-69   0.031537     0.046704     0.038701
   1956    70-74   0.053243     0.077572     0.063559
   1956    75-79   0.088865     0.124797     0.102605
   1956    80-84   0.148330     0.175970     0.157945
   1956    85-89   0.215283     0.285608     0.236210
   1956    90-94   0.331126     0.245978     0.310197
   1956    95-99   0.408615     0.635238     0.469621
   1956   100-104         .     2.215768     2.215768
   1956   105-109         .     1.500000     1.500000
   1956   110+            .            .            .
   1957     0      0.038590     0.043128     0.040904
   1957     1-4    0.003161     0.003366     0.003266
   1957     5-9    0.001155     0.001182     0.001169
   1957    10-14   0.000650     0.000725     0.000688
   1957    15-19   0.001123     0.001211     0.001165
   1957    20-24   0.001583     0.002480     0.002000
   1957    25-29   0.002055     0.002349     0.002198
   1957    30-34   0.002165     0.002394     0.002274
   1957    35-39   0.003149     0.003118     0.003135
   1957    40-44   0.003508     0.004335     0.003886
   1957    45-49   0.005316     0.007112     0.006180
   1957    50-54   0.007368     0.010524     0.008944
   1957    55-59   0.012505     0.018278     0.015394
   1957    60-64   0.018670     0.031206     0.024799
   1957    65-69   0.032300     0.052798     0.042023
   1957    70-74   0.057918     0.083861     0.069020
   1957    75-79   0.095310     0.141499     0.112896
   1957    80-84   0.159040     0.200553     0.173410
   1957    85-89   0.269853     0.297691     0.278290
   1957    90-94   0.411634     0.464060     0.424921
   1957    95-99   0.584154     0.792602     0.631650
   1957   100-104  0.000000            .     0.000000
   1957   105-109         .            .            .
   1957   110+            .            .            .
   1958     0      0.035198     0.038856     0.037071
   1958     1-4    0.002499     0.003026     0.002769
   1958     5-9    0.000690     0.001027     0.000861
   1958    10-14   0.000396     0.000793     0.000596
   1958    15-19   0.000912     0.000995     0.000952
   1958    20-24   0.001745     0.002245     0.001976
   1958    25-29   0.001944     0.002320     0.002127
   1958    30-34   0.001827     0.002153     0.001985
   1958    35-39   0.002240     0.002266     0.002251
   1958    40-44   0.003085     0.004174     0.003580
   1958    45-49   0.005150     0.005340     0.005240
   1958    50-54   0.008185     0.010066     0.009121
   1958    55-59   0.011329     0.016974     0.014153
   1958    60-64   0.018437     0.027297     0.022776
   1958    65-69   0.026395     0.046075     0.035701
   1958    70-74   0.051443     0.075782     0.062010
   1958    75-79   0.082608     0.119297     0.096586
   1958    80-84   0.132673     0.168904     0.145101
   1958    85-89   0.212215     0.280169     0.233256
   1958    90-94   0.361177     0.406187     0.372475
   1958    95-99   0.484604     0.447427     0.476682
   1958   100-104  1.910828            .     1.910828
   1958   105-109         .            .            .
   1958   110+            .            .            .
   1959     0      0.032765     0.040325     0.036669
   1959     1-4    0.002453     0.002788     0.002624
   1959     5-9    0.000823     0.001126     0.000977
   1959    10-14   0.000467     0.000642     0.000556
   1959    15-19   0.000947     0.001254     0.001091
   1959    20-24   0.001586     0.002520     0.002013
   1959    25-29   0.001574     0.002143     0.001850
   1959    30-34   0.002106     0.002573     0.002336
   1959    35-39   0.002258     0.003085     0.002616
   1959    40-44   0.003066     0.004277     0.003614
   1959    45-49   0.005106     0.006286     0.005659
   1959    50-54   0.007895     0.010262     0.009065
   1959    55-59   0.011316     0.018378     0.014845
   1959    60-64   0.015641     0.029414     0.022400
   1959    65-69   0.029975     0.047328     0.038160
   1959    70-74   0.050799     0.071080     0.059754
   1959    75-79   0.083847     0.111026     0.094280
   1959    80-84   0.133128     0.181616     0.149670
   1959    85-89   0.223282     0.210629     0.219320
   1959    90-94   0.333350     0.592771     0.393722
   1959    95-99   0.507567     0.167738     0.422060
   1959   100-104  0.000000            .     0.000000
   1959   105-109         .            .            .
   1959   110+            .            .            .
   1960     0      0.028915     0.036151     0.032643
   1960     1-4    0.002115     0.002358     0.002239
   1960     5-9    0.000828     0.000952     0.000891
   1960    10-14   0.000386     0.000550     0.000470
   1960    15-19   0.000735     0.001409     0.001053
   1960    20-24   0.001217     0.002355     0.001730
   1960    25-29   0.001496     0.002206     0.001839
   1960    30-34   0.001957     0.002460     0.002206
   1960    35-39   0.002004     0.002964     0.002431
   1960    40-44   0.002807     0.003753     0.003231
   1960    45-49   0.004995     0.005484     0.005221
   1960    50-54   0.006751     0.010209     0.008448
   1960    55-59   0.011359     0.017242     0.014283
   1960    60-64   0.016610     0.028631     0.022510
   1960    65-69   0.030386     0.048218     0.038811
   1960    70-74   0.049658     0.073973     0.060488
   1960    75-79   0.089754     0.123683     0.102935
   1960    80-84   0.144482     0.178487     0.156023
   1960    85-89   0.226860     0.232267     0.228578
   1960    90-94   0.351566     0.403027     0.362613
   1960    95-99   0.422721     0.502994     0.446722
   1960   100-104  0.000000            .     0.000000
   1960   105-109         .            .            .
   1960   110+            .            .            .
   1961     0      0.028620     0.034937     0.031866
   1961     1-4    0.001817     0.002123     0.001974
   1961     5-9    0.000579     0.001029     0.000809
   1961    10-14   0.000336     0.000654     0.000497
   1961    15-19   0.000755     0.001454     0.001087
   1961    20-24   0.001396     0.002755     0.002007
   1961    25-29   0.001510     0.002464     0.001970
   1961    30-34   0.001722     0.002371     0.002043
   1961    35-39   0.001818     0.002730     0.002238
   1961    40-44   0.003008     0.003674     0.003301
   1961    45-49   0.004271     0.005400     0.004790
   1961    50-54   0.006755     0.009949     0.008308
   1961    55-59   0.010759     0.016668     0.013690
   1961    60-64   0.016741     0.027280     0.021914
   1961    65-69   0.029277     0.043273     0.035897
   1961    70-74   0.049766     0.070763     0.059180
   1961    75-79   0.087363     0.112145     0.097110
   1961    80-84   0.136181     0.192869     0.155277
   1961    85-89   0.225958     0.289320     0.245801
   1961    90-94   0.346271     0.401938     0.359252
   1961    95-99   0.546946     0.488699     0.530098
   1961   100-104  1.360544            .     1.360544
   1961   105-109         .            .            .
   1961   110+            .            .            .
   1962     0      0.025885     0.030600     0.028308
   1962     1-4    0.001803     0.002074     0.001942
   1962     5-9    0.000652     0.000914     0.000786
   1962    10-14   0.000326     0.000628     0.000478
   1962    15-19   0.000549     0.001137     0.000833
   1962    20-24   0.001241     0.001611     0.001410
   1962    25-29   0.001225     0.001888     0.001544
   1962    30-34   0.001641     0.001978     0.001808
   1962    35-39   0.001979     0.002555     0.002254
   1962    40-44   0.003043     0.003410     0.003202
   1962    45-49   0.003503     0.005826     0.004565
   1962    50-54   0.007279     0.009911     0.008542
   1962    55-59   0.010398     0.017110     0.013730
   1962    60-64   0.016192     0.028280     0.022125
   1962    65-69   0.029142     0.045241     0.036763
   1962    70-74   0.049575     0.075058     0.061037
   1962    75-79   0.090894     0.116871     0.101241
   1962    80-84   0.150909     0.212967     0.171661
   1962    85-89   0.252453     0.308088     0.269185
   1962    90-94   0.343734     0.415929     0.362722
   1962    95-99   0.328055     0.878477     0.432106
   1962   100-104  2.000000            .     2.000000
   1962   105-109         .            .            .
   1962   110+            .            .            .
   1963     0      0.025123     0.026200     0.025674
   1963     1-4    0.001191     0.001770     0.001488
   1963     5-9    0.000741     0.000835     0.000789
   1963    10-14   0.000421     0.000488     0.000455
   1963    15-19   0.000649     0.001021     0.000830
   1963    20-24   0.000825     0.001899     0.001321
   1963    25-29   0.001010     0.002251     0.001606
   1963    30-34   0.001331     0.002061     0.001694
   1963    35-39   0.001723     0.002442     0.002075
   1963    40-44   0.002731     0.003649     0.003126
   1963    45-49   0.004418     0.006041     0.005156
   1963    50-54   0.006050     0.008674     0.007296
   1963    55-59   0.009833     0.015961     0.012866
   1963    60-64   0.014943     0.027423     0.021072
   1963    65-69   0.026962     0.042445     0.034310
   1963    70-74   0.047869     0.067175     0.056526
   1963    75-79   0.076064     0.110569     0.090058
   1963    80-84   0.134397     0.168297     0.145799
   1963    85-89   0.222011     0.235958     0.226088
   1963    90-94   0.356340     0.268099     0.330211
   1963    95-99   0.439858     0.798408     0.480420
   1963   100-104  0.000000            .     0.000000
   1963   105-109         .            .            .
   1963   110+            .            .            .
   1964     0      0.020208     0.026438     0.023403
   1964     1-4    0.001371     0.001521     0.001448
   1964     5-9    0.000383     0.000887     0.000641
   1964    10-14   0.000300     0.000440     0.000371
   1964    15-19   0.000552     0.001158     0.000848
   1964    20-24   0.000940     0.002125     0.001490
   1964    25-29   0.001232     0.002136     0.001669
   1964    30-34   0.001466     0.002198     0.001831
   1964    35-39   0.001748     0.002346     0.002045
   1964    40-44   0.002506     0.003522     0.002948
   1964    45-49   0.004234     0.005559     0.004835
   1964    50-54   0.006074     0.009100     0.007496
   1964    55-59   0.009506     0.013277     0.011363
   1964    60-64   0.015210     0.025294     0.020165
   1964    65-69   0.024895     0.041725     0.032898
   1964    70-74   0.046770     0.063594     0.054319
   1964    75-79   0.075019     0.107831     0.088542
   1964    80-84   0.135450     0.172661     0.148152
   1964    85-89   0.224207     0.233125     0.226823
   1964    90-94   0.298124     0.360121     0.317078
   1964    95-99   0.522830     0.909550     0.562705
   1964   100-104  0.918836            .     0.918836
   1964   105-109         .            .            .
   1964   110+            .            .            .
   1965     0      0.019325     0.025149     0.022307
   1965     1-4    0.000908     0.001481     0.001201
   1965     5-9    0.000566     0.000731     0.000651
   1965    10-14   0.000331     0.000501     0.000417
   1965    15-19   0.000604     0.001209     0.000901
   1965    20-24   0.001005     0.001541     0.001254
   1965    25-29   0.001113     0.001874     0.001483
   1965    30-34   0.001299     0.002311     0.001804
   1965    35-39   0.001481     0.002558     0.002019
   1965    40-44   0.002301     0.003714     0.002932
   1965    45-49   0.003593     0.005029     0.004239
   1965    50-54   0.006276     0.008535     0.007328
   1965    55-59   0.009583     0.015160     0.012317
   1965    60-64   0.014938     0.028173     0.021415
   1965    65-69   0.026341     0.041205     0.033418
   1965    70-74   0.044466     0.070391     0.056150
   1965    75-79   0.082006     0.112879     0.094790
   1965    80-84   0.144856     0.179467     0.156821
   1965    85-89   0.227937     0.298642     0.248472
   1965    90-94   0.324648     0.445408     0.358863
   1965    95-99   0.533680     0.472255     0.525148
   1965   100-104  0.647948     0.000000     0.580271
   1965   105-109         .            .            .
   1965   110+            .            .            .
   1966     0      0.016561     0.020434     0.018537
   1966     1-4    0.001232     0.001804     0.001524
   1966     5-9    0.000412     0.000920     0.000672
   1966    10-14   0.000272     0.000391     0.000332
   1966    15-19   0.000451     0.001118     0.000779
   1966    20-24   0.000838     0.001598     0.001194
   1966    25-29   0.001125     0.002014     0.001558
   1966    30-34   0.001505     0.001916     0.001710
   1966    35-39   0.001749     0.002430     0.002090
   1966    40-44   0.002562     0.003732     0.003103
   1966    45-49   0.003728     0.005587     0.004548
   1966    50-54   0.005753     0.009330     0.007405
   1966    55-59   0.008255     0.014359     0.011219
   1966    60-64   0.013253     0.024775     0.018873
   1966    65-69   0.024020     0.039092     0.031198
   1966    70-74   0.044753     0.071522     0.056820
   1966    75-79   0.077383     0.102144     0.087710
   1966    80-84   0.116392     0.168064     0.134454
   1966    85-89   0.216394     0.269212     0.231409
   1966    90-94   0.344527     0.381068     0.354381
   1966    95-99   0.568518     0.381093     0.527445
   1966   100-104  0.798935     4.411765     1.352875
   1966   105-109         .            .            .
   1966   110+            .            .            .
   1967     0      0.017862     0.021663     0.019807
   1967     1-4    0.001210     0.001457     0.001336
   1967     5-9    0.000419     0.000536     0.000479
   1967    10-14   0.000205     0.000437     0.000323
   1967    15-19   0.000426     0.001117     0.000766
   1967    20-24   0.000685     0.001305     0.000979
   1967    25-29   0.001164     0.001807     0.001477
   1967    30-34   0.001049     0.001966     0.001506
   1967    35-39   0.001691     0.002705     0.002199
   1967    40-44   0.001858     0.003150     0.002477
   1967    45-49   0.003340     0.004546     0.003862
   1967    50-54   0.005120     0.008892     0.006846
   1967    55-59   0.008059     0.014373     0.011078
   1967    60-64   0.014799     0.022374     0.018496
   1967    65-69   0.024492     0.040278     0.032004
   1967    70-74   0.042229     0.068023     0.053850
   1967    75-79   0.074492     0.109597     0.089220
   1967    80-84   0.129947     0.163045     0.141680
   1967    85-89   0.214514     0.222932     0.216938
   1967    90-94   0.305678     0.330192     0.312182
   1967    95-99   0.463559     0.470742     0.465594
   1967   100-104  1.910828            .     1.910828
   1967   105-109         .            .            .
   1967   110+            .            .            .
   1968     0      0.014259     0.020468     0.017463
   1968     1-4    0.000732     0.001363     0.001054
   1968     5-9    0.000488     0.000680     0.000586
   1968    10-14   0.000399     0.000344     0.000371
   1968    15-19   0.000523     0.001095     0.000804
   1968    20-24   0.000788     0.001426     0.001094
   1968    25-29   0.000739     0.001678     0.001197
   1968    30-34   0.001319     0.002148     0.001732
   1968    35-39   0.001473     0.002617     0.002047
   1968    40-44   0.001933     0.003058     0.002484
   1968    45-49   0.003157     0.005570     0.004193
   1968    50-54   0.005654     0.008718     0.007044
   1968    55-59   0.008830     0.012784     0.010696
   1968    60-64   0.013125     0.022436     0.017661
   1968    65-69   0.022741     0.039601     0.030758
   1968    70-74   0.040457     0.065147     0.051595
   1968    75-79   0.071135     0.104039     0.084840
   1968    80-84   0.133853     0.172449     0.147940
   1968    85-89   0.193311     0.256151     0.211805
   1968    90-94   0.326097     0.418575     0.348764
   1968    95-99   0.417181     0.307567     0.384472
   1968   100-104         .            .            .
   1968   105-109         .            .            .
   1968   110+            .            .            .
   1969     0      0.013849     0.017290     0.015631
   1969     1-4    0.001162     0.001277     0.001221
   1969     5-9    0.000408     0.000716     0.000566
   1969    10-14   0.000323     0.000437     0.000381
   1969    15-19   0.000336     0.001134     0.000728
   1969    20-24   0.000636     0.001512     0.001057
   1969    25-29   0.000967     0.001660     0.001307
   1969    30-34   0.001324     0.001651     0.001487
   1969    35-39   0.001573     0.002686     0.002130
   1969    40-44   0.001931     0.003105     0.002514
   1969    45-49   0.002758     0.005167     0.003800
   1969    50-54   0.005721     0.008759     0.007092
   1969    55-59   0.007207     0.013029     0.009921
   1969    60-64   0.013890     0.023641     0.018613
   1969    65-69   0.022745     0.037695     0.029845
   1969    70-74   0.041779     0.064319     0.051970
   1969    75-79   0.069207     0.103494     0.083409
   1969    80-84   0.124274     0.162075     0.138400
   1969    85-89   0.208650     0.234865     0.216492
   1969    90-94   0.302566     0.376422     0.319520
   1969    95-99   0.412344     0.368269     0.399931
   1969   100-104         .            .            .
   1969   105-109         .            .            .
   1969   110+            .            .            .
   1970     0      0.012701     0.016650     0.014732
   1970     1-4    0.001103     0.001394     0.001253
   1970     5-9    0.000466     0.000675     0.000573
   1970    10-14   0.000366     0.000365     0.000366
   1970    15-19   0.000551     0.001396     0.000968
   1970    20-24   0.000787     0.001302     0.001034
   1970    25-29   0.000910     0.001502     0.001203
   1970    30-34   0.000990     0.001680     0.001335
   1970    35-39   0.001459     0.002727     0.002093
   1970    40-44   0.001898     0.003845     0.002872
   1970    45-49   0.003016     0.004786     0.003801
   1970    50-54   0.004777     0.008359     0.006377
   1970    55-59   0.008278     0.013317     0.010600
   1970    60-64   0.013119     0.022874     0.017810
   1970    65-69   0.022649     0.040558     0.031107
   1970    70-74   0.040191     0.062568     0.050316
   1970    75-79   0.076249     0.110232     0.090367
   1970    80-84   0.122358     0.167184     0.139171
   1970    85-89   0.204883     0.251606     0.219026
   1970    90-94   0.339657     0.329401     0.337232
   1970    95-99   0.504277     0.543136     0.513961
   1970   100-104  0.000000     0.000000     0.000000
   1970   105-109         .            .            .
   1970   110+            .            .            .
   1971     0      0.011460     0.016291     0.013945
   1971     1-4    0.000736     0.001167     0.000958
   1971     5-9    0.000389     0.000511     0.000451
   1971    10-14   0.000111     0.000317     0.000216
   1971    15-19   0.000703     0.001507     0.001103
   1971    20-24   0.000830     0.001595     0.001197
   1971    25-29   0.000957     0.001399     0.001177
   1971    30-34   0.001101     0.001585     0.001344
   1971    35-39   0.001396     0.002804     0.002101
   1971    40-44   0.002099     0.003282     0.002692
   1971    45-49   0.002886     0.004992     0.003856
   1971    50-54   0.004256     0.006649     0.005304
   1971    55-59   0.006862     0.012765     0.009558
   1971    60-64   0.013224     0.020572     0.016720
   1971    65-69   0.019747     0.036137     0.027469
   1971    70-74   0.035312     0.058046     0.045584
   1971    75-79   0.067026     0.096946     0.079511
   1971    80-84   0.115507     0.149707     0.128373
   1971    85-89   0.183907     0.233880     0.199073
   1971    90-94   0.309180     0.337561     0.316203
   1971    95-99   0.348915     0.310184     0.339829
   1971   100-104  0.805369     0.000000     0.364742
   1971   105-109         .            .            .
   1971   110+            .            .            .
   1972     0      0.010376     0.014726     0.012604
   1972     1-4    0.000868     0.001257     0.001068
   1972     5-9    0.000432     0.000535     0.000485
   1972    10-14   0.000160     0.000337     0.000251
   1972    15-19   0.000424     0.001109     0.000765
   1972    20-24   0.000651     0.001668     0.001141
   1972    25-29   0.000833     0.001288     0.001059
   1972    30-34   0.001040     0.001940     0.001493
   1972    35-39   0.001366     0.002477     0.001923
   1972    40-44   0.001967     0.003136     0.002552
   1972    45-49   0.002751     0.004875     0.003764
   1972    50-54   0.004554     0.007562     0.005845
   1972    55-59   0.006584     0.012186     0.009120
   1972    60-64   0.010845     0.018541     0.014457
   1972    65-69   0.019819     0.033245     0.026155
   1972    70-74   0.034213     0.054969     0.043586
   1972    75-79   0.062054     0.086413     0.072260
   1972    80-84   0.115504     0.157106     0.131230
   1972    85-89   0.168820     0.233385     0.188470
   1972    90-94   0.277593     0.303792     0.284180
   1972    95-99   0.312839     0.196078     0.283711
   1972   100-104  0.315789     0.352941     0.333333
   1972   105-109         .            .            .
   1972   110+            .            .            .
   1973     0      0.011365     0.013979     0.012701
   1973     1-4    0.000793     0.001112     0.000957
   1973     5-9    0.000418     0.000770     0.000598
   1973    10-14   0.000242     0.000476     0.000362
   1973    15-19   0.000513     0.001494     0.001002
   1973    20-24   0.000736     0.001420     0.001066
   1973    25-29   0.000797     0.001257     0.001026
   1973    30-34   0.000958     0.001498     0.001230
   1973    35-39   0.001290     0.002445     0.001870
   1973    40-44   0.001893     0.003457     0.002677
   1973    45-49   0.002600     0.004651     0.003603
   1973    50-54   0.004087     0.006715     0.005206
   1973    55-59   0.006681     0.010242     0.008280
   1973    60-64   0.010426     0.017745     0.013822
   1973    65-69   0.018164     0.032659     0.025000
   1973    70-74   0.035514     0.055652     0.044616
   1973    75-79   0.061348     0.095926     0.075871
   1973    80-84   0.116368     0.146851     0.127812
   1973    85-89   0.201785     0.227894     0.210066
   1973    90-94   0.280937     0.341081     0.296158
   1973    95-99   0.408005     0.705882     0.468820
   1973   100-104  0.720000     0.000000     0.346154
   1973   105-109         .            .            .
   1973   110+            .            .            .
   1974     0      0.009863     0.014024     0.011992
   1974     1-4    0.000965     0.001175     0.001073
   1974     5-9    0.000392     0.000560     0.000478
   1974    10-14   0.000258     0.000323     0.000292
   1974    15-19   0.000354     0.001421     0.000887
   1974    20-24   0.000578     0.001156     0.000856
   1974    25-29   0.000809     0.001359     0.001083
   1974    30-34   0.000990     0.001719     0.001358
   1974    35-39   0.001090     0.001975     0.001536
   1974    40-44   0.001893     0.003553     0.002725
   1974    45-49   0.002862     0.004241     0.003546
   1974    50-54   0.004323     0.007130     0.005529
   1974    55-59   0.006745     0.010907     0.008606
   1974    60-64   0.009868     0.018985     0.014045
   1974    65-69   0.017242     0.033162     0.024724
   1974    70-74   0.032741     0.055575     0.043062
   1974    75-79   0.063137     0.093401     0.075835
   1974    80-84   0.111530     0.148571     0.125393
   1974    85-89   0.185980     0.245477     0.205511
   1974    90-94   0.295668     0.367665     0.313394
   1974    95-99   0.519308     0.435484     0.503725
   1974   100-104  0.750000     1.000000     0.857143
   1974   105-109         .            .            .
   1974   110+            .            .            .
   1975     0      0.010037     0.012714     0.011400
   1975     1-4    0.000904     0.001192     0.001051
   1975     5-9    0.000311     0.000478     0.000397
   1975    10-14   0.000190     0.000197     0.000194
   1975    15-19   0.000362     0.001144     0.000755
   1975    20-24   0.000727     0.001313     0.001008
   1975    25-29   0.000664     0.001203     0.000933
   1975    30-34   0.000809     0.001289     0.001052
   1975    35-39   0.001138     0.002235     0.001691
   1975    40-44   0.001643     0.003332     0.002490
   1975    45-49   0.002452     0.004430     0.003439
   1975    50-54   0.003497     0.005685     0.004462
   1975    55-59   0.005607     0.010295     0.007683
   1975    60-64   0.010613     0.017658     0.013804
   1975    65-69   0.018128     0.029615     0.023500
   1975    70-74   0.032459     0.053831     0.042074
   1975    75-79   0.060067     0.089847     0.072568
   1975    80-84   0.111003     0.137683     0.121042
   1975    85-89   0.172731     0.220343     0.188551
   1975    90-94   0.319687     0.353361     0.327945
   1975    95-99   0.433166     0.385632     0.423576
   1975   100-104  0.387097     0.600000     0.439024
   1975   105-109         .            .            .
   1975   110+            .            .            .
   1976     0      0.009494     0.012871     0.011219
   1976     1-4    0.000866     0.000756     0.000810
   1976     5-9    0.000310     0.000401     0.000357
   1976    10-14   0.000191     0.000352     0.000273
   1976    15-19   0.000285     0.000890     0.000590
   1976    20-24   0.000544     0.001411     0.000961
   1976    25-29   0.000657     0.001237     0.000946
   1976    30-34   0.000944     0.001336     0.001143
   1976    35-39   0.001062     0.001976     0.001524
   1976    40-44   0.001724     0.002906     0.002318
   1976    45-49   0.002672     0.004502     0.003586
   1976    50-54   0.003548     0.005676     0.004523
   1976    55-59   0.005781     0.009299     0.007309
   1976    60-64   0.009599     0.017901     0.013330
   1976    65-69   0.014887     0.029407     0.021613
   1976    70-74   0.034224     0.049870     0.041261
   1976    75-79   0.059017     0.084679     0.069803
   1976    80-84   0.101223     0.141235     0.116345
   1976    85-89   0.181977     0.237990     0.200744
   1976    90-94   0.295174     0.281642     0.291798
   1976    95-99   0.485100     0.234401     0.427895
   1976   100-104  0.333333     0.600000     0.391304
   1976   105-109  0.000000            .     0.000000
   1976   110+            .            .            .
   1977     0      0.007611     0.010045     0.008856
   1977     1-4    0.000830     0.001081     0.000958
   1977     5-9    0.000325     0.000347     0.000336
   1977    10-14   0.000157     0.000408     0.000285
   1977    15-19   0.000290     0.001124     0.000711
   1977    20-24   0.000519     0.000927     0.000718
   1977    25-29   0.000499     0.001093     0.000794
   1977    30-34   0.000772     0.001304     0.001043
   1977    35-39   0.001004     0.001947     0.001482
   1977    40-44   0.001373     0.002463     0.001922
   1977    45-49   0.002414     0.004616     0.003514
   1977    50-54   0.003700     0.006064     0.004822
   1977    55-59   0.005334     0.010791     0.007655
   1977    60-64   0.009575     0.014646     0.011838
   1977    65-69   0.016328     0.027873     0.021605
   1977    70-74   0.028598     0.046714     0.036790
   1977    75-79   0.055684     0.078149     0.065147
   1977    80-84   0.102981     0.140244     0.117190
   1977    85-89   0.168631     0.210908     0.182630
   1977    90-94   0.261899     0.287319     0.268517
   1977    95-99   0.352909     0.638575     0.420918
   1977   100-104  0.937500     0.461538     0.800000
   1977   105-109  1.500000     0.000000     0.857143
   1977   110+            .            .            .
   1978     0      0.008309     0.009981     0.009165
   1978     1-4    0.000756     0.000873     0.000816
   1978     5-9    0.000263     0.000452     0.000360
   1978    10-14   0.000213     0.000291     0.000253
   1978    15-19   0.000277     0.000991     0.000637
   1978    20-24   0.000435     0.000989     0.000707
   1978    25-29   0.000489     0.001167     0.000824
   1978    30-34   0.000629     0.001118     0.000878
   1978    35-39   0.000923     0.001861     0.001399
   1978    40-44   0.001605     0.002885     0.002250
   1978    45-49   0.002071     0.004433     0.003252
   1978    50-54   0.003170     0.006121     0.004607
   1978    55-59   0.005042     0.009226     0.006807
   1978    60-64   0.008574     0.015284     0.011548
   1978    65-69   0.015573     0.025762     0.020188
   1978    70-74   0.027751     0.047590     0.036732
   1978    75-79   0.049452     0.080717     0.062654
   1978    80-84   0.102265     0.133206     0.114130
   1978    85-89   0.175467     0.197958     0.182867
   1978    90-94   0.283025     0.305192     0.289051
   1978    95-99   0.413467     0.452261     0.421950
   1978   100-104  0.585366     1.090909     0.692308
   1978   105-109         .     0.000000     0.000000
   1978   110+            .            .            .
   1979     0      0.007425     0.010652     0.009086
   1979     1-4    0.000523     0.000687     0.000607
   1979     5-9    0.000270     0.000331     0.000301
   1979    10-14   0.000089     0.000169     0.000130
   1979    15-19   0.000347     0.000854     0.000603
   1979    20-24   0.000464     0.000885     0.000671
   1979    25-29   0.000519     0.001036     0.000775
   1979    30-34   0.000788     0.001233     0.001014
   1979    35-39   0.000899     0.001686     0.001299
   1979    40-44   0.001478     0.002876     0.002184
   1979    45-49   0.002101     0.004393     0.003247
   1979    50-54   0.003557     0.006123     0.004823
   1979    55-59   0.005101     0.007952     0.006315
   1979    60-64   0.008657     0.013395     0.010748
   1979    65-69   0.014951     0.024239     0.019115
   1979    70-74   0.028204     0.044669     0.035645
   1979    75-79   0.051008     0.075967     0.061563
   1979    80-84   0.093889     0.121472     0.104527
   1979    85-89   0.170485     0.181605     0.174183
   1979    90-94   0.261788     0.300927     0.272830
   1979    95-99   0.322488     0.562667     0.375033
   1979   100-104  0.601080     0.000000     0.462390
   1979   105-109         .     0.000000     0.000000
   1979   110+            .            .            .
   1980     0      0.006299     0.009188     0.007787
   1980     1-4    0.000471     0.000728     0.000602
   1980     5-9    0.000177     0.000315     0.000248
   1980    10-14   0.000247     0.000236     0.000241
   1980    15-19   0.000435     0.000820     0.000630
   1980    20-24   0.000433     0.000993     0.000708
   1980    25-29   0.000466     0.000932     0.000698
   1980    30-34   0.000656     0.001044     0.000853
   1980    35-39   0.000964     0.001763     0.001371
   1980    40-44   0.001556     0.002392     0.001979
   1980    45-49   0.002064     0.004054     0.003060
   1980    50-54   0.003320     0.005588     0.004445
   1980    55-59   0.005015     0.007816     0.006242
   1980    60-64   0.007079     0.013695     0.009970
   1980    65-69   0.014174     0.025502     0.019203
   1980    70-74   0.026111     0.042173     0.033344
   1980    75-79   0.049433     0.079919     0.062295
   1980    80-84   0.098432     0.122251     0.107684
   1980    85-89   0.166944     0.201730     0.178668
   1980    90-94   0.284808     0.268626     0.280047
   1980    95-99   0.303719     0.197759     0.280405
   1980   100-104  1.285714     0.000000     0.782609
   1980   105-109  0.000000     0.000000     0.000000
   1980   110+            .            .            .
   1981     0      0.006020     0.007699     0.006887
   1981     1-4    0.000639     0.000788     0.000715
   1981     5-9    0.000305     0.000342     0.000324
   1981    10-14   0.000139     0.000237     0.000189
   1981    15-19   0.000315     0.000923     0.000623
   1981    20-24   0.000411     0.000716     0.000561
   1981    25-29   0.000521     0.000867     0.000694
   1981    30-34   0.000717     0.001204     0.000964
   1981    35-39   0.000722     0.001340     0.001037
   1981    40-44   0.001485     0.002246     0.001871
   1981    45-49   0.001920     0.004120     0.003023
   1981    50-54   0.003241     0.005325     0.004276
   1981    55-59   0.004500     0.008373     0.006263
   1981    60-64   0.006691     0.013697     0.009689
   1981    65-69   0.013136     0.023955     0.017902
   1981    70-74   0.024696     0.041092     0.032022
   1981    75-79   0.050255     0.074499     0.060502
   1981    80-84   0.094076     0.122935     0.105347
   1981    85-89   0.164453     0.201130     0.176940
   1981    90-94   0.245104     0.301249     0.262237
   1981    95-99   0.446872     0.304675     0.412982
   1981   100-104  0.122449     0.620690     0.307692
   1981   105-109  0.000000     0.000000     0.000000
   1981   110+            .            .            .
   1982     0      0.007147     0.007481     0.007319
   1982     1-4    0.000489     0.000814     0.000656
   1982     5-9    0.000259     0.000299     0.000279
   1982    10-14   0.000147     0.000241     0.000195
   1982    15-19   0.000229     0.000657     0.000446
   1982    20-24   0.000504     0.001062     0.000781
   1982    25-29   0.000407     0.000686     0.000547
   1982    30-34   0.000514     0.001097     0.000808
   1982    35-39   0.000971     0.001488     0.001235
   1982    40-44   0.001477     0.002038     0.001762
   1982    45-49   0.002150     0.003649     0.002904
   1982    50-54   0.003282     0.005596     0.004432
   1982    55-59   0.004173     0.008208     0.006073
   1982    60-64   0.007089     0.013707     0.009860
   1982    65-69   0.013455     0.022675     0.017485
   1982    70-74   0.023246     0.042269     0.031645
   1982    75-79   0.044758     0.072292     0.056459
   1982    80-84   0.082107     0.125165     0.098852
   1982    85-89   0.150902     0.181264     0.161378
   1982    90-94   0.246766     0.275418     0.255412
   1982    95-99   0.406883     0.410234     0.407707
   1982   100-104  0.656250     0.545455     0.627907
   1982   105-109  1.500000     1.200000     1.333333
   1982   110+            .            .            .
   1983     0      0.005485     0.007553     0.006547
   1983     1-4    0.000304     0.000515     0.000413
   1983     5-9    0.000120     0.000270     0.000197
   1983    10-14   0.000168     0.000198     0.000183
   1983    15-19   0.000368     0.000827     0.000600
   1983    20-24   0.000459     0.000868     0.000663
   1983    25-29   0.000474     0.000649     0.000562
   1983    30-34   0.000604     0.000890     0.000748
   1983    35-39   0.000983     0.001576     0.001287
   1983    40-44   0.001185     0.002483     0.001846
   1983    45-49   0.001866     0.003738     0.002808
   1983    50-54   0.003078     0.006801     0.004929
   1983    55-59   0.004681     0.008478     0.006512
   1983    60-64   0.007814     0.012720     0.009852
   1983    65-69   0.012347     0.022281     0.016655
   1983    70-74   0.023218     0.039803     0.030476
   1983    75-79   0.044718     0.070760     0.055797
   1983    80-84   0.086088     0.126372     0.101735
   1983    85-89   0.147500     0.182279     0.159560
   1983    90-94   0.240339     0.263137     0.247149
   1983    95-99   0.401130     0.367406     0.392036
   1983   100-104  0.461538     0.800000     0.516129
   1983   105-109         .     3.000000     3.000000
   1983   110+            .            .            .
   1984     0      0.005903     0.006184     0.006047
   1984     1-4    0.000416     0.000450     0.000434
   1984     5-9    0.000097     0.000214     0.000157
   1984    10-14   0.000088     0.000266     0.000179
   1984    15-19   0.000279     0.000842     0.000565
   1984    20-24   0.000255     0.000884     0.000568
   1984    25-29   0.000487     0.000922     0.000707
   1984    30-34   0.000721     0.000897     0.000810
   1984    35-39   0.000905     0.001583     0.001252
   1984    40-44   0.001378     0.002361     0.001879
   1984    45-49   0.001938     0.003689     0.002821
   1984    50-54   0.002656     0.005933     0.004284
   1984    55-59   0.004509     0.008156     0.006290
   1984    60-64   0.007070     0.013387     0.009722
   1984    65-69   0.011850     0.021137     0.015853
   1984    70-74   0.020220     0.035737     0.026943
   1984    75-79   0.044794     0.072164     0.056428
   1984    80-84   0.082868     0.118835     0.096862
   1984    85-89   0.147875     0.171561     0.156069
   1984    90-94   0.248146     0.242528     0.246438
   1984    95-99   0.280098     0.393078     0.310928
   1984   100-104  0.539326     0.230769     0.469565
   1984   105-109  0.000000            .     0.000000
   1984   110+            .            .            .
   1985     0      0.004544     0.005685     0.005128
   1985     1-4    0.000339     0.000620     0.000484
   1985     5-9    0.000174     0.000221     0.000198
   1985    10-14   0.000062     0.000263     0.000165
   1985    15-19   0.000331     0.000824     0.000583
   1985    20-24   0.000324     0.001099     0.000708
   1985    25-29   0.000551     0.000706     0.000630
   1985    30-34   0.000503     0.000998     0.000753
   1985    35-39   0.000838     0.001490     0.001171
   1985    40-44   0.001474     0.002185     0.001837
   1985    45-49   0.002162     0.003812     0.002997
   1985    50-54   0.002891     0.005514     0.004195
   1985    55-59   0.004156     0.008617     0.006345
   1985    60-64   0.007027     0.013360     0.009759
   1985    65-69   0.011355     0.019890     0.014996
   1985    70-74   0.019949     0.033862     0.025913
   1985    75-79   0.039482     0.067788     0.051484
   1985    80-84   0.076433     0.115416     0.091523
   1985    85-89   0.151143     0.170009     0.157749
   1985    90-94   0.242341     0.299008     0.259805
   1985    95-99   0.322296     0.389471     0.340996
   1985   100-104  0.482143     0.615385     0.516556
   1985   105-109  0.000000            .     0.000000
   1985   110+            .            .            .
   1986     0      0.003930     0.005410     0.004690
   1986     1-4    0.000322     0.000387     0.000355
   1986     5-9    0.000181     0.000316     0.000250
   1986    10-14   0.000125     0.000133     0.000129
   1986    15-19   0.000329     0.000796     0.000567
   1986    20-24   0.000290     0.001048     0.000667
   1986    25-29   0.000424     0.000654     0.000541
   1986    30-34   0.000412     0.000929     0.000675
   1986    35-39   0.000742     0.001318     0.001035
   1986    40-44   0.001446     0.001931     0.001694
   1986    45-49   0.002015     0.003470     0.002752
   1986    50-54   0.002388     0.005557     0.003966
   1986    55-59   0.003792     0.008137     0.005927
   1986    60-64   0.006181     0.011888     0.008738
   1986    65-69   0.009554     0.021018     0.014344
   1986    70-74   0.020641     0.034605     0.026585
   1986    75-79   0.035892     0.063763     0.047599
   1986    80-84   0.074647     0.111076     0.088770
   1986    85-89   0.140176     0.177789     0.153308
   1986    90-94   0.226432     0.283686     0.243580
   1986    95-99   0.306977     0.290913     0.302293
   1986   100-104  0.580645     0.620690     0.588235
   1986   105-109  1.200000            .     1.200000
   1986   110+            .            .            .
   1987     0      0.004042     0.004864     0.004467
   1987     1-4    0.000526     0.000626     0.000577
   1987     5-9    0.000172     0.000251     0.000213
   1987    10-14   0.000090     0.000123     0.000107
   1987    15-19   0.000195     0.000751     0.000478
   1987    20-24   0.000336     0.000936     0.000636
   1987    25-29   0.000391     0.000540     0.000466
   1987    30-34   0.000434     0.001012     0.000729
   1987    35-39   0.000752     0.001453     0.001108
   1987    40-44   0.001135     0.001976     0.001566
   1987    45-49   0.001711     0.003147     0.002440
   1987    50-54   0.003266     0.005591     0.004428
   1987    55-59   0.003715     0.008172     0.005906
   1987    60-64   0.006294     0.012580     0.009210
   1987    65-69   0.010272     0.019408     0.014011
   1987    70-74   0.020646     0.032612     0.025708
   1987    75-79   0.034256     0.060459     0.045139
   1987    80-84   0.073588     0.107287     0.086710
   1987    85-89   0.129255     0.169432     0.143197
   1987    90-94   0.205839     0.297133     0.232753
   1987    95-99   0.311723     0.363006     0.326529
   1987   100-104  0.478261     1.090909     0.562500
   1987   105-109  3.000000            .     3.000000
   1987   110+            .            .            .
   1988     0      0.004312     0.006002     0.005183
   1988     1-4    0.000384     0.000492     0.000439
   1988     5-9    0.000080     0.000320     0.000204
   1988    10-14   0.000252     0.000191     0.000221
   1988    15-19   0.000219     0.000782     0.000505
   1988    20-24   0.000306     0.000804     0.000557
   1988    25-29   0.000411     0.000700     0.000557
   1988    30-34   0.000355     0.000897     0.000633
   1988    35-39   0.000889     0.001322     0.001108
   1988    40-44   0.001098     0.001858     0.001488
   1988    45-49   0.001698     0.003320     0.002523
   1988    50-54   0.002971     0.005644     0.004310
   1988    55-59   0.004325     0.008570     0.006415
   1988    60-64   0.005922     0.012376     0.008989
   1988    65-69   0.009510     0.019449     0.013550
   1988    70-74   0.018354     0.034784     0.025253
   1988    75-79   0.036715     0.057023     0.045093
   1988    80-84   0.073026     0.110667     0.087687
   1988    85-89   0.133158     0.178429     0.148869
   1988    90-94   0.223877     0.275526     0.239001
   1988    95-99   0.340622     0.363267     0.346717
   1988   100-104  0.411429     0.631579     0.450704
   1988   105-109         .            .            .
   1988   110+            .            .            .
   1989     0      0.004388     0.004734     0.004566
   1989     1-4    0.000443     0.000485     0.000464
   1989     5-9    0.000115     0.000140     0.000128
   1989    10-14   0.000138     0.000159     0.000149
   1989    15-19   0.000228     0.000828     0.000533
   1989    20-24   0.000415     0.001046     0.000733
   1989    25-29   0.000339     0.000752     0.000548
   1989    30-34   0.000594     0.000664     0.000630
   1989    35-39   0.000741     0.001091     0.000918
   1989    40-44   0.000888     0.001795     0.001353
   1989    45-49   0.001817     0.003248     0.002546
   1989    50-54   0.002742     0.004699     0.003725
   1989    55-59   0.003847     0.007900     0.005844
   1989    60-64   0.005806     0.012157     0.008864
   1989    65-69   0.009659     0.018417     0.013260
   1989    70-74   0.017510     0.034160     0.024450
   1989    75-79   0.035734     0.055365     0.043790
   1989    80-84   0.062341     0.096148     0.075513
   1989    85-89   0.124029     0.161763     0.137150
   1989    90-94   0.207347     0.239934     0.216934
   1989    95-99   0.336538     0.392259     0.351587
   1989   100-104  0.563536     0.857143     0.618834
   1989   105-109         .            .            .
   1989   110+            .            .            .
   1990     0      0.003566     0.005822     0.004729
   1990     1-4    0.000312     0.000614     0.000467
   1990     5-9    0.000051     0.000191     0.000123
   1990    10-14   0.000129     0.000165     0.000147
   1990    15-19   0.000262     0.000404     0.000334
   1990    20-24   0.000282     0.000835     0.000560
   1990    25-29   0.000315     0.000682     0.000501
   1990    30-34   0.000680     0.001028     0.000858
   1990    35-39   0.000704     0.001246     0.000979
   1990    40-44   0.000956     0.001617     0.001295
   1990    45-49   0.001638     0.003436     0.002556
   1990    50-54   0.002655     0.004833     0.003753
   1990    55-59   0.003490     0.007306     0.005372
   1990    60-64   0.005645     0.012152     0.008794
   1990    65-69   0.009753     0.018277     0.013361
   1990    70-74   0.016862     0.034372     0.024071
   1990    75-79   0.033240     0.055743     0.042413
   1990    80-84   0.059865     0.097798     0.074619
   1990    85-89   0.128476     0.179882     0.146207
   1990    90-94   0.231906     0.254371     0.238592
   1990    95-99   0.349321     0.407164     0.364825
   1990   100-104  0.551724     0.413793     0.517241
   1990   105-109  6.000000            .     6.000000
   1990   110+            .            .            .
   1991     0      0.003709     0.005536     0.004646
   1991     1-4    0.000297     0.000280     0.000288
   1991     5-9    0.000103     0.000212     0.000159
   1991    10-14   0.000150     0.000128     0.000139
   1991    15-19   0.000301     0.000644     0.000475
   1991    20-24   0.000207     0.000908     0.000561
   1991    25-29   0.000420     0.000764     0.000595
   1991    30-34   0.000522     0.000889     0.000709
   1991    35-39   0.000641     0.000826     0.000735
   1991    40-44   0.001014     0.001934     0.001484
   1991    45-49   0.001877     0.002970     0.002436
   1991    50-54   0.002706     0.004326     0.003524
   1991    55-59   0.003864     0.007888     0.005854
   1991    60-64   0.005514     0.011843     0.008583
   1991    65-69   0.009164     0.019757     0.013819
   1991    70-74   0.015686     0.033162     0.022717
   1991    75-79   0.031142     0.057453     0.041780
   1991    80-84   0.061663     0.096616     0.075184
   1991    85-89   0.121781     0.168546     0.137778
   1991    90-94   0.205225     0.274721     0.225973
   1991    95-99   0.329948     0.270214     0.314770
   1991   100-104  0.679245     0.571429     0.641975
   1991   105-109         .            .            .
   1991   110+            .            .            .
   1992     0      0.003537     0.005359     0.004469
   1992     1-4    0.000480     0.000526     0.000504
   1992     5-9    0.000211     0.000250     0.000231
   1992    10-14   0.000093     0.000191     0.000143
   1992    15-19   0.000365     0.000612     0.000491
   1992    20-24   0.000303     0.000740     0.000525
   1992    25-29   0.000330     0.000723     0.000530
   1992    30-34   0.000386     0.000810     0.000602
   1992    35-39   0.000767     0.001203     0.000990
   1992    40-44   0.001061     0.001662     0.001366
   1992    45-49   0.001652     0.002831     0.002255
   1992    50-54   0.002393     0.004788     0.003604
   1992    55-59   0.003459     0.007798     0.005610
   1992    60-64   0.005352     0.011902     0.008530
   1992    65-69   0.009313     0.018913     0.013673
   1992    70-74   0.015148     0.030242     0.021100
   1992    75-79   0.031832     0.054537     0.040922
   1992    80-84   0.062923     0.097281     0.076172
   1992    85-89   0.118444     0.163906     0.133892
   1992    90-94   0.200027     0.244090     0.213149
   1992    95-99   0.315476     0.409059     0.338446
   1992   100-104  0.537417     0.769231     0.604880
   1992   105-109         .            .            .
   1992   110+            .            .            .
   1993     0      0.003796     0.005034     0.004430
   1993     1-4    0.000307     0.000511     0.000412
   1993     5-9    0.000163     0.000154     0.000158
   1993    10-14   0.000175     0.000332     0.000256
   1993    15-19   0.000170     0.000739     0.000460
   1993    20-24   0.000380     0.000766     0.000576
   1993    25-29   0.000336     0.000797     0.000570
   1993    30-34   0.000491     0.000830     0.000664
   1993    35-39   0.000735     0.000902     0.000821
   1993    40-44   0.001165     0.001600     0.001386
   1993    45-49   0.001450     0.002872     0.002178
   1993    50-54   0.002204     0.004717     0.003476
   1993    55-59   0.004048     0.008540     0.006278
   1993    60-64   0.004928     0.012561     0.008635
   1993    65-69   0.008941     0.019102     0.013666
   1993    70-74   0.016352     0.029912     0.021671
   1993    75-79   0.030304     0.054639     0.039949
   1993    80-84   0.060777     0.097658     0.074948
   1993    85-89   0.110307     0.158422     0.126659
   1993    90-94   0.194572     0.254132     0.212130
   1993    95-99   0.271982     0.340917     0.289226
   1993   100-104  0.373444     0.545455     0.415094
   1993   105-109         .            .            .
   1993   110+            .            .            .
   1994     0      0.003254     0.005895     0.004607
   1994     1-4    0.000286     0.000445     0.000368
   1994     5-9    0.000149     0.000299     0.000226
   1994    10-14   0.000098     0.000201     0.000151
   1994    15-19   0.000341     0.000539     0.000442
   1994    20-24   0.000272     0.000833     0.000557
   1994    25-29   0.000310     0.000917     0.000620
   1994    30-34   0.000316     0.000743     0.000534
   1994    35-39   0.000784     0.001079     0.000936
   1994    40-44   0.000958     0.001934     0.001453
   1994    45-49   0.001361     0.002791     0.002093
   1994    50-54   0.002182     0.004694     0.003454
   1994    55-59   0.004393     0.006829     0.005605
   1994    60-64   0.005442     0.012115     0.008682
   1994    65-69   0.008555     0.019785     0.013842
   1994    70-74   0.015517     0.028242     0.020575
   1994    75-79   0.028859     0.055241     0.039233
   1994    80-84   0.056495     0.093451     0.070520
   1994    85-89   0.105203     0.158815     0.123455
   1994    90-94   0.192715     0.246089     0.208216
   1994    95-99   0.272281     0.347335     0.291017
   1994   100-104  0.409091     0.375000     0.402062
   1994   105-109  0.000000            .     0.000000
   1994   110+            .            .            .
   1995     0      0.003841     0.005455     0.004667
   1995     1-4    0.000287     0.000448     0.000370
   1995     5-9    0.000173     0.000127     0.000149
   1995    10-14   0.000083     0.000079     0.000081
   1995    15-19   0.000244     0.000465     0.000357
   1995    20-24   0.000316     0.000964     0.000645
   1995    25-29   0.000209     0.000739     0.000480
   1995    30-34   0.000619     0.000531     0.000574
   1995    35-39   0.000537     0.001064     0.000807
   1995    40-44   0.001017     0.001726     0.001378
   1995    45-49   0.001676     0.002946     0.002325
   1995    50-54   0.002176     0.005074     0.003645
   1995    55-59   0.003703     0.008039     0.005865
   1995    60-64   0.005358     0.012406     0.008781
   1995    65-69   0.009054     0.019209     0.013858
   1995    70-74   0.015033     0.029476     0.020943
   1995    75-79   0.029276     0.052129     0.038157
   1995    80-84   0.058959     0.096811     0.073127
   1995    85-89   0.107742     0.163275     0.126564
   1995    90-94   0.179588     0.253168     0.200598
   1995    95-99   0.309691     0.343474     0.317888
   1995   100-104  0.407311     0.702128     0.465409
   1995   105-109  0.857143     0.000000     0.600000
   1995   110+            .            .            .
   1996     0      0.002853     0.004375     0.003629
   1996     1-4    0.000365     0.000422     0.000394
   1996     5-9    0.000177     0.000149     0.000162
   1996    10-14   0.000154     0.000146     0.000150
   1996    15-19   0.000189     0.000584     0.000392
   1996    20-24   0.000204     0.000566     0.000388
   1996    25-29   0.000399     0.000526     0.000464
   1996    30-34   0.000533     0.000932     0.000737
   1996    35-39   0.000550     0.001272     0.000919
   1996    40-44   0.000841     0.001847     0.001354
   1996    45-49   0.001509     0.002700     0.002116
   1996    50-54   0.002074     0.004457     0.003283
   1996    55-59   0.003107     0.007413     0.005258
   1996    60-64   0.005349     0.011847     0.008512
   1996    65-69   0.008280     0.017641     0.012720
   1996    70-74   0.014098     0.028680     0.020292
   1996    75-79   0.027497     0.049540     0.035891
   1996    80-84   0.048815     0.086255     0.062679
   1996    85-89   0.102522     0.142071     0.115938
   1996    90-94   0.177484     0.237251     0.194058
   1996    95-99   0.301040     0.360256     0.315304
   1996   100-104  0.410596     0.391304     0.407339
   1996   105-109  1.200000     0.000000     0.428571
   1996   110+            .            .            .
   1997     0      0.002301     0.003797     0.003067
   1997     1-4    0.000340     0.000175     0.000255
   1997     5-9    0.000060     0.000095     0.000078
   1997    10-14   0.000105     0.000099     0.000102
   1997    15-19   0.000198     0.000486     0.000346
   1997    20-24   0.000267     0.000790     0.000533
   1997    25-29   0.000327     0.000820     0.000580
   1997    30-34   0.000357     0.000899     0.000634
   1997    35-39   0.000538     0.001147     0.000849
   1997    40-44   0.001021     0.001422     0.001226
   1997    45-49   0.001432     0.002654     0.002053
   1997    50-54   0.002327     0.004492     0.003427
   1997    55-59   0.003279     0.007097     0.005190
   1997    60-64   0.005362     0.011669     0.008443
   1997    65-69   0.007646     0.017324     0.012242
   1997    70-74   0.012595     0.028946     0.019778
   1997    75-79   0.025554     0.049250     0.034399
   1997    80-84   0.049682     0.084857     0.062549
   1997    85-89   0.092964     0.140232     0.109036
   1997    90-94   0.171786     0.248171     0.192697
   1997    95-99   0.266632     0.286788     0.271542
   1997   100-104  0.407547     0.451613     0.414125
   1997   105-109  0.545455     0.600000     0.571429
   1997   110+            .            .            .
   1998     0      0.003802     0.004149     0.003979
   1998     1-4    0.000495     0.000598     0.000548
   1998     5-9    0.000183     0.000212     0.000198
   1998    10-14   0.000072     0.000170     0.000122
   1998    15-19   0.000327     0.000574     0.000453
   1998    20-24   0.000322     0.000915     0.000624
   1998    25-29   0.000435     0.000774     0.000609
   1998    30-34   0.000430     0.000807     0.000623
   1998    35-39   0.000694     0.000884     0.000792
   1998    40-44   0.000826     0.001886     0.001369
   1998    45-49   0.001472     0.002938     0.002215
   1998    50-54   0.002412     0.004613     0.003532
   1998    55-59   0.003161     0.007203     0.005185
   1998    60-64   0.004492     0.011322     0.007836
   1998    65-69   0.008219     0.019443     0.013555
   1998    70-74   0.012962     0.029974     0.020612
   1998    75-79   0.025031     0.048697     0.033816
   1998    80-84   0.049429     0.085486     0.062449
   1998    85-89   0.092697     0.143872     0.109907
   1998    90-94   0.162895     0.236939     0.183371
   1998    95-99   0.267956     0.292502     0.273877
   1998   100-104  0.281392     0.322083     0.288878
   1998   105-109  1.058824     0.000000     0.692308
   1998   110+            .            .            .
   1999     0      0.003097     0.004678     0.003907
   1999     1-4    0.000313     0.000300     0.000306
   1999     5-9    0.000041     0.000098     0.000070
   1999    10-14   0.000129     0.000104     0.000117
   1999    15-19   0.000159     0.000622     0.000396
   1999    20-24   0.000209     0.000713     0.000466
   1999    25-29   0.000213     0.000786     0.000507
   1999    30-34   0.000306     0.000875     0.000598
   1999    35-39   0.000521     0.000870     0.000699
   1999    40-44   0.000975     0.001833     0.001415
   1999    45-49   0.001517     0.003025     0.002280
   1999    50-54   0.002482     0.004747     0.003636
   1999    55-59   0.003047     0.007313     0.005184
   1999    60-64   0.005201     0.010936     0.008016
   1999    65-69   0.007776     0.018415     0.012836
   1999    70-74   0.013110     0.030093     0.020846
   1999    75-79   0.026773     0.050548     0.035706
   1999    80-84   0.049507     0.087015     0.062973
   1999    85-89   0.098295     0.148151     0.114759
   1999    90-94   0.174093     0.239197     0.192300
   1999    95-99   0.288755     0.348934     0.302613
   1999   100-104  0.419476     0.408648     0.417391
   1999   105-109  0.461538     1.714286     0.727273
   1999   110+            .            .            .
   2000     0      0.003244     0.003179     0.003211
   2000     1-4    0.000210     0.000328     0.000270
   2000     5-9    0.000103     0.000078     0.000091
   2000    10-14   0.000038     0.000108     0.000074
   2000    15-19   0.000266     0.000558     0.000416
   2000    20-24   0.000274     0.000823     0.000554
   2000    25-29   0.000269     0.000710     0.000495
   2000    30-34   0.000413     0.000796     0.000610
   2000    35-39   0.000749     0.001313     0.001037
   2000    40-44   0.000887     0.001523     0.001213
   2000    45-49   0.001777     0.002626     0.002208
   2000    50-54   0.002002     0.004294     0.003168
   2000    55-59   0.003312     0.007167     0.005247
   2000    60-64   0.004711     0.010990     0.007801
   2000    65-69   0.007588     0.018050     0.012567
   2000    70-74   0.013085     0.029231     0.020481
   2000    75-79   0.023328     0.046269     0.032205
   2000    80-84   0.046753     0.083783     0.059886
   2000    85-89   0.084153     0.137916     0.101638
   2000    90-94   0.149700     0.209099     0.166365
   2000    95-99   0.254944     0.262051     0.256547
   2000   100-104  0.395760     0.414747     0.399625
   2000   105-109  0.514286     1.200000     0.600000
   2000   110+            .            .            .
   2001     0      0.002796     0.003190     0.002998
   2001     1-4    0.000185     0.000329     0.000259
   2001     5-9    0.000083     0.000177     0.000131
   2001    10-14   0.000079     0.000185     0.000133
   2001    15-19   0.000180     0.000549     0.000369
   2001    20-24   0.000291     0.000812     0.000558
   2001    25-29   0.000385     0.000745     0.000570
   2001    30-34   0.000440     0.000730     0.000590
   2001    35-39   0.000462     0.001187     0.000832
   2001    40-44   0.000925     0.001514     0.001226
   2001    45-49   0.001310     0.002693     0.002014
   2001    50-54   0.002738     0.004778     0.003772
   2001    55-59   0.003033     0.007143     0.005099
   2001    60-64   0.004692     0.010365     0.007490
   2001    65-69   0.007109     0.016898     0.011781
   2001    70-74   0.012016     0.027694     0.019215
   2001    75-79   0.020942     0.043548     0.030030
   2001    80-84   0.044581     0.077099     0.055796
   2001    85-89   0.083483     0.128558     0.097981
   2001    90-94   0.152984     0.211860     0.169615
   2001    95-99   0.241345     0.286682     0.251266
   2001   100-104  0.326824     0.530903     0.365295
   2001   105-109  0.300000     0.000000     0.272727
   2001   110+            .            .            .
   2002     0      0.002717     0.004352     0.003554
   2002     1-4    0.000240     0.000254     0.000247
   2002     5-9    0.000021     0.000138     0.000081
   2002    10-14   0.000120     0.000151     0.000136
   2002    15-19   0.000204     0.000531     0.000372
   2002    20-24   0.000317     0.000690     0.000508
   2002    25-29   0.000368     0.000602     0.000488
   2002    30-34   0.000471     0.000720     0.000599
   2002    35-39   0.000746     0.001007     0.000879
   2002    40-44   0.000971     0.001782     0.001386
   2002    45-49   0.001423     0.002760     0.002106
   2002    50-54   0.002119     0.005037     0.003592
   2002    55-59   0.003078     0.006901     0.005002
   2002    60-64   0.004718     0.010787     0.007719
   2002    65-69   0.006637     0.016042     0.011143
   2002    70-74   0.012152     0.026456     0.018728
   2002    75-79   0.020114     0.043000     0.029636
   2002    80-84   0.042218     0.077362     0.054024
   2002    85-89   0.081303     0.129905     0.096754
   2002    90-94   0.145785     0.206505     0.162931
   2002    95-99   0.251687     0.310280     0.264302
   2002   100-104  0.396867     0.341189     0.385366
   2002   105-109  0.155844     0.000000     0.139535
   2002   110+            .            .            .
   2003     0      0.004029     0.003276     0.003641
   2003     1-4    0.000188     0.000153     0.000170
   2003     5-9    0.000124     0.000099     0.000112
   2003    10-14   0.000061     0.000038     0.000049
   2003    15-19   0.000213     0.000423     0.000320
   2003    20-24   0.000341     0.000540     0.000443
   2003    25-29   0.000368     0.000673     0.000525
   2003    30-34   0.000317     0.001020     0.000680
   2003    35-39   0.000625     0.001320     0.000981
   2003    40-44   0.000834     0.001905     0.001382
   2003    45-49   0.001403     0.002516     0.001973
   2003    50-54   0.002145     0.004579     0.003370
   2003    55-59   0.002857     0.006847     0.004869
   2003    60-64   0.004080     0.009952     0.006986
   2003    65-69   0.007861     0.017570     0.012523
   2003    70-74   0.011557     0.026599     0.018483
   2003    75-79   0.020304     0.040978     0.029131
   2003    80-84   0.038551     0.077048     0.051465
   2003    85-89   0.081589     0.135358     0.098415
   2003    90-94   0.144575     0.215650     0.164359
   2003    95-99   0.229177     0.302649     0.245010
   2003   100-104  0.361070     0.539433     0.397472
   2003   105-109  0.666667     1.000000     0.709677
   2003   110+     0.000000            .     0.000000
   2004     0      0.002651     0.002705     0.002679
   2004     1-4    0.000271     0.000259     0.000265
   2004     5-9    0.000083     0.000239     0.000163
   2004    10-14   0.000062     0.000156     0.000110
   2004    15-19   0.000159     0.000415     0.000290
   2004    20-24   0.000254     0.000667     0.000466
   2004    25-29   0.000322     0.000642     0.000486
   2004    30-34   0.000270     0.000882     0.000586
   2004    35-39   0.000642     0.001191     0.000924
   2004    40-44   0.000626     0.001814     0.001232
   2004    45-49   0.000834     0.002667     0.001771
   2004    50-54   0.002094     0.004082     0.003094
   2004    55-59   0.003189     0.006521     0.004870
   2004    60-64   0.004633     0.009975     0.007279
   2004    65-69   0.006821     0.015884     0.011186
   2004    70-74   0.011474     0.026799     0.018540
   2004    75-79   0.019985     0.043797     0.030296
   2004    80-84   0.041301     0.072750     0.052034
   2004    85-89   0.077221     0.120434     0.090646
   2004    90-94   0.144444     0.213382     0.163196
   2004    95-99   0.235595     0.327629     0.255540
   2004   100-104  0.420336     0.472649     0.429788
   2004   105-109  0.600000     2.250000     0.769231
   2004   110+     3.000000            .     3.000000
   2005     0      0.003243     0.003161     0.003201
   2005     1-4    0.000221     0.000185     0.000203
   2005     5-9    0.000042     0.000100     0.000072
   2005    10-14   0.000062     0.000079     0.000071
   2005    15-19   0.000324     0.000422     0.000374
   2005    20-24   0.000264     0.000639     0.000456
   2005    25-29   0.000271     0.000764     0.000525
   2005    30-34   0.000493     0.000731     0.000616
   2005    35-39   0.000633     0.001247     0.000949
   2005    40-44   0.001059     0.001996     0.001537
   2005    45-49   0.001431     0.002382     0.001916
   2005    50-54   0.001763     0.004468     0.003126
   2005    55-59   0.003020     0.006616     0.004830
   2005    60-64   0.004830     0.010463     0.007625
   2005    65-69   0.007373     0.016011     0.011547
   2005    70-74   0.012390     0.027059     0.019163
   2005    75-79   0.021701     0.044693     0.031717
   2005    80-84   0.041690     0.074868     0.053408
   2005    85-89   0.080396     0.134675     0.097077
   2005    90-94   0.144932     0.214167     0.163375
   2005    95-99   0.252259     0.325861     0.268185
   2005   100-104  0.387738     0.482371     0.402447
   2005   105-109  0.545455     0.000000     0.461538
   2005   110+            .            .            .
   2006     0      0.002199     0.002555     0.002381
   2006     1-4    0.000285     0.000271     0.000277
   2006     5-9    0.000042     0.000101     0.000072
   2006    10-14   0.000041     0.000079     0.000061
   2006    15-19   0.000228     0.000411     0.000322
   2006    20-24   0.000333     0.000798     0.000571
   2006    25-29   0.000283     0.000860     0.000582
   2006    30-34   0.000399     0.000914     0.000664
   2006    35-39   0.000653     0.001087     0.000876
   2006    40-44   0.000963     0.001724     0.001351
   2006    45-49   0.001208     0.002543     0.001889
   2006    50-54   0.001964     0.004044     0.003015
   2006    55-59   0.003192     0.006516     0.004861
   2006    60-64   0.004648     0.010321     0.007466
   2006    65-69   0.006069     0.014027     0.009930
   2006    70-74   0.011241     0.024877     0.017557
   2006    75-79   0.020745     0.043664     0.030752
   2006    80-84   0.037406     0.071874     0.050137
   2006    85-89   0.073929     0.123237     0.088638
   2006    90-94   0.139650     0.200645     0.155672
   2006    95-99   0.235892     0.308812     0.251761
   2006   100-104  0.363122     0.537428     0.387960
   2006   105-109  0.409091     0.705882     0.457143
   2006   110+            .            .            .
   2007     0      0.002296     0.002560     0.002431
   2007     1-4    0.000264     0.000278     0.000271
   2007     5-9    0.000085     0.000081     0.000083
   2007    10-14   0.000062     0.000020     0.000040
   2007    15-19   0.000234     0.000464     0.000352
   2007    20-24   0.000380     0.000585     0.000485
   2007    25-29   0.000389     0.000620     0.000509
   2007    30-34   0.000440     0.000938     0.000697
   2007    35-39   0.000691     0.001130     0.000918
   2007    40-44   0.000866     0.001516     0.001199
   2007    45-49   0.001394     0.002095     0.001752
   2007    50-54   0.002126     0.003544     0.002846
   2007    55-59   0.002736     0.006889     0.004814
   2007    60-64   0.003944     0.009984     0.006949
   2007    65-69   0.005768     0.015418     0.010464
   2007    70-74   0.011191     0.025383     0.017790
   2007    75-79   0.019138     0.042892     0.029513
   2007    80-84   0.036100     0.071158     0.049529
   2007    85-89   0.072996     0.124132     0.087838
   2007    90-94   0.143428     0.196716     0.157325
   2007    95-99   0.239064     0.306869     0.253506
   2007   100-104  0.342134     0.414197     0.353420
   2007   105-109  0.566038     0.315789     0.528000
   2007   110+            .            .            .
   2008     0      0.002562     0.002086     0.002318
   2008     1-4    0.000119     0.000170     0.000145
   2008     5-9    0.000043     0.000082     0.000063
   2008    10-14   0.000083     0.000040     0.000061
   2008    15-19   0.000284     0.000415     0.000351
   2008    20-24   0.000411     0.000551     0.000483
   2008    25-29   0.000269     0.000697     0.000491
   2008    30-34   0.000444     0.000761     0.000607
   2008    35-39   0.000605     0.000971     0.000794
   2008    40-44   0.001039     0.001413     0.001231
   2008    45-49   0.001136     0.002519     0.001842
   2008    50-54   0.001960     0.003990     0.002993
   2008    55-59   0.002729     0.006210     0.004468
   2008    60-64   0.004259     0.009523     0.006885
   2008    65-69   0.005854     0.014131     0.009886
   2008    70-74   0.010779     0.025258     0.017528
   2008    75-79   0.019156     0.040600     0.028538
   2008    80-84   0.035722     0.073450     0.050524
   2008    85-89   0.071626     0.127236     0.087719
   2008    90-94   0.138759     0.217100     0.158818
   2008    95-99   0.226795     0.308452     0.243743
   2008   100-104  0.335183     0.538827     0.366855
   2008   105-109  0.478261     0.571429     0.490566
   2008   110+            .            .            .
   2009     0      0.001626     0.003624     0.002659
   2009     1-4    0.000121     0.000144     0.000133
   2009     5-9    0.000109     0.000084     0.000096
   2009    10-14   0.000042     0.000060     0.000051
   2009    15-19   0.000088     0.000419     0.000258
   2009    20-24   0.000379     0.000712     0.000551
   2009    25-29   0.000437     0.000774     0.000612
   2009    30-34   0.000562     0.000660     0.000613
   2009    35-39   0.000736     0.001167     0.000959
   2009    40-44   0.000869     0.001794     0.001345
   2009    45-49   0.000998     0.002453     0.001741
   2009    50-54   0.001926     0.004024     0.002994
   2009    55-59   0.002779     0.006499     0.004638
   2009    60-64   0.004519     0.009261     0.006887
   2009    65-69   0.006633     0.014668     0.010551
   2009    70-74   0.010460     0.022525     0.016107
   2009    75-79   0.018453     0.041506     0.028561
   2009    80-84   0.034867     0.070471     0.049015
   2009    85-89   0.069373     0.124200     0.085539
   2009    90-94   0.139988     0.207680     0.157044
   2009    95-99   0.229391     0.313899     0.246553
   2009   100-104  0.422525     0.510927     0.436012
   2009   105-109  0.795181     0.800000     0.795580
   2009   110+     6.000000            .     6.000000
   2010     0      0.002224     0.002196     0.002209
   2010     1-4    0.000185     0.000292     0.000240
   2010     5-9    0.000089     0.000170     0.000131
   2010    10-14   0.000063     0.000161     0.000113
   2010    15-19   0.000175     0.000352     0.000265
   2010    20-24   0.000443     0.000811     0.000633
   2010    25-29   0.000286     0.000757     0.000530
   2010    30-34   0.000236     0.000939     0.000601
   2010    35-39   0.000521     0.001186     0.000865
   2010    40-44   0.000936     0.001356     0.001153
   2010    45-49   0.001185     0.002342     0.001776
   2010    50-54   0.002034     0.003887     0.002978
   2010    55-59   0.002907     0.006076     0.004494
   2010    60-64   0.004257     0.009526     0.006886
   2010    65-69   0.006171     0.014598     0.010287
   2010    70-74   0.010829     0.022690     0.016410
   2010    75-79   0.019191     0.041348     0.028927
   2010    80-84   0.035235     0.069547     0.048953
   2010    85-89   0.076160     0.122147     0.090204
   2010    90-94   0.143374     0.215985     0.161387
   2010    95-99   0.252688     0.352297     0.272661
   2010   100-104  0.360440     0.460326     0.376395
   2010   105-109  0.590164     0.600000     0.590674
   2010   110+            .            .            .
   2011     0      0.002511     0.001749     0.002119
   2011     1-4    0.000315     0.000148     0.000229
   2011     5-9    0.000069     0.000153     0.000112
   2011    10-14   0.000022     0.000142     0.000083
   2011    15-19   0.000022     0.000328     0.000179
   2011    20-24   0.000290     0.000679     0.000491
   2011    25-29   0.000272     0.000700     0.000494
   2011    30-34   0.000371     0.000621     0.000501
   2011    35-39   0.000568     0.000971     0.000776
   2011    40-44   0.001187     0.001583     0.001392
   2011    45-49   0.001434     0.002435     0.001946
   2011    50-54   0.001792     0.003341     0.002581
   2011    55-59   0.002819     0.005851     0.004344
   2011    60-64   0.004454     0.009308     0.006870
   2011    65-69   0.006399     0.014480     0.010355
   2011    70-74   0.009818     0.023520     0.016297
   2011    75-79   0.017448     0.040849     0.027772
   2011    80-84   0.035248     0.073180     0.050419
   2011    85-89   0.074682     0.127303     0.091569
   2011    90-94   0.141662     0.218695     0.159980
   2011    95-99   0.251087     0.311373     0.263143
   2011   100-104  0.419873     0.499568     0.431458
   2011   105-109  0.523358     0.375000     0.512108
   2011   110+            .            .            .
   2012     0      0.002957     0.002976     0.002967
   2012     1-4    0.000224     0.000120     0.000170
   2012     5-9    0.000094     0.000067     0.000080
   2012    10-14   0.000021     0.000102     0.000062
   2012    15-19   0.000131     0.000412     0.000276
   2012    20-24   0.000267     0.000723     0.000503
   2012    25-29   0.000194     0.000737     0.000476
   2012    30-34   0.000387     0.000747     0.000575
   2012    35-39   0.000423     0.000778     0.000607
   2012    40-44   0.000720     0.001565     0.001157
   2012    45-49   0.001262     0.002758     0.002028
   2012    50-54   0.001825     0.003417     0.002636
   2012    55-59   0.002746     0.005728     0.004251
   2012    60-64   0.003974     0.009031     0.006486
   2012    65-69   0.005892     0.014496     0.010115
   2012    70-74   0.009670     0.022493     0.015757
   2012    75-79   0.018146     0.038782     0.027311
   2012    80-84   0.034733     0.071151     0.049288
   2012    85-89   0.073283     0.125482     0.090651
   2012    90-94   0.145215     0.213892     0.161039
   2012    95-99   0.244165     0.303291     0.255963
   2012   100-104  0.425519     0.573517     0.444340
   2012   105-109  0.686567     0.444444     0.657895
   2012   110+     0.000000            .     0.000000
   2013     0      0.001792     0.002944     0.002377
   2013     1-4    0.000033     0.000308     0.000174
   2013     5-9    0.000096     0.000114     0.000105
   2013    10-14   0.000064     0.000143     0.000105
   2013    15-19   0.000088     0.000312     0.000203
   2013    20-24   0.000170     0.000562     0.000374
   2013    25-29   0.000334     0.000715     0.000532
   2013    30-34   0.000344     0.000671     0.000514
   2013    35-39   0.000700     0.001009     0.000860
   2013    40-44   0.000776     0.001507     0.001154
   2013    45-49   0.001343     0.002115     0.001739
   2013    50-54   0.001953     0.003458     0.002721
   2013    55-59   0.002899     0.005197     0.004062
   2013    60-64   0.004172     0.009255     0.006692
   2013    65-69   0.005807     0.014431     0.010055
   2013    70-74   0.009522     0.021374     0.015161
   2013    75-79   0.018199     0.039773     0.027838
   2013    80-84   0.036261     0.071919     0.050541
   2013    85-89   0.070538     0.124204     0.088808
   2013    90-94   0.137745     0.214332     0.155496
   2013    95-99   0.256161     0.323422     0.269140
   2013   100-104  0.386748     0.521757     0.404009
   2013   105-109  0.619835     0.150000     0.553191
   2013   110+     1.500000            .     1.500000
   2014     0      0.001278     0.001354     0.001317
   2014     1-4    0.000200     0.000128     0.000163
   2014     5-9    0.000049     0.000115     0.000083
   2014    10-14   0.000087     0.000083     0.000085
   2014    15-19   0.000088     0.000334     0.000214
   2014    20-24   0.000246     0.000474     0.000365
   2014    25-29   0.000366     0.000730     0.000557
   2014    30-34   0.000354     0.000509     0.000435
   2014    35-39   0.000574     0.000862     0.000723
   2014    40-44   0.000721     0.001271     0.001005
   2014    45-49   0.001326     0.002247     0.001800
   2014    50-54   0.001621     0.003671     0.002666
   2014    55-59   0.002022     0.005922     0.003998
   2014    60-64   0.003785     0.008785     0.006265
   2014    65-69   0.006168     0.014189     0.010125
   2014    70-74   0.008903     0.022378     0.015323
   2014    75-79   0.017056     0.037041     0.026049
   2014    80-84   0.034207     0.067679     0.047659
   2014    85-89   0.070833     0.115699     0.086378
   2014    90-94   0.139478     0.195646     0.152847
   2014    95-99   0.236020     0.283695     0.245084
   2014   100-104  0.393960     0.572209     0.417689
   2014   105-109  0.635036     0.697674     0.643533
   2014   110+     0.000000            .     0.000000
   2015     0      0.002337     0.000840     0.001573
   2015     1-4    0.000172     0.000132     0.000151
   2015     5-9    0.000050     0.000047     0.000048
   2015    10-14   0.000022     0.000170     0.000098
   2015    15-19   0.000109     0.000436     0.000277
   2015    20-24   0.000198     0.000432     0.000320
   2015    25-29   0.000497     0.000683     0.000595
   2015    30-34   0.000345     0.000580     0.000467
   2015    35-39   0.000636     0.000933     0.000790
   2015    40-44   0.000771     0.001103     0.000943
   2015    45-49   0.001131     0.002061     0.001610
   2015    50-54   0.001556     0.003500     0.002547
   2015    55-59   0.002662     0.005598     0.004149
   2015    60-64   0.003830     0.007757     0.005783
   2015    65-69   0.005579     0.013158     0.009315
   2015    70-74   0.008898     0.021792     0.015053
   2015    75-79   0.016088     0.036155     0.025177
   2015    80-84   0.033205     0.064498     0.045876
   2015    85-89   0.067903     0.115875     0.084668
   2015    90-94   0.132702     0.195810     0.148479
   2015    95-99   0.243758     0.354187     0.264396
   2015   100-104  0.420957     0.408452     0.419183
   2015   105-109  0.691450     0.387097     0.660000
   2015   110+     0.000000            .     0.000000
   2016     0      0.001055     0.002150     0.001616
   2016     1-4    0.000176     0.000136     0.000156
   2016     5-9    0.000101     0.000142     0.000122
   2016    10-14   0.000069     0.000087     0.000078
   2016    15-19   0.000109     0.000186     0.000149
   2016    20-24   0.000248     0.000734     0.000500
   2016    25-29   0.000318     0.000610     0.000472
   2016    30-34   0.000353     0.000652     0.000509
   2016    35-39   0.000404     0.000795     0.000608
   2016    40-44   0.000964     0.001298     0.001137
   2016    45-49   0.001007     0.002178     0.001611
   2016    50-54   0.001340     0.003235     0.002306
   2016    55-59   0.002534     0.004829     0.003697
   2016    60-64   0.003382     0.008161     0.005769
   2016    65-69   0.005956     0.013456     0.009645
   2016    70-74   0.008948     0.020883     0.014655
   2016    75-79   0.016652     0.035221     0.025109
   2016    80-84   0.033898     0.065739     0.046915
   2016    85-89   0.065916     0.118165     0.084243
   2016    90-94   0.135937     0.196163     0.151819
   2016    95-99   0.236264     0.348630     0.256030
   2016   100-104  0.391208     0.542509     0.413791
   2016   105-109  0.600462     0.562500     0.596299
   2016   110+     1.500000     6.000000     2.400000
   2017     0      0.001701     0.003182     0.002467
   2017     1-4    0.000253     0.000208     0.000230
   2017     5-9    0.000026     0.000024     0.000025
   2017    10-14   0.000047     0.000133     0.000091
   2017    15-19   0.000177     0.000314     0.000247
   2017    20-24   0.000149     0.000572     0.000369
   2017    25-29   0.000350     0.000512     0.000435
   2017    30-34   0.000299     0.000491     0.000399
   2017    35-39   0.000460     0.000978     0.000730
   2017    40-44   0.000641     0.001238     0.000950
   2017    45-49   0.001120     0.001669     0.001403
   2017    50-54   0.001961     0.003618     0.002807
   2017    55-59   0.002207     0.004920     0.003582
   2017    60-64   0.003320     0.007999     0.005665
   2017    65-69   0.005291     0.013569     0.009353
   2017    70-74   0.009008     0.022000     0.015240
   2017    75-79   0.015273     0.033482     0.023597
   2017    80-84   0.033226     0.065198     0.046437
   2017    85-89   0.066612     0.117546     0.084494
   2017    90-94   0.138531     0.197219     0.154564
   2017    95-99   0.238202     0.337844     0.255079
   2017   100-104  0.385340     0.523023     0.404461
   2017   105-109  0.444023     0.562500     0.454275
   2017   110+     0.857143            .     0.857143
   2018     0      0.001896     0.001791     0.001842
   2018     1-4    0.000074     0.000246     0.000162
   2018     5-9    0.000026     0.000100     0.000064
   2018    10-14   0.000190     0.000158     0.000174
   2018    15-19   0.000179     0.000233     0.000207
   2018    20-24   0.000224     0.000571     0.000405
   2018    25-29   0.000255     0.000727     0.000505
   2018    30-34   0.000287     0.000644     0.000474
   2018    35-39   0.000380     0.000699     0.000546
   2018    40-44   0.000653     0.001232     0.000953
   2018    45-49   0.001297     0.002023     0.001672
   2018    50-54   0.001752     0.002776     0.002276
   2018    55-59   0.002175     0.004825     0.003518
   2018    60-64   0.003262     0.008688     0.005988
   2018    65-69   0.005223     0.013273     0.009166
   2018    70-74   0.009317     0.021436     0.015156
   2018    75-79   0.016206     0.033502     0.024130
   2018    80-84   0.032870     0.061655     0.044870
   2018    85-89   0.067493     0.112237     0.083261
   2018    90-94   0.133778     0.195506     0.151080
   2018    95-99   0.246064     0.329212     0.260477
   2018   100-104  0.381119     0.555039     0.402970
   2018   105-109  0.589848     0.750000     0.602093
   2018   110+     0.857143            .     0.857143
   2019     0      0.002495     0.001111     0.001786
   2019     1-4    0.000076     0.000180     0.000129
   2019     5-9    0.000081     0.000026     0.000053
   2019    10-14   0.000048     0.000000     0.000024
   2019    15-19   0.000159     0.000235     0.000198
   2019    20-24   0.000201     0.000574     0.000396
   2019    25-29   0.000312     0.000487     0.000405
   2019    30-34   0.000274     0.000579     0.000434
   2019    35-39   0.000392     0.000901     0.000658
   2019    40-44   0.000814     0.001127     0.000976
   2019    45-49   0.001317     0.002080     0.001711
   2019    50-54   0.001840     0.002891     0.002380
   2019    55-59   0.002480     0.004659     0.003584
   2019    60-64   0.003274     0.007416     0.005359
   2019    65-69   0.005911     0.013944     0.009847
   2019    70-74   0.008706     0.021133     0.014703
   2019    75-79   0.016175     0.033936     0.024328
   2019    80-84   0.032548     0.061676     0.044790
   2019    85-89   0.066252     0.111688     0.082399
   2019    90-94   0.132922     0.189622     0.149149
   2019    95-99   0.238649     0.302324     0.250304
   2019   100-104  0.363943     0.444925     0.373500
   2019   105-109  0.465382     0.307692     0.452498
   2019   110+     0.705882            .     0.705882
   2020     0      0.002110     0.001010     0.001548
   2020     1-4    0.000039     0.000299     0.000172
   2020     5-9    0.000082     0.000000     0.000040
   2020    10-14   0.000074     0.000047     0.000060
   2020    15-19   0.000091     0.000366     0.000233
   2020    20-24   0.000405     0.000579     0.000496
   2020    25-29   0.000263     0.000536     0.000408
   2020    30-34   0.000356     0.000554     0.000460
   2020    35-39   0.000687     0.000704     0.000696
   2020    40-44   0.000703     0.001192     0.000958
   2020    45-49   0.001266     0.001852     0.001569
   2020    50-54   0.001750     0.003068     0.002428
   2020    55-59   0.002293     0.004418     0.003370
   2020    60-64   0.002940     0.007619     0.005294
   2020    65-69   0.005362     0.012786     0.009009
   2020    70-74   0.008334     0.020490     0.014195
   2020    75-79   0.015803     0.033840     0.024100
   2020    80-84   0.030892     0.061313     0.043785
   2020    85-89   0.063563     0.110844     0.080537
   2020    90-94   0.126631     0.188426     0.144466
   2020    95-99   0.237842     0.308564     0.251742
   2020   100-104  0.384674     0.463625     0.394006
   2020   105-109  0.612551     1.170732     0.656480
   2020   110+     0.600000            .     0.600000
   2021     0      0.002393     0.002092     0.002239
   2021     1-4    0.000205     0.000117     0.000160
   2021     5-9    0.000028     0.000135     0.000083
   2021    10-14   0.000025     0.000118     0.000073
   2021    15-19   0.000139     0.000196     0.000168
   2021    20-24   0.000248     0.000665     0.000465
   2021    25-29   0.000292     0.000614     0.000462
   2021    30-34   0.000246     0.000787     0.000532
   2021    35-39   0.000602     0.000819     0.000715
   2021    40-44   0.000615     0.001697     0.001179
   2021    45-49   0.001007     0.001818     0.001426
   2021    50-54   0.001599     0.003281     0.002467
   2021    55-59   0.002449     0.005358     0.003925
   2021    60-64   0.003524     0.007994     0.005772
   2021    65-69   0.004745     0.013305     0.008965
   2021    70-74   0.008599     0.020986     0.014554
   2021    75-79   0.014995     0.035492     0.024427
   2021    80-84   0.030832     0.062268     0.044251
   2021    85-89   0.065246     0.111110     0.081895
   2021    90-94   0.131547     0.193811     0.149562
   2021    95-99   0.237340     0.318771     0.254406
   2021   100-104  0.358236     0.465954     0.370524
   2021   105-109  0.540615     1.323529     0.598553
   2021   110+     1.216216            .     1.216216
   2022     0      0.002617     0.000532     0.001546
   2022     1-4    0.000172     0.000245     0.000209
   2022     5-9    0.000087     0.000083     0.000085
   2022    10-14   0.000051     0.000048     0.000050
   2022    15-19   0.000117     0.000266     0.000194
   2022    20-24   0.000240     0.000606     0.000429
   2022    25-29   0.000240     0.000379     0.000314
   2022    30-34   0.000227     0.000649     0.000451
   2022    35-39   0.000704     0.000703     0.000704
   2022    40-44   0.000881     0.001263     0.001080
   2022    45-49   0.001298     0.001870     0.001594
   2022    50-54   0.001708     0.003115     0.002435
   2022    55-59   0.002580     0.004885     0.003751
   2022    60-64   0.003835     0.007862     0.005859
   2022    65-69   0.005755     0.012939     0.009307
   2022    70-74   0.009504     0.022475     0.015717
   2022    75-79   0.015828     0.037986     0.026039
   2022    80-84   0.033746     0.064575     0.046974
   2022    85-89   0.067123     0.120686     0.086815
   2022    90-94   0.148460     0.217439     0.168386
   2022    95-99   0.264583     0.369988     0.287064
   2022   100-104  0.414896     0.461128     0.419917
   2022   105-109  0.603745     0.910470     0.621489
   2022   110+     0.434153            .     0.434153
