08.Ibaraki.ken, Death Rates (period 5x1)     Last modified:2023-12-05, ver.004_004 JMD(IPSS)

   Year      Age       Female       Male         Total
   1947     0      0.092507     0.106121     0.099466
   1947     1-4    0.015362     0.016281     0.015829
   1947     5-9    0.003702     0.003468     0.003584
   1947    10-14   0.001957     0.001902     0.001929
   1947    15-19   0.004084     0.003953     0.004020
   1947    20-24   0.006198     0.006846     0.006501
   1947    25-29   0.006842     0.007478     0.007115
   1947    30-34   0.006266     0.007197     0.006695
   1947    35-39   0.006707     0.007980     0.007324
   1947    40-44   0.006583     0.007848     0.007223
   1947    45-49   0.008714     0.010134     0.009434
   1947    50-54   0.011314     0.015109     0.013219
   1947    55-59   0.014686     0.023614     0.019108
   1947    60-64   0.026279     0.040160     0.032736
   1947    65-69   0.039567     0.059711     0.048534
   1947    70-74   0.061421     0.090460     0.073503
   1947    75-79   0.098394     0.131606     0.111117
   1947    80-84   0.163874     0.203870     0.177204
   1947    85-89   0.226567     0.311174     0.250689
   1947    90-94   0.410727     0.506572     0.437486
   1947    95-99   0.459664     0.595593     0.497512
   1947   100-104  1.206030     1.500000     1.290323
   1947   105-109  0.000000            .     0.000000
   1947   110+     0.000000            .     0.000000
   1948     0      0.060962     0.075800     0.068499
   1948     1-4    0.009048     0.010457     0.009764
   1948     5-9    0.002579     0.002885     0.002734
   1948    10-14   0.001525     0.001518     0.001521
   1948    15-19   0.003195     0.003198     0.003197
   1948    20-24   0.005457     0.006456     0.005934
   1948    25-29   0.006085     0.007385     0.006639
   1948    30-34   0.005468     0.006308     0.005852
   1948    35-39   0.006300     0.006579     0.006434
   1948    40-44   0.006217     0.007842     0.007034
   1948    45-49   0.007713     0.009604     0.008673
   1948    50-54   0.010183     0.014498     0.012345
   1948    55-59   0.014909     0.021762     0.018302
   1948    60-64   0.022969     0.032995     0.027691
   1948    65-69   0.034932     0.053799     0.043307
   1948    70-74   0.057388     0.080275     0.066895
   1948    75-79   0.084978     0.118429     0.097861
   1948    80-84   0.144874     0.187890     0.159309
   1948    85-89   0.225209     0.254818     0.233504
   1948    90-94   0.326952     0.399883     0.346276
   1948    95-99   0.485258     0.966443     0.588711
   1948   100-104  0.000000     0.000000     0.000000
   1948   105-109  0.000000            .     0.000000
   1948   110+     0.000000            .     0.000000
   1949     0      0.066105     0.076632     0.071456
   1949     1-4    0.011945     0.012034     0.011990
   1949     5-9    0.002803     0.002976     0.002891
   1949    10-14   0.001446     0.001511     0.001479
   1949    15-19   0.002801     0.002797     0.002799
   1949    20-24   0.004818     0.005718     0.005253
   1949    25-29   0.005872     0.006570     0.006173
   1949    30-34   0.005079     0.006520     0.005730
   1949    35-39   0.005182     0.006167     0.005650
   1949    40-44   0.006318     0.007859     0.007085
   1949    45-49   0.007354     0.010023     0.008708
   1949    50-54   0.010346     0.014028     0.012189
   1949    55-59   0.013181     0.020157     0.016640
   1949    60-64   0.021740     0.032484     0.026857
   1949    65-69   0.036186     0.052480     0.043407
   1949    70-74   0.054833     0.081974     0.066153
   1949    75-79   0.088677     0.117524     0.099766
   1949    80-84   0.141258     0.176197     0.152970
   1949    85-89   0.216977     0.287060     0.236767
   1949    90-94   0.299692     0.330672     0.307635
   1949    95-99   0.518508     0.142214     0.430820
   1949   100-104  0.852273     0.000000     0.700117
   1949   105-109  0.000000            .     0.000000
   1949   110+     0.000000            .     0.000000
   1950     0      0.066568     0.075046     0.070898
   1950     1-4    0.011281     0.010481     0.010874
   1950     5-9    0.002476     0.002874     0.002678
   1950    10-14   0.001123     0.001179     0.001151
   1950    15-19   0.002722     0.002144     0.002432
   1950    20-24   0.004348     0.004348     0.004348
   1950    25-29   0.005103     0.005386     0.005228
   1950    30-34   0.005148     0.005464     0.005289
   1950    35-39   0.005426     0.005749     0.005578
   1950    40-44   0.006392     0.007036     0.006710
   1950    45-49   0.007167     0.009054     0.008122
   1950    50-54   0.010866     0.012810     0.011841
   1950    55-59   0.014651     0.021469     0.018038
   1950    60-64   0.022206     0.034819     0.028251
   1950    65-69   0.037061     0.056789     0.045804
   1950    70-74   0.057950     0.086619     0.069947
   1950    75-79   0.092814     0.121926     0.103948
   1950    80-84   0.163547     0.209106     0.178800
   1950    85-89   0.249489     0.276916     0.257378
   1950    90-94   0.351632     0.354976     0.352457
   1950    95-99   0.540204     0.536577     0.539191
   1950   100-104  0.650759     0.000000     0.471328
   1950   105-109  0.000000            .     0.000000
   1950   110+     0.000000            .     0.000000
   1951     0      0.061653     0.069332     0.065565
   1951     1-4    0.009923     0.009844     0.009883
   1951     5-9    0.002458     0.002254     0.002355
   1951    10-14   0.000980     0.001363     0.001172
   1951    15-19   0.001938     0.001852     0.001895
   1951    20-24   0.003430     0.003553     0.003490
   1951    25-29   0.003612     0.004327     0.003938
   1951    30-34   0.004395     0.004580     0.004476
   1951    35-39   0.004788     0.004489     0.004649
   1951    40-44   0.005417     0.005612     0.005513
   1951    45-49   0.007333     0.008063     0.007702
   1951    50-54   0.009604     0.011296     0.010456
   1951    55-59   0.013723     0.020721     0.017197
   1951    60-64   0.021251     0.032275     0.026570
   1951    65-69   0.036074     0.052260     0.043264
   1951    70-74   0.056307     0.086286     0.068828
   1951    75-79   0.091875     0.124590     0.104374
   1951    80-84   0.147404     0.201287     0.165417
   1951    85-89   0.228373     0.312453     0.252513
   1951    90-94   0.347930     0.407903     0.362310
   1951    95-99   0.495455     0.201909     0.418940
   1951   100-104  0.515337     0.000000     0.330709
   1951   105-109  0.600000            .     0.600000
   1951   110+     0.600000            .     0.600000
   1952     0      0.053408     0.063019     0.058292
   1952     1-4    0.007824     0.007604     0.007712
   1952     5-9    0.002166     0.002201     0.002184
   1952    10-14   0.001063     0.000842     0.000952
   1952    15-19   0.001479     0.001776     0.001627
   1952    20-24   0.002810     0.002611     0.002711
   1952    25-29   0.003295     0.003131     0.003218
   1952    30-34   0.003201     0.004114     0.003594
   1952    35-39   0.003788     0.004372     0.004057
   1952    40-44   0.004217     0.005557     0.004866
   1952    45-49   0.006682     0.007739     0.007215
   1952    50-54   0.008913     0.012277     0.010613
   1952    55-59   0.012855     0.017772     0.015296
   1952    60-64   0.019939     0.031259     0.025424
   1952    65-69   0.033733     0.050607     0.041293
   1952    70-74   0.053493     0.078479     0.063908
   1952    75-79   0.088597     0.116414     0.099220
   1952    80-84   0.139693     0.182055     0.153941
   1952    85-89   0.211657     0.250796     0.222776
   1952    90-94   0.354114     0.403425     0.365779
   1952    95-99   0.289436     0.406161     0.320145
   1952   100-104  0.567481     0.000000     0.304969
   1952   105-109  0.367347            .     0.367347
   1952   110+     0.750000            .     0.750000
   1953     0      0.057572     0.065827     0.061761
   1953     1-4    0.007437     0.006960     0.007194
   1953     5-9    0.002172     0.002221     0.002197
   1953    10-14   0.000854     0.000862     0.000858
   1953    15-19   0.001327     0.001524     0.001425
   1953    20-24   0.002397     0.002933     0.002663
   1953    25-29   0.003009     0.003116     0.003061
   1953    30-34   0.003074     0.003306     0.003173
   1953    35-39   0.003756     0.003607     0.003688
   1953    40-44   0.004635     0.005086     0.004852
   1953    45-49   0.005664     0.007275     0.006471
   1953    50-54   0.009010     0.012062     0.010554
   1953    55-59   0.013377     0.020046     0.016686
   1953    60-64   0.020416     0.032189     0.026122
   1953    65-69   0.035857     0.055916     0.044973
   1953    70-74   0.060274     0.086181     0.071066
   1953    75-79   0.101607     0.139386     0.115928
   1953    80-84   0.147557     0.195128     0.163698
   1953    85-89   0.249521     0.289946     0.260985
   1953    90-94   0.349311     0.512405     0.386269
   1953    95-99   0.567644     1.151818     0.684310
   1953   100-104  0.642353     0.676339     0.659794
   1953   105-109  0.436364     1.263158     0.558140
   1953   110+     3.000000            .     3.000000
   1954     0      0.051727     0.062796     0.057357
   1954     1-4    0.006634     0.006924     0.006782
   1954     5-9    0.002246     0.002158     0.002201
   1954    10-14   0.000753     0.000842     0.000798
   1954    15-19   0.001147     0.001483     0.001312
   1954    20-24   0.002239     0.002893     0.002563
   1954    25-29   0.002613     0.002812     0.002711
   1954    30-34   0.003359     0.003700     0.003507
   1954    35-39   0.003979     0.003916     0.003950
   1954    40-44   0.004192     0.005010     0.004581
   1954    45-49   0.005658     0.007079     0.006364
   1954    50-54   0.009215     0.009700     0.009461
   1954    55-59   0.012433     0.019785     0.016081
   1954    60-64   0.018978     0.029993     0.024334
   1954    65-69   0.030757     0.051637     0.040351
   1954    70-74   0.053170     0.081210     0.064847
   1954    75-79   0.078618     0.114356     0.092103
   1954    80-84   0.131099     0.176021     0.146421
   1954    85-89   0.215529     0.261449     0.228463
   1954    90-94   0.341332     0.300933     0.331653
   1954    95-99   0.642495     0.658497     0.644742
   1954   100-104  0.754864     1.240000     0.933661
   1954   105-109  0.214286     0.807692     0.402439
   1954   110+     0.000000            .     0.000000
   1955     0      0.044980     0.051236     0.048168
   1955     1-4    0.005525     0.005216     0.005368
   1955     5-9    0.001730     0.001970     0.001852
   1955    10-14   0.000730     0.000953     0.000843
   1955    15-19   0.001233     0.001535     0.001380
   1955    20-24   0.001989     0.002370     0.002177
   1955    25-29   0.002477     0.002471     0.002474
   1955    30-34   0.002393     0.003410     0.002847
   1955    35-39   0.003504     0.003060     0.003305
   1955    40-44   0.003505     0.004217     0.003840
   1955    45-49   0.005617     0.006779     0.006190
   1955    50-54   0.009228     0.011513     0.010384
   1955    55-59   0.011540     0.016782     0.014146
   1955    60-64   0.018570     0.029919     0.024112
   1955    65-69   0.027501     0.049935     0.037863
   1955    70-74   0.049859     0.078892     0.061929
   1955    75-79   0.083828     0.118295     0.096867
   1955    80-84   0.138690     0.178179     0.152131
   1955    85-89   0.211256     0.236979     0.218500
   1955    90-94   0.307652     0.329609     0.313322
   1955    95-99   0.389083     0.995383     0.455471
   1955   100-104  0.976510     3.364865     1.451613
   1955   105-109  0.240000     3.600000     0.912000
   1955   110+     0.000000            .     0.000000
   1956     0      0.047398     0.055844     0.051682
   1956     1-4    0.004401     0.004456     0.004429
   1956     5-9    0.001462     0.001475     0.001469
   1956    10-14   0.000830     0.000864     0.000847
   1956    15-19   0.001057     0.001411     0.001231
   1956    20-24   0.002181     0.002425     0.002301
   1956    25-29   0.002028     0.002698     0.002363
   1956    30-34   0.003057     0.002532     0.002815
   1956    35-39   0.002814     0.003082     0.002932
   1956    40-44   0.003683     0.004971     0.004284
   1956    45-49   0.005727     0.006561     0.006135
   1956    50-54   0.008383     0.010679     0.009542
   1956    55-59   0.011882     0.018273     0.015074
   1956    60-64   0.017566     0.028976     0.023139
   1956    65-69   0.029472     0.050405     0.039190
   1956    70-74   0.049008     0.083393     0.063296
   1956    75-79   0.084949     0.122686     0.099265
   1956    80-84   0.134188     0.192622     0.153874
   1956    85-89   0.221320     0.257574     0.231663
   1956    90-94   0.370643     0.338065     0.361995
   1956    95-99   0.420029     1.163384     0.484763
   1956   100-104  0.000000            .     0.000000
   1956   105-109  0.000000            .     0.000000
   1956   110+     0.000000            .     0.000000
   1957     0      0.047097     0.057543     0.052406
   1957     1-4    0.004636     0.004565     0.004600
   1957     5-9    0.001437     0.001490     0.001464
   1957    10-14   0.000725     0.000947     0.000837
   1957    15-19   0.001084     0.001453     0.001266
   1957    20-24   0.001766     0.002341     0.002048
   1957    25-29   0.002260     0.002662     0.002461
   1957    30-34   0.002579     0.002280     0.002436
   1957    35-39   0.003281     0.003218     0.003254
   1957    40-44   0.003857     0.004389     0.004103
   1957    45-49   0.005447     0.006955     0.006178
   1957    50-54   0.007010     0.011696     0.009366
   1957    55-59   0.012179     0.019164     0.015684
   1957    60-64   0.018627     0.029700     0.024025
   1957    65-69   0.032779     0.051529     0.041516
   1957    70-74   0.058133     0.084918     0.069352
   1957    75-79   0.094539     0.139195     0.111428
   1957    80-84   0.153525     0.211956     0.172931
   1957    85-89   0.238234     0.298331     0.255455
   1957    90-94   0.335930     0.522199     0.383922
   1957    95-99   0.416539     0.839161     0.456543
   1957   100-104  0.884927            .     0.884927
   1957   105-109  2.100000            .     2.100000
   1957   110+     2.000000            .     2.000000
   1958     0      0.042440     0.051906     0.047285
   1958     1-4    0.003807     0.003556     0.003679
   1958     5-9    0.001281     0.001437     0.001360
   1958    10-14   0.000588     0.000882     0.000736
   1958    15-19   0.000975     0.001427     0.001199
   1958    20-24   0.001685     0.002552     0.002110
   1958    25-29   0.001638     0.002133     0.001886
   1958    30-34   0.002037     0.002228     0.002130
   1958    35-39   0.002813     0.003220     0.002989
   1958    40-44   0.003022     0.004299     0.003609
   1958    45-49   0.004522     0.006715     0.005577
   1958    50-54   0.006959     0.009984     0.008469
   1958    55-59   0.011023     0.017731     0.014392
   1958    60-64   0.016426     0.028268     0.022192
   1958    65-69   0.026756     0.044761     0.035152
   1958    70-74   0.051153     0.073070     0.060515
   1958    75-79   0.074969     0.113243     0.089389
   1958    80-84   0.128520     0.171482     0.142677
   1958    85-89   0.200827     0.246335     0.213869
   1958    90-94   0.264305     0.422209     0.301522
   1958    95-99   0.343468     0.290346     0.337297
   1958   100-104  0.809171            .     0.809171
   1958   105-109         .            .            .
   1958   110+            .            .            .
   1959     0      0.040270     0.044434     0.042404
   1959     1-4    0.002929     0.003041     0.002986
   1959     5-9    0.001044     0.001137     0.001091
   1959    10-14   0.000612     0.000737     0.000675
   1959    15-19   0.000857     0.001361     0.001106
   1959    20-24   0.001336     0.002019     0.001671
   1959    25-29   0.001767     0.002550     0.002160
   1959    30-34   0.001902     0.002013     0.001957
   1959    35-39   0.002602     0.002634     0.002616
   1959    40-44   0.003572     0.004304     0.003906
   1959    45-49   0.004266     0.006298     0.005234
   1959    50-54   0.006540     0.010521     0.008512
   1959    55-59   0.009952     0.019053     0.014518
   1959    60-64   0.015584     0.028799     0.022024
   1959    65-69   0.027805     0.044705     0.035714
   1959    70-74   0.048190     0.074205     0.059479
   1959    75-79   0.079722     0.124203     0.096425
   1959    80-84   0.128537     0.184540     0.146825
   1959    85-89   0.192587     0.229447     0.203213
   1959    90-94   0.309512     0.376294     0.324647
   1959    95-99   0.507152     0.638298     0.526226
   1959   100-104  0.606061            .     0.606061
   1959   105-109         .            .            .
   1959   110+            .            .            .
   1960     0      0.039739     0.043902     0.041863
   1960     1-4    0.002718     0.003182     0.002954
   1960     5-9    0.001059     0.001228     0.001145
   1960    10-14   0.000393     0.000699     0.000549
   1960    15-19   0.000840     0.001149     0.000993
   1960    20-24   0.001553     0.001952     0.001748
   1960    25-29   0.001709     0.002077     0.001894
   1960    30-34   0.002088     0.002226     0.002157
   1960    35-39   0.002215     0.002344     0.002273
   1960    40-44   0.002868     0.003899     0.003331
   1960    45-49   0.004500     0.005974     0.005195
   1960    50-54   0.007159     0.009356     0.008240
   1960    55-59   0.010830     0.017256     0.014041
   1960    60-64   0.016425     0.028970     0.022548
   1960    65-69   0.029090     0.046843     0.037445
   1960    70-74   0.047483     0.075909     0.059874
   1960    75-79   0.080216     0.119590     0.095009
   1960    80-84   0.137277     0.194573     0.155852
   1960    85-89   0.216857     0.294863     0.239073
   1960    90-94   0.332359     0.448577     0.357735
   1960    95-99   0.564807     0.568361     0.565413
   1960   100-104  0.506085            .     0.506085
   1960   105-109         .            .            .
   1960   110+            .            .            .
   1961     0      0.036709     0.041453     0.039132
   1961     1-4    0.002627     0.002640     0.002634
   1961     5-9    0.000899     0.001343     0.001124
   1961    10-14   0.000418     0.000735     0.000579
   1961    15-19   0.000769     0.001415     0.001089
   1961    20-24   0.001224     0.002243     0.001725
   1961    25-29   0.001959     0.002304     0.002133
   1961    30-34   0.001798     0.002282     0.002042
   1961    35-39   0.002446     0.002461     0.002453
   1961    40-44   0.003369     0.004167     0.003721
   1961    45-49   0.003677     0.005676     0.004611
   1961    50-54   0.006257     0.009987     0.008080
   1961    55-59   0.009967     0.017273     0.013611
   1961    60-64   0.016820     0.029296     0.022934
   1961    65-69   0.028386     0.045694     0.036535
   1961    70-74   0.047155     0.075367     0.059504
   1961    75-79   0.080293     0.125621     0.097418
   1961    80-84   0.138010     0.194926     0.156492
   1961    85-89   0.230775     0.282052     0.245029
   1961    90-94   0.372163     0.335652     0.364008
   1961    95-99   0.522228     0.635978     0.542823
   1961   100-104  0.836431     0.000000     0.796460
   1961   105-109         .            .            .
   1961   110+            .            .            .
   1962     0      0.032477     0.037361     0.034973
   1962     1-4    0.001880     0.002311     0.002100
   1962     5-9    0.000684     0.000983     0.000836
   1962    10-14   0.000439     0.000641     0.000542
   1962    15-19   0.000711     0.001190     0.000949
   1962    20-24   0.001280     0.002321     0.001794
   1962    25-29   0.001428     0.002187     0.001811
   1962    30-34   0.001805     0.002002     0.001904
   1962    35-39   0.001813     0.002774     0.002272
   1962    40-44   0.003048     0.003684     0.003324
   1962    45-49   0.004083     0.005656     0.004812
   1962    50-54   0.006533     0.010127     0.008272
   1962    55-59   0.009515     0.017622     0.013550
   1962    60-64   0.015962     0.026153     0.020979
   1962    65-69   0.026668     0.047218     0.036320
   1962    70-74   0.047948     0.079654     0.061868
   1962    75-79   0.089527     0.126064     0.103472
   1962    80-84   0.146257     0.205290     0.165396
   1962    85-89   0.239047     0.320160     0.261075
   1962    90-94   0.340786     0.330654     0.338337
   1962    95-99   0.552107     0.323319     0.505928
   1962   100-104  0.730371     4.411765     1.011804
   1962   105-109         .            .            .
   1962   110+            .            .            .
   1963     0      0.026423     0.030752     0.028631
   1963     1-4    0.001698     0.001891     0.001797
   1963     5-9    0.000628     0.000837     0.000734
   1963    10-14   0.000400     0.000581     0.000492
   1963    15-19   0.000554     0.001247     0.000900
   1963    20-24   0.001095     0.001877     0.001482
   1963    25-29   0.001453     0.002422     0.001943
   1963    30-34   0.001627     0.001993     0.001812
   1963    35-39   0.002115     0.002742     0.002422
   1963    40-44   0.002602     0.003154     0.002840
   1963    45-49   0.004106     0.005078     0.004553
   1963    50-54   0.005820     0.009642     0.007654
   1963    55-59   0.009036     0.015810     0.012394
   1963    60-64   0.014080     0.026792     0.020338
   1963    65-69   0.025506     0.045967     0.035113
   1963    70-74   0.043269     0.071371     0.055598
   1963    75-79   0.077022     0.115693     0.092080
   1963    80-84   0.125040     0.178471     0.142270
   1963    85-89   0.185769     0.251754     0.203246
   1963    90-94   0.295114     0.323923     0.302247
   1963    95-99   0.451971     0.591993     0.482211
   1963   100-104  0.281690            .     0.281690
   1963   105-109         .            .            .
   1963   110+            .            .            .
   1964     0      0.021709     0.027952     0.024898
   1964     1-4    0.001263     0.001513     0.001390
   1964     5-9    0.000462     0.000703     0.000584
   1964    10-14   0.000247     0.000447     0.000348
   1964    15-19   0.000563     0.001173     0.000869
   1964    20-24   0.000744     0.002000     0.001364
   1964    25-29   0.001079     0.001678     0.001382
   1964    30-34   0.001357     0.002122     0.001745
   1964    35-39   0.001769     0.002624     0.002194
   1964    40-44   0.002134     0.003969     0.002933
   1964    45-49   0.003619     0.005554     0.004501
   1964    50-54   0.006113     0.009387     0.007669
   1964    55-59   0.009326     0.015073     0.012159
   1964    60-64   0.015050     0.025996     0.020437
   1964    65-69   0.025012     0.041803     0.032911
   1964    70-74   0.043442     0.071328     0.055708
   1964    75-79   0.076510     0.113736     0.091242
   1964    80-84   0.131762     0.186511     0.149385
   1964    85-89   0.206730     0.267015     0.222388
   1964    90-94   0.326848     0.347013     0.331851
   1964    95-99   0.307137     0.364868     0.319787
   1964   100-104  1.117318            .     1.117318
   1964   105-109  0.000000            .     0.000000
   1964   110+            .            .            .
   1965     0      0.022752     0.028248     0.025560
   1965     1-4    0.001123     0.001683     0.001407
   1965     5-9    0.000470     0.000657     0.000565
   1965    10-14   0.000248     0.000569     0.000410
   1965    15-19   0.000541     0.001111     0.000828
   1965    20-24   0.001053     0.001891     0.001466
   1965    25-29   0.001039     0.001689     0.001369
   1965    30-34   0.001327     0.002027     0.001684
   1965    35-39   0.001711     0.002523     0.002119
   1965    40-44   0.002331     0.003523     0.002865
   1965    45-49   0.003990     0.005771     0.004791
   1965    50-54   0.005053     0.008734     0.006783
   1965    55-59   0.009091     0.015158     0.012066
   1965    60-64   0.014238     0.027031     0.020522
   1965    65-69   0.025890     0.043698     0.034290
   1965    70-74   0.044745     0.072073     0.056826
   1965    75-79   0.079747     0.119414     0.095514
   1965    80-84   0.136175     0.189975     0.153503
   1965    85-89   0.230857     0.293010     0.246874
   1965    90-94   0.354989     0.358050     0.355738
   1965    95-99   0.448726     0.337410     0.421606
   1965   100-104  0.679502            .     0.679502
   1965   105-109  3.000000            .     3.000000
   1965   110+            .            .            .
   1966     0      0.017974     0.023582     0.020852
   1966     1-4    0.001329     0.001377     0.001354
   1966     5-9    0.000533     0.000878     0.000708
   1966    10-14   0.000233     0.000482     0.000359
   1966    15-19   0.000470     0.001232     0.000852
   1966    20-24   0.000878     0.001729     0.001298
   1966    25-29   0.001079     0.001907     0.001499
   1966    30-34   0.001384     0.002071     0.001735
   1966    35-39   0.001583     0.002691     0.002143
   1966    40-44   0.002334     0.003708     0.002971
   1966    45-49   0.003563     0.005062     0.004224
   1966    50-54   0.005511     0.008352     0.006833
   1966    55-59   0.008204     0.014698     0.011361
   1966    60-64   0.013904     0.024471     0.019083
   1966    65-69   0.023219     0.040851     0.031570
   1966    70-74   0.041694     0.069475     0.053995
   1966    75-79   0.073768     0.106444     0.086798
   1966    80-84   0.116365     0.161247     0.130937
   1966    85-89   0.215094     0.248734     0.223899
   1966    90-94   0.298444     0.357077     0.312134
   1966    95-99   0.468395     0.631122     0.510517
   1966   100-104  0.528634            .     0.528634
   1966   105-109         .            .            .
   1966   110+            .            .            .
   1967     0      0.017951     0.023017     0.020545
   1967     1-4    0.001044     0.001367     0.001209
   1967     5-9    0.000373     0.000506     0.000441
   1967    10-14   0.000294     0.000556     0.000426
   1967    15-19   0.000568     0.000867     0.000718
   1967    20-24   0.000987     0.001948     0.001463
   1967    25-29   0.001097     0.001818     0.001464
   1967    30-34   0.000963     0.002025     0.001509
   1967    35-39   0.001503     0.002772     0.002147
   1967    40-44   0.002074     0.003305     0.002663
   1967    45-49   0.003526     0.005061     0.004191
   1967    50-54   0.005179     0.007886     0.006429
   1967    55-59   0.007772     0.014439     0.010976
   1967    60-64   0.013178     0.023271     0.018113
   1967    65-69   0.022016     0.040770     0.030927
   1967    70-74   0.041908     0.066491     0.052795
   1967    75-79   0.071688     0.106543     0.085643
   1967    80-84   0.123105     0.173305     0.139656
   1967    85-89   0.202737     0.251595     0.215727
   1967    90-94   0.280048     0.354271     0.296714
   1967    95-99   0.352091     0.506610     0.388861
   1967   100-104  0.000000            .     0.000000
   1967   105-109         .            .            .
   1967   110+            .            .            .
   1968     0      0.015165     0.020150     0.017714
   1968     1-4    0.001211     0.001416     0.001316
   1968     5-9    0.000508     0.000640     0.000575
   1968    10-14   0.000297     0.000470     0.000385
   1968    15-19   0.000626     0.001446     0.001036
   1968    20-24   0.000709     0.001563     0.001132
   1968    25-29   0.001125     0.001749     0.001442
   1968    30-34   0.001071     0.002093     0.001598
   1968    35-39   0.001385     0.002834     0.002122
   1968    40-44   0.002206     0.003461     0.002822
   1968    45-49   0.003415     0.005436     0.004285
   1968    50-54   0.005208     0.007927     0.006456
   1968    55-59   0.007338     0.014163     0.010587
   1968    60-64   0.014068     0.023741     0.018776
   1968    65-69   0.022345     0.040856     0.031128
   1968    70-74   0.040008     0.071793     0.054073
   1968    75-79   0.072376     0.108800     0.086978
   1968    80-84   0.135810     0.160633     0.144256
   1968    85-89   0.212637     0.266438     0.227020
   1968    90-94   0.336931     0.422551     0.355844
   1968    95-99   0.468207     0.679189     0.510542
   1968   100-104  0.410050     0.000000     0.394966
   1968   105-109         .            .            .
   1968   110+            .            .            .
   1969     0      0.013834     0.019698     0.016841
   1969     1-4    0.001163     0.001201     0.001182
   1969     5-9    0.000443     0.000671     0.000559
   1969    10-14   0.000306     0.000410     0.000359
   1969    15-19   0.000591     0.001348     0.000969
   1969    20-24   0.000987     0.001778     0.001377
   1969    25-29   0.000911     0.001721     0.001322
   1969    30-34   0.001142     0.001980     0.001576
   1969    35-39   0.001714     0.002914     0.002327
   1969    40-44   0.002102     0.003436     0.002768
   1969    45-49   0.003064     0.005619     0.004176
   1969    50-54   0.004689     0.007759     0.006085
   1969    55-59   0.007424     0.013964     0.010505
   1969    60-64   0.012422     0.026017     0.018991
   1969    65-69   0.022148     0.040589     0.030883
   1969    70-74   0.039144     0.068385     0.052081
   1969    75-79   0.070356     0.108624     0.085754
   1969    80-84   0.125452     0.164337     0.139014
   1969    85-89   0.213463     0.242083     0.221241
   1969    90-94   0.327718     0.399297     0.343180
   1969    95-99   0.444896     0.767412     0.500329
   1969   100-104  0.560748     1.899687     0.653620
   1969   105-109         .            .            .
   1969   110+            .            .            .
   1970     0      0.014428     0.018620     0.016569
   1970     1-4    0.000932     0.001443     0.001193
   1970     5-9    0.000370     0.000759     0.000568
   1970    10-14   0.000337     0.000592     0.000467
   1970    15-19   0.000412     0.001512     0.000963
   1970    20-24   0.000719     0.001430     0.001069
   1970    25-29   0.000985     0.001767     0.001382
   1970    30-34   0.001147     0.002193     0.001689
   1970    35-39   0.001580     0.002769     0.002189
   1970    40-44   0.002217     0.003642     0.002936
   1970    45-49   0.003107     0.004740     0.003838
   1970    50-54   0.004852     0.008096     0.006306
   1970    55-59   0.008613     0.014276     0.011252
   1970    60-64   0.013106     0.024231     0.018443
   1970    65-69   0.021935     0.040060     0.030494
   1970    70-74   0.039478     0.071443     0.053628
   1970    75-79   0.073164     0.107802     0.087150
   1970    80-84   0.122310     0.169806     0.138987
   1970    85-89   0.210754     0.269262     0.227035
   1970    90-94   0.307917     0.386205     0.324455
   1970    95-99   0.476796     0.366908     0.458657
   1970   100-104  0.887793     1.973684     0.963524
   1970   105-109  0.000000            .     0.000000
   1970   110+            .            .            .
   1971     0      0.012165     0.016669     0.014470
   1971     1-4    0.001050     0.001272     0.001164
   1971     5-9    0.000338     0.000778     0.000562
   1971    10-14   0.000226     0.000525     0.000378
   1971    15-19   0.000527     0.002018     0.001276
   1971    20-24   0.000960     0.001922     0.001434
   1971    25-29   0.000891     0.001529     0.001215
   1971    30-34   0.001270     0.001914     0.001604
   1971    35-39   0.001548     0.003022     0.002308
   1971    40-44   0.001945     0.003592     0.002780
   1971    45-49   0.003224     0.005220     0.004149
   1971    50-54   0.004879     0.008641     0.006531
   1971    55-59   0.006561     0.012866     0.009472
   1971    60-64   0.012391     0.021757     0.016844
   1971    65-69   0.021008     0.039097     0.029543
   1971    70-74   0.037555     0.059749     0.047425
   1971    75-79   0.064646     0.100472     0.079102
   1971    80-84   0.118341     0.159661     0.132980
   1971    85-89   0.183438     0.265072     0.206203
   1971    90-94   0.285697     0.317415     0.292311
   1971    95-99   0.373594     0.303371     0.360739
   1971   100-104  0.000000     4.054054     0.160085
   1971   105-109  3.000000            .     3.000000
   1971   110+            .            .            .
   1972     0      0.011367     0.016663     0.014088
   1972     1-4    0.001108     0.001163     0.001136
   1972     5-9    0.000310     0.000803     0.000561
   1972    10-14   0.000208     0.000391     0.000301
   1972    15-19   0.000321     0.001637     0.000982
   1972    20-24   0.000786     0.001737     0.001258
   1972    25-29   0.000794     0.001456     0.001127
   1972    30-34   0.000984     0.002022     0.001523
   1972    35-39   0.001477     0.002531     0.002023
   1972    40-44   0.001798     0.004020     0.002927
   1972    45-49   0.003008     0.004968     0.003946
   1972    50-54   0.004610     0.008560     0.006311
   1972    55-59   0.007304     0.012949     0.009891
   1972    60-64   0.012066     0.021325     0.016421
   1972    65-69   0.020383     0.036158     0.027813
   1972    70-74   0.034193     0.061202     0.046269
   1972    75-79   0.065535     0.094273     0.077140
   1972    80-84   0.107308     0.157872     0.125321
   1972    85-89   0.172754     0.232325     0.189323
   1972    90-94   0.294476     0.273805     0.289999
   1972    95-99   0.377811     0.387616     0.379703
   1972   100-104  0.292683     0.000000     0.272727
   1972   105-109         .            .            .
   1972   110+            .            .            .
   1973     0      0.011359     0.014739     0.013091
   1973     1-4    0.001250     0.001330     0.001291
   1973     5-9    0.000382     0.000644     0.000515
   1973    10-14   0.000210     0.000371     0.000292
   1973    15-19   0.000529     0.001629     0.001082
   1973    20-24   0.000696     0.001659     0.001176
   1973    25-29   0.000737     0.001665     0.001204
   1973    30-34   0.000960     0.001355     0.001165
   1973    35-39   0.001251     0.002584     0.001946
   1973    40-44   0.001889     0.003801     0.002864
   1973    45-49   0.002754     0.005433     0.004068
   1973    50-54   0.004404     0.007638     0.005787
   1973    55-59   0.006707     0.012314     0.009256
   1973    60-64   0.010826     0.020724     0.015439
   1973    65-69   0.021716     0.037450     0.029096
   1973    70-74   0.035702     0.061896     0.047422
   1973    75-79   0.067986     0.101573     0.081599
   1973    80-84   0.112485     0.160595     0.129565
   1973    85-89   0.194334     0.260640     0.213222
   1973    90-94   0.305856     0.368866     0.319808
   1973    95-99   0.474823     0.525125     0.485035
   1973   100-104  0.833333     0.886364     0.842007
   1973   105-109  0.000000            .     0.000000
   1973   110+            .            .            .
   1974     0      0.010863     0.014673     0.012816
   1974     1-4    0.000792     0.001172     0.000987
   1974     5-9    0.000314     0.000504     0.000411
   1974    10-14   0.000294     0.000532     0.000415
   1974    15-19   0.000371     0.001599     0.000990
   1974    20-24   0.000738     0.001517     0.001127
   1974    25-29   0.000794     0.001325     0.001062
   1974    30-34   0.000810     0.001498     0.001166
   1974    35-39   0.001336     0.002458     0.001923
   1974    40-44   0.001941     0.003580     0.002780
   1974    45-49   0.002436     0.005081     0.003753
   1974    50-54   0.004409     0.007118     0.005582
   1974    55-59   0.006126     0.011968     0.008755
   1974    60-64   0.010882     0.019257     0.014745
   1974    65-69   0.019254     0.032444     0.025411
   1974    70-74   0.033921     0.057562     0.044515
   1974    75-79   0.064950     0.096527     0.077790
   1974    80-84   0.117154     0.153430     0.130115
   1974    85-89   0.187547     0.246925     0.204836
   1974    90-94   0.338748     0.431791     0.358754
   1974    95-99   0.444798     0.604390     0.472018
   1974   100-104  1.263158     0.750000     1.111111
   1974   105-109  0.750000            .     0.750000
   1974   110+            .            .            .
   1975     0      0.009719     0.012862     0.011332
   1975     1-4    0.000957     0.001052     0.001005
   1975     5-9    0.000316     0.000469     0.000394
   1975    10-14   0.000174     0.000413     0.000296
   1975    15-19   0.000485     0.001282     0.000889
   1975    20-24   0.000540     0.001429     0.000984
   1975    25-29   0.000621     0.001410     0.001020
   1975    30-34   0.000868     0.001494     0.001192
   1975    35-39   0.001080     0.002351     0.001746
   1975    40-44   0.001974     0.002973     0.002488
   1975    45-49   0.002805     0.004828     0.003821
   1975    50-54   0.004046     0.006920     0.005326
   1975    55-59   0.006388     0.011605     0.008699
   1975    60-64   0.009826     0.018088     0.013602
   1975    65-69   0.017472     0.033183     0.024763
   1975    70-74   0.033798     0.054632     0.043126
   1975    75-79   0.063378     0.094739     0.076211
   1975    80-84   0.111652     0.148771     0.125039
   1975    85-89   0.171897     0.232224     0.189687
   1975    90-94   0.266633     0.385998     0.291647
   1975    95-99   0.397239     0.568913     0.420950
   1975   100-104  0.923077     2.571429     1.272727
   1975   105-109  0.857143            .     0.857143
   1975   110+            .            .            .
   1976     0      0.009987     0.011222     0.010620
   1976     1-4    0.000637     0.001104     0.000876
   1976     5-9    0.000278     0.000422     0.000352
   1976    10-14   0.000199     0.000337     0.000269
   1976    15-19   0.000371     0.001256     0.000821
   1976    20-24   0.000724     0.001164     0.000944
   1976    25-29   0.000749     0.001431     0.001094
   1976    30-34   0.000848     0.001318     0.001090
   1976    35-39   0.001322     0.001876     0.001612
   1976    40-44   0.001832     0.003447     0.002667
   1976    45-49   0.002498     0.005186     0.003856
   1976    50-54   0.003777     0.006026     0.004815
   1976    55-59   0.006221     0.010406     0.008037
   1976    60-64   0.009482     0.017411     0.013077
   1976    65-69   0.016974     0.028923     0.022476
   1976    70-74   0.031874     0.056827     0.043037
   1976    75-79   0.059406     0.089385     0.071762
   1976    80-84   0.114448     0.152121     0.128027
   1976    85-89   0.185796     0.214960     0.194615
   1976    90-94   0.288221     0.300261     0.290780
   1976    95-99   0.380711     0.320076     0.371658
   1976   100-104  0.750000     0.000000     0.697674
   1976   105-109  0.000000            .     0.000000
   1976   110+            .            .            .
   1977     0      0.008339     0.012488     0.010473
   1977     1-4    0.000699     0.000927     0.000816
   1977     5-9    0.000363     0.000431     0.000397
   1977    10-14   0.000173     0.000309     0.000242
   1977    15-19   0.000316     0.001270     0.000801
   1977    20-24   0.000513     0.001350     0.000934
   1977    25-29   0.000455     0.001107     0.000784
   1977    30-34   0.000619     0.001506     0.001074
   1977    35-39   0.001209     0.002021     0.001634
   1977    40-44   0.001660     0.003329     0.002529
   1977    45-49   0.002613     0.004343     0.003491
   1977    50-54   0.003456     0.006456     0.004884
   1977    55-59   0.005231     0.009694     0.007132
   1977    60-64   0.008642     0.016800     0.012315
   1977    65-69   0.016621     0.028288     0.021953
   1977    70-74   0.028391     0.049092     0.037644
   1977    75-79   0.054882     0.088332     0.068734
   1977    80-84   0.100911     0.137478     0.114159
   1977    85-89   0.188617     0.220249     0.198393
   1977    90-94   0.273169     0.334869     0.287060
   1977    95-99   0.444769     0.370093     0.432573
   1977   100-104  0.420389     1.665125     0.618557
   1977   105-109  0.000000            .     0.000000
   1977   110+            .            .            .
   1978     0      0.009256     0.010176     0.009729
   1978     1-4    0.000532     0.001025     0.000785
   1978     5-9    0.000360     0.000478     0.000420
   1978    10-14   0.000177     0.000191     0.000184
   1978    15-19   0.000318     0.001342     0.000838
   1978    20-24   0.000525     0.001330     0.000932
   1978    25-29   0.000606     0.001055     0.000833
   1978    30-34   0.000688     0.001394     0.001048
   1978    35-39   0.001056     0.001781     0.001435
   1978    40-44   0.001721     0.002837     0.002305
   1978    45-49   0.002429     0.004532     0.003502
   1978    50-54   0.003278     0.006471     0.004835
   1978    55-59   0.005437     0.009755     0.007265
   1978    60-64   0.008904     0.016204     0.012167
   1978    65-69   0.014890     0.028310     0.020974
   1978    70-74   0.029555     0.049050     0.038260
   1978    75-79   0.053127     0.083776     0.065828
   1978    80-84   0.099386     0.136687     0.112934
   1978    85-89   0.174927     0.199679     0.182638
   1978    90-94   0.291420     0.306819     0.295088
   1978    95-99   0.385860     0.641711     0.426331
   1978   100-104  0.402078     3.000000     0.550251
   1978   105-109  3.000000            .     3.000000
   1978   110+            .            .            .
   1979     0      0.007524     0.011730     0.009679
   1979     1-4    0.000595     0.000827     0.000713
   1979     5-9    0.000210     0.000366     0.000290
   1979    10-14   0.000139     0.000347     0.000246
   1979    15-19   0.000282     0.001201     0.000749
   1979    20-24   0.000559     0.001166     0.000867
   1979    25-29   0.000469     0.000954     0.000715
   1979    30-34   0.000788     0.001215     0.001005
   1979    35-39   0.000991     0.001669     0.001344
   1979    40-44   0.001552     0.002686     0.002147
   1979    45-49   0.002303     0.004407     0.003380
   1979    50-54   0.003379     0.006815     0.005081
   1979    55-59   0.004896     0.009535     0.006886
   1979    60-64   0.008068     0.015081     0.011174
   1979    65-69   0.013442     0.026079     0.019113
   1979    70-74   0.025583     0.048780     0.035920
   1979    75-79   0.051124     0.081444     0.063713
   1979    80-84   0.090861     0.133046     0.106231
   1979    85-89   0.154768     0.180780     0.163035
   1979    90-94   0.252731     0.269930     0.257031
   1979    95-99   0.377079     0.385909     0.378486
   1979   100-104  0.425932     0.000000     0.413408
   1979   105-109         .            .            .
   1979   110+            .            .            .
   1980     0      0.008431     0.009818     0.009140
   1980     1-4    0.000507     0.000653     0.000582
   1980     5-9    0.000250     0.000459     0.000357
   1980    10-14   0.000135     0.000228     0.000183
   1980    15-19   0.000406     0.001189     0.000805
   1980    20-24   0.000350     0.001171     0.000766
   1980    25-29   0.000510     0.001124     0.000822
   1980    30-34   0.000651     0.001130     0.000894
   1980    35-39   0.000977     0.001689     0.001347
   1980    40-44   0.001282     0.002380     0.001859
   1980    45-49   0.002012     0.004819     0.003454
   1980    50-54   0.003107     0.006742     0.004924
   1980    55-59   0.004781     0.009150     0.006710
   1980    60-64   0.008538     0.015058     0.011381
   1980    65-69   0.013690     0.026391     0.019340
   1980    70-74   0.027460     0.045259     0.035361
   1980    75-79   0.051692     0.085515     0.065709
   1980    80-84   0.096549     0.129364     0.108662
   1980    85-89   0.157490     0.216513     0.176329
   1980    90-94   0.276268     0.311775     0.285525
   1980    95-99   0.420873     0.365277     0.410153
   1980   100-104  0.448598     0.000000     0.413793
   1980   105-109         .            .            .
   1980   110+            .            .            .
   1981     0      0.009163     0.009732     0.009454
   1981     1-4    0.000598     0.000607     0.000603
   1981     5-9    0.000249     0.000306     0.000278
   1981    10-14   0.000098     0.000234     0.000167
   1981    15-19   0.000344     0.001097     0.000728
   1981    20-24   0.000346     0.001048     0.000702
   1981    25-29   0.000574     0.000941     0.000762
   1981    30-34   0.000675     0.001029     0.000854
   1981    35-39   0.000891     0.001503     0.001208
   1981    40-44   0.001390     0.002458     0.001951
   1981    45-49   0.002167     0.004425     0.003334
   1981    50-54   0.003816     0.006209     0.005019
   1981    55-59   0.004581     0.009452     0.006808
   1981    60-64   0.007544     0.013820     0.010224
   1981    65-69   0.013407     0.022948     0.017621
   1981    70-74   0.027256     0.043892     0.034601
   1981    75-79   0.048609     0.081412     0.062206
   1981    80-84   0.091913     0.136259     0.108482
   1981    85-89   0.173186     0.195123     0.180116
   1981    90-94   0.240892     0.301784     0.257133
   1981    95-99   0.349300     0.368437     0.353297
   1981   100-104  0.437500     0.315789     0.417391
   1981   105-109         .            .            .
   1981   110+            .            .            .
   1982     0      0.007031     0.009433     0.008267
   1982     1-4    0.000586     0.000789     0.000690
   1982     5-9    0.000244     0.000439     0.000343
   1982    10-14   0.000141     0.000259     0.000201
   1982    15-19   0.000326     0.001068     0.000704
   1982    20-24   0.000386     0.001226     0.000814
   1982    25-29   0.000663     0.000938     0.000804
   1982    30-34   0.000605     0.001120     0.000866
   1982    35-39   0.000923     0.001724     0.001336
   1982    40-44   0.001312     0.002383     0.001875
   1982    45-49   0.002042     0.004407     0.003272
   1982    50-54   0.003083     0.006749     0.004933
   1982    55-59   0.004913     0.009021     0.006848
   1982    60-64   0.007897     0.013937     0.010429
   1982    65-69   0.013407     0.024134     0.018115
   1982    70-74   0.025121     0.043322     0.033098
   1982    75-79   0.047998     0.071725     0.057874
   1982    80-84   0.087772     0.120362     0.100002
   1982    85-89   0.159952     0.171176     0.163560
   1982    90-94   0.255824     0.292369     0.265636
   1982    95-99   0.352000     0.371836     0.356211
   1982   100-104  0.800000     0.000000     0.571429
   1982   105-109  0.000000            .     0.000000
   1982   110+            .            .            .
   1983     0      0.007051     0.009172     0.008140
   1983     1-4    0.000355     0.000899     0.000634
   1983     5-9    0.000166     0.000343     0.000257
   1983    10-14   0.000072     0.000233     0.000155
   1983    15-19   0.000316     0.001037     0.000683
   1983    20-24   0.000394     0.001227     0.000820
   1983    25-29   0.000373     0.000976     0.000681
   1983    30-34   0.000515     0.001348     0.000937
   1983    35-39   0.001018     0.001616     0.001325
   1983    40-44   0.001064     0.002382     0.001756
   1983    45-49   0.002224     0.004067     0.003187
   1983    50-54   0.003311     0.006594     0.004976
   1983    55-59   0.004431     0.008768     0.006523
   1983    60-64   0.007230     0.014454     0.010238
   1983    65-69   0.012815     0.022926     0.017219
   1983    70-74   0.023339     0.040475     0.030799
   1983    75-79   0.045226     0.075019     0.057659
   1983    80-84   0.089322     0.123465     0.102220
   1983    85-89   0.152154     0.182446     0.162053
   1983    90-94   0.245099     0.284043     0.255708
   1983    95-99   0.368244     0.357626     0.365984
   1983   100-104  0.882353     0.171429     0.640777
   1983   105-109  0.000000            .     0.000000
   1983   110+            .            .            .
   1984     0      0.006229     0.007805     0.007033
   1984     1-4    0.000444     0.000703     0.000577
   1984     5-9    0.000276     0.000299     0.000287
   1984    10-14   0.000140     0.000243     0.000193
   1984    15-19   0.000305     0.001219     0.000771
   1984    20-24   0.000368     0.001136     0.000761
   1984    25-29   0.000543     0.001014     0.000784
   1984    30-34   0.000720     0.001204     0.000966
   1984    35-39   0.000830     0.001568     0.001207
   1984    40-44   0.001434     0.002494     0.001989
   1984    45-49   0.002081     0.003654     0.002905
   1984    50-54   0.002863     0.006501     0.004714
   1984    55-59   0.004553     0.009107     0.006784
   1984    60-64   0.006645     0.013371     0.009480
   1984    65-69   0.013420     0.022030     0.017137
   1984    70-74   0.022608     0.039161     0.029752
   1984    75-79   0.045042     0.072698     0.056590
   1984    80-84   0.082825     0.116581     0.095615
   1984    85-89   0.150203     0.200886     0.166756
   1984    90-94   0.255987     0.246705     0.253374
   1984    95-99   0.304645     0.351934     0.314987
   1984   100-104  0.455696     0.333333     0.417391
   1984   105-109  1.500000            .     1.500000
   1984   110+            .            .            .
   1985     0      0.005799     0.006683     0.006249
   1985     1-4    0.000479     0.000619     0.000550
   1985     5-9    0.000147     0.000345     0.000248
   1985    10-14   0.000095     0.000139     0.000118
   1985    15-19   0.000368     0.001334     0.000861
   1985    20-24   0.000313     0.001259     0.000796
   1985    25-29   0.000426     0.000874     0.000656
   1985    30-34   0.000576     0.000841     0.000711
   1985    35-39   0.000713     0.001315     0.001020
   1985    40-44   0.001229     0.002573     0.001930
   1985    45-49   0.001727     0.003543     0.002681
   1985    50-54   0.002879     0.006463     0.004709
   1985    55-59   0.004025     0.008637     0.006304
   1985    60-64   0.006972     0.013576     0.009837
   1985    65-69   0.011683     0.020539     0.015450
   1985    70-74   0.021554     0.038973     0.029011
   1985    75-79   0.041273     0.069328     0.052965
   1985    80-84   0.080775     0.110280     0.091945
   1985    85-89   0.141211     0.172562     0.151527
   1985    90-94   0.252821     0.278227     0.260153
   1985    95-99   0.416933     0.301374     0.389253
   1985   100-104  0.342857     0.514286     0.377143
   1985   105-109         .            .            .
   1985   110+            .            .            .
   1986     0      0.005443     0.006508     0.005988
   1986     1-4    0.000542     0.000547     0.000544
   1986     5-9    0.000131     0.000279     0.000206
   1986    10-14   0.000120     0.000198     0.000160
   1986    15-19   0.000288     0.001075     0.000690
   1986    20-24   0.000477     0.001233     0.000863
   1986    25-29   0.000400     0.000902     0.000659
   1986    30-34   0.000424     0.000943     0.000689
   1986    35-39   0.000812     0.001271     0.001045
   1986    40-44   0.001253     0.002395     0.001847
   1986    45-49   0.001949     0.003878     0.002963
   1986    50-54   0.003197     0.006319     0.004800
   1986    55-59   0.004109     0.009105     0.006591
   1986    60-64   0.006207     0.012895     0.009214
   1986    65-69   0.009964     0.020296     0.014270
   1986    70-74   0.019100     0.037471     0.026910
   1986    75-79   0.042209     0.062048     0.050439
   1986    80-84   0.074661     0.111284     0.088595
   1986    85-89   0.143348     0.171537     0.152745
   1986    90-94   0.231992     0.254532     0.238543
   1986    95-99   0.353108     0.435779     0.374436
   1986   100-104  0.394366     0.857143     0.470588
   1986   105-109  6.000000            .     6.000000
   1986   110+            .            .            .
   1987     0      0.004281     0.005267     0.004788
   1987     1-4    0.000450     0.000669     0.000562
   1987     5-9    0.000144     0.000256     0.000201
   1987    10-14   0.000131     0.000217     0.000175
   1987    15-19   0.000238     0.000925     0.000589
   1987    20-24   0.000417     0.000965     0.000697
   1987    25-29   0.000368     0.001026     0.000708
   1987    30-34   0.000453     0.001010     0.000738
   1987    35-39   0.000690     0.001360     0.001031
   1987    40-44   0.001213     0.002036     0.001639
   1987    45-49   0.001962     0.002948     0.002481
   1987    50-54   0.002877     0.005814     0.004395
   1987    55-59   0.004145     0.009099     0.006614
   1987    60-64   0.006254     0.013647     0.009682
   1987    65-69   0.010660     0.020457     0.014666
   1987    70-74   0.018918     0.035608     0.025974
   1987    75-79   0.036256     0.060319     0.046185
   1987    80-84   0.073279     0.108130     0.086619
   1987    85-89   0.129323     0.175826     0.144890
   1987    90-94   0.214290     0.268384     0.230002
   1987    95-99   0.367077     0.313680     0.352874
   1987   100-104  0.330508     0.470588     0.355401
   1987   105-109  0.000000            .     0.000000
   1987   110+            .            .            .
   1988     0      0.004514     0.006312     0.005436
   1988     1-4    0.000342     0.000600     0.000473
   1988     5-9    0.000190     0.000313     0.000252
   1988    10-14   0.000134     0.000255     0.000196
   1988    15-19   0.000343     0.001036     0.000696
   1988    20-24   0.000401     0.001184     0.000801
   1988    25-29   0.000382     0.000973     0.000687
   1988    30-34   0.000611     0.000928     0.000773
   1988    35-39   0.000765     0.001433     0.001105
   1988    40-44   0.001155     0.002062     0.001622
   1988    45-49   0.001733     0.003249     0.002529
   1988    50-54   0.002555     0.005986     0.004338
   1988    55-59   0.003874     0.009688     0.006784
   1988    60-64   0.006171     0.013319     0.009562
   1988    65-69   0.009876     0.020644     0.014251
   1988    70-74   0.019390     0.034386     0.025691
   1988    75-79   0.036745     0.062899     0.047478
   1988    80-84   0.072904     0.108242     0.086430
   1988    85-89   0.141443     0.178021     0.153724
   1988    90-94   0.232787     0.257585     0.239905
   1988    95-99   0.382126     0.459641     0.402432
   1988   100-104  0.806452     0.576923     0.756303
   1988   105-109  0.857143            .     0.857143
   1988   110+            .            .            .
   1989     0      0.004663     0.004977     0.004824
   1989     1-4    0.000215     0.000558     0.000390
   1989     5-9    0.000139     0.000154     0.000147
   1989    10-14   0.000138     0.000176     0.000157
   1989    15-19   0.000333     0.001118     0.000734
   1989    20-24   0.000309     0.001301     0.000817
   1989    25-29   0.000272     0.000802     0.000545
   1989    30-34   0.000483     0.000873     0.000683
   1989    35-39   0.000874     0.001073     0.000975
   1989    40-44   0.001105     0.001496     0.001306
   1989    45-49   0.001794     0.002967     0.002408
   1989    50-54   0.002483     0.005349     0.003977
   1989    55-59   0.003845     0.009319     0.006593
   1989    60-64   0.006075     0.012617     0.009228
   1989    65-69   0.009648     0.019613     0.013749
   1989    70-74   0.016798     0.032696     0.023424
   1989    75-79   0.030745     0.060955     0.043019
   1989    80-84   0.067702     0.100260     0.080197
   1989    85-89   0.132656     0.170672     0.145505
   1989    90-94   0.208594     0.261823     0.223781
   1989    95-99   0.307131     0.351648     0.318490
   1989   100-104  0.614458     0.468750     0.573913
   1989   105-109  0.857143            .     0.857143
   1989   110+            .            .            .
   1990     0      0.004723     0.004763     0.004744
   1990     1-4    0.000397     0.000573     0.000487
   1990     5-9    0.000218     0.000198     0.000208
   1990    10-14   0.000133     0.000281     0.000209
   1990    15-19   0.000378     0.001071     0.000732
   1990    20-24   0.000370     0.001142     0.000764
   1990    25-29   0.000354     0.000811     0.000590
   1990    30-34   0.000553     0.000992     0.000778
   1990    35-39   0.000770     0.001308     0.001044
   1990    40-44   0.001215     0.001921     0.001577
   1990    45-49   0.001486     0.003091     0.002324
   1990    50-54   0.002508     0.005221     0.003925
   1990    55-59   0.003927     0.009125     0.006547
   1990    60-64   0.006299     0.012609     0.009367
   1990    65-69   0.010252     0.019755     0.014278
   1990    70-74   0.017369     0.035035     0.024616
   1990    75-79   0.032953     0.056785     0.042556
   1990    80-84   0.066671     0.102997     0.080600
   1990    85-89   0.135181     0.174261     0.148299
   1990    90-94   0.227985     0.259981     0.237297
   1990    95-99   0.328739     0.315596     0.325350
   1990   100-104  0.600000     0.423529     0.549153
   1990   105-109  0.000000            .     0.000000
   1990   110+            .            .            .
   1991     0      0.004051     0.005099     0.004591
   1991     1-4    0.000509     0.000403     0.000455
   1991     5-9    0.000100     0.000223     0.000162
   1991    10-14   0.000118     0.000131     0.000124
   1991    15-19   0.000325     0.001150     0.000746
   1991    20-24   0.000309     0.001051     0.000688
   1991    25-29   0.000343     0.000854     0.000608
   1991    30-34   0.000370     0.000795     0.000588
   1991    35-39   0.000710     0.001290     0.001006
   1991    40-44   0.001188     0.002037     0.001622
   1991    45-49   0.001921     0.003167     0.002570
   1991    50-54   0.002604     0.004988     0.003852
   1991    55-59   0.003962     0.009132     0.006584
   1991    60-64   0.005543     0.013618     0.009485
   1991    65-69   0.009286     0.018777     0.013456
   1991    70-74   0.017137     0.033842     0.023839
   1991    75-79   0.031554     0.055338     0.041089
   1991    80-84   0.061047     0.095994     0.074316
   1991    85-89   0.125088     0.170796     0.140460
   1991    90-94   0.214592     0.262065     0.228562
   1991    95-99   0.379567     0.341692     0.369424
   1991   100-104  0.351464     0.488372     0.387692
   1991   105-109  0.461538     0.000000     0.375000
   1991   110+            .            .            .
   1992     0      0.003638     0.003996     0.003823
   1992     1-4    0.000338     0.000526     0.000435
   1992     5-9    0.000147     0.000260     0.000205
   1992    10-14   0.000060     0.000249     0.000157
   1992    15-19   0.000385     0.001156     0.000779
   1992    20-24   0.000486     0.001101     0.000801
   1992    25-29   0.000422     0.000965     0.000704
   1992    30-34   0.000458     0.000967     0.000720
   1992    35-39   0.000773     0.001212     0.000997
   1992    40-44   0.001120     0.001957     0.001547
   1992    45-49   0.001778     0.003504     0.002672
   1992    50-54   0.002492     0.004880     0.003744
   1992    55-59   0.003907     0.008794     0.006404
   1992    60-64   0.005939     0.013038     0.009417
   1992    65-69   0.009397     0.020888     0.014602
   1992    70-74   0.016994     0.033618     0.023531
   1992    75-79   0.032330     0.057177     0.042234
   1992    80-84   0.062938     0.097980     0.076156
   1992    85-89   0.120470     0.164316     0.135305
   1992    90-94   0.205479     0.240925     0.215777
   1992    95-99   0.280220     0.402426     0.311804
   1992   100-104  0.375370     0.722892     0.449899
   1992   105-109  0.428571     0.000000     0.300000
   1992   110+            .            .            .
   1993     0      0.004105     0.004177     0.004142
   1993     1-4    0.000447     0.000566     0.000509
   1993     5-9    0.000151     0.000211     0.000182
   1993    10-14   0.000092     0.000166     0.000130
   1993    15-19   0.000323     0.000903     0.000619
   1993    20-24   0.000283     0.001145     0.000726
   1993    25-29   0.000279     0.000825     0.000562
   1993    30-34   0.000482     0.000756     0.000623
   1993    35-39   0.000744     0.001470     0.001116
   1993    40-44   0.001106     0.002126     0.001627
   1993    45-49   0.001654     0.003215     0.002458
   1993    50-54   0.002251     0.005200     0.003794
   1993    55-59   0.004137     0.008496     0.006379
   1993    60-64   0.005941     0.013507     0.009664
   1993    65-69   0.008652     0.019889     0.013859
   1993    70-74   0.016606     0.032267     0.022724
   1993    75-79   0.030765     0.059218     0.042009
   1993    80-84   0.061080     0.100477     0.075898
   1993    85-89   0.114811     0.153817     0.128020
   1993    90-94   0.201353     0.248087     0.214829
   1993    95-99   0.309731     0.348384     0.319319
   1993   100-104  0.461538     0.326087     0.436364
   1993   105-109  0.857143     0.000000     0.375000
   1993   110+     6.000000            .     6.000000
   1994     0      0.003180     0.004926     0.004083
   1994     1-4    0.000349     0.000607     0.000482
   1994     5-9    0.000143     0.000217     0.000181
   1994    10-14   0.000073     0.000219     0.000148
   1994    15-19   0.000143     0.000922     0.000541
   1994    20-24   0.000455     0.000925     0.000697
   1994    25-29   0.000305     0.000941     0.000636
   1994    30-34   0.000695     0.000855     0.000777
   1994    35-39   0.000570     0.001094     0.000839
   1994    40-44   0.000916     0.001986     0.001463
   1994    45-49   0.001752     0.002997     0.002392
   1994    50-54   0.002018     0.004747     0.003441
   1994    55-59   0.003210     0.007774     0.005566
   1994    60-64   0.004826     0.012983     0.008853
   1994    65-69   0.008878     0.020221     0.014214
   1994    70-74   0.014974     0.031663     0.021583
   1994    75-79   0.027286     0.052670     0.037202
   1994    80-84   0.057697     0.090811     0.070005
   1994    85-89   0.117489     0.155682     0.130500
   1994    90-94   0.196747     0.256080     0.213845
   1994    95-99   0.275896     0.307200     0.283607
   1994   100-104  0.576659     0.535714     0.568306
   1994   105-109  0.000000     0.000000     0.000000
   1994   110+            .            .            .
   1995     0      0.003112     0.005562     0.004378
   1995     1-4    0.000493     0.000413     0.000452
   1995     5-9    0.000161     0.000246     0.000205
   1995    10-14   0.000106     0.000193     0.000150
   1995    15-19   0.000244     0.000840     0.000548
   1995    20-24   0.000329     0.000778     0.000559
   1995    25-29   0.000320     0.000729     0.000534
   1995    30-34   0.000535     0.001009     0.000779
   1995    35-39   0.000627     0.001380     0.001013
   1995    40-44   0.001039     0.001787     0.001421
   1995    45-49   0.001801     0.003110     0.002473
   1995    50-54   0.002460     0.004933     0.003746
   1995    55-59   0.003687     0.007967     0.005903
   1995    60-64   0.005611     0.013997     0.009768
   1995    65-69   0.008418     0.020932     0.014352
   1995    70-74   0.015686     0.033470     0.022935
   1995    75-79   0.029111     0.052839     0.038232
   1995    80-84   0.057100     0.093340     0.070434
   1995    85-89   0.113623     0.166950     0.131742
   1995    90-94   0.205512     0.263858     0.222011
   1995    95-99   0.347700     0.404618     0.361676
   1995   100-104  0.470046     0.541353     0.486772
   1995   105-109  0.000000     0.600000     0.214286
   1995   110+            .            .            .
   1996     0      0.003621     0.004783     0.004220
   1996     1-4    0.000301     0.000516     0.000412
   1996     5-9    0.000179     0.000253     0.000217
   1996    10-14   0.000076     0.000145     0.000111
   1996    15-19   0.000361     0.000730     0.000550
   1996    20-24   0.000331     0.000884     0.000614
   1996    25-29   0.000379     0.000740     0.000568
   1996    30-34   0.000374     0.000846     0.000618
   1996    35-39   0.000656     0.001096     0.000881
   1996    40-44   0.000976     0.001831     0.001413
   1996    45-49   0.001533     0.003059     0.002314
   1996    50-54   0.002463     0.004906     0.003730
   1996    55-59   0.003628     0.007561     0.005669
   1996    60-64   0.005125     0.013050     0.009080
   1996    65-69   0.008609     0.019761     0.013919
   1996    70-74   0.014228     0.031487     0.021522
   1996    75-79   0.028268     0.052417     0.037344
   1996    80-84   0.051203     0.086184     0.063994
   1996    85-89   0.100406     0.141345     0.114083
   1996    90-94   0.184521     0.223679     0.195730
   1996    95-99   0.316828     0.339507     0.322454
   1996   100-104  0.344168     0.195652     0.305516
   1996   105-109  0.214286     0.000000     0.193548
   1996   110+            .     0.000000     0.000000
   1997     0      0.002888     0.003895     0.003406
   1997     1-4    0.000412     0.000455     0.000434
   1997     5-9    0.000092     0.000173     0.000134
   1997    10-14   0.000088     0.000265     0.000178
   1997    15-19   0.000332     0.000748     0.000545
   1997    20-24   0.000307     0.000769     0.000544
   1997    25-29   0.000253     0.000807     0.000543
   1997    30-34   0.000500     0.000985     0.000751
   1997    35-39   0.000567     0.001379     0.000984
   1997    40-44   0.001169     0.002011     0.001600
   1997    45-49   0.001945     0.002935     0.002451
   1997    50-54   0.002757     0.004775     0.003798
   1997    55-59   0.003373     0.007450     0.005490
   1997    60-64   0.004998     0.012993     0.009023
   1997    65-69   0.008206     0.020101     0.013888
   1997    70-74   0.014617     0.031368     0.021920
   1997    75-79   0.025619     0.053161     0.035766
   1997    80-84   0.050183     0.089402     0.064428
   1997    85-89   0.100130     0.145694     0.115184
   1997    90-94   0.186719     0.229672     0.199191
   1997    95-99   0.265351     0.375039     0.291430
   1997   100-104  0.563478     0.602904     0.574354
   1997   105-109  0.562500            .     0.562500
   1997   110+            .     0.000000     0.000000
   1998     0      0.003626     0.003306     0.003462
   1998     1-4    0.000359     0.000423     0.000392
   1998     5-9    0.000054     0.000165     0.000111
   1998    10-14   0.000114     0.000240     0.000178
   1998    15-19   0.000247     0.000692     0.000474
   1998    20-24   0.000356     0.000844     0.000607
   1998    25-29   0.000415     0.000718     0.000573
   1998    30-34   0.000680     0.001013     0.000853
   1998    35-39   0.000663     0.001154     0.000916
   1998    40-44   0.000987     0.002069     0.001541
   1998    45-49   0.001484     0.002989     0.002253
   1998    50-54   0.002555     0.004722     0.003667
   1998    55-59   0.003035     0.007580     0.005391
   1998    60-64   0.005001     0.012335     0.008719
   1998    65-69   0.008511     0.019787     0.013921
   1998    70-74   0.013674     0.030543     0.021202
   1998    75-79   0.026131     0.050017     0.034883
   1998    80-84   0.048086     0.089745     0.063015
   1998    85-89   0.095606     0.143002     0.111234
   1998    90-94   0.171632     0.235693     0.190044
   1998    95-99   0.292442     0.394902     0.315489
   1998   100-104  0.440367     0.720384     0.505960
   1998   105-109  0.272727     0.000000     0.255319
   1998   110+            .     0.000000     0.000000
   1999     0      0.002696     0.003446     0.003081
   1999     1-4    0.000342     0.000238     0.000289
   1999     5-9    0.000165     0.000245     0.000207
   1999    10-14   0.000153     0.000191     0.000173
   1999    15-19   0.000361     0.000750     0.000559
   1999    20-24   0.000319     0.000831     0.000582
   1999    25-29   0.000309     0.000873     0.000603
   1999    30-34   0.000466     0.000996     0.000741
   1999    35-39   0.000530     0.001468     0.001012
   1999    40-44   0.000941     0.002243     0.001608
   1999    45-49   0.001579     0.003217     0.002415
   1999    50-54   0.002202     0.004639     0.003449
   1999    55-59   0.003283     0.007213     0.005312
   1999    60-64   0.005034     0.012780     0.008977
   1999    65-69   0.008434     0.019797     0.013907
   1999    70-74   0.013708     0.031764     0.021890
   1999    75-79   0.026375     0.052183     0.035981
   1999    80-84   0.050340     0.089773     0.064261
   1999    85-89   0.093884     0.147372     0.111240
   1999    90-94   0.182766     0.223031     0.194355
   1999    95-99   0.298778     0.394805     0.320037
   1999   100-104  0.529412     0.624863     0.547344
   1999   105-109  0.789474     2.400000     0.976744
   1999   110+            .     3.000000     3.000000
   2000     0      0.002652     0.003577     0.003126
   2000     1-4    0.000527     0.000464     0.000494
   2000     5-9    0.000097     0.000157     0.000128
   2000    10-14   0.000049     0.000174     0.000113
   2000    15-19   0.000232     0.000555     0.000396
   2000    20-24   0.000216     0.000782     0.000506
   2000    25-29   0.000441     0.000864     0.000662
   2000    30-34   0.000580     0.000965     0.000781
   2000    35-39   0.000548     0.001149     0.000857
   2000    40-44   0.001035     0.002138     0.001600
   2000    45-49   0.001373     0.002880     0.002142
   2000    50-54   0.002455     0.004671     0.003587
   2000    55-59   0.002930     0.007115     0.005085
   2000    60-64   0.004790     0.011771     0.008352
   2000    65-69   0.008092     0.018003     0.012890
   2000    70-74   0.012561     0.030872     0.020929
   2000    75-79   0.024079     0.048221     0.033348
   2000    80-84   0.046714     0.085716     0.060214
   2000    85-89   0.087427     0.140522     0.104344
   2000    90-94   0.166822     0.225596     0.183665
   2000    95-99   0.279642     0.341232     0.293349
   2000   100-104  0.381418     0.475610     0.397149
   2000   105-109  0.620690            .     0.620690
   2000   110+            .            .            .
   2001     0      0.002727     0.003162     0.002950
   2001     1-4    0.000328     0.000433     0.000382
   2001     5-9    0.000169     0.000132     0.000150
   2001    10-14   0.000077     0.000096     0.000087
   2001    15-19   0.000202     0.000454     0.000331
   2001    20-24   0.000393     0.000666     0.000533
   2001    25-29   0.000329     0.000929     0.000642
   2001    30-34   0.000492     0.001085     0.000802
   2001    35-39   0.000567     0.001270     0.000929
   2001    40-44   0.000821     0.001879     0.001363
   2001    45-49   0.001516     0.003048     0.002298
   2001    50-54   0.002305     0.004750     0.003550
   2001    55-59   0.003323     0.007187     0.005308
   2001    60-64   0.004712     0.011026     0.007941
   2001    65-69   0.007923     0.018360     0.013016
   2001    70-74   0.012714     0.029044     0.020211
   2001    75-79   0.022586     0.046835     0.032259
   2001    80-84   0.043003     0.083758     0.056742
   2001    85-89   0.084661     0.134091     0.100276
   2001    90-94   0.155209     0.217027     0.172371
   2001    95-99   0.267334     0.325209     0.280406
   2001   100-104  0.370434     0.357749     0.368141
   2001   105-109  0.827586     0.000000     0.750000
   2001   110+            .            .            .
   2002     0      0.002903     0.003268     0.003089
   2002     1-4    0.000165     0.000314     0.000241
   2002     5-9    0.000142     0.000121     0.000131
   2002    10-14   0.000039     0.000074     0.000057
   2002    15-19   0.000162     0.000579     0.000375
   2002    20-24   0.000265     0.000814     0.000546
   2002    25-29   0.000379     0.000789     0.000593
   2002    30-34   0.000416     0.000874     0.000655
   2002    35-39   0.000577     0.001477     0.001041
   2002    40-44   0.001032     0.001812     0.001432
   2002    45-49   0.001187     0.002850     0.002036
   2002    50-54   0.002065     0.005343     0.003730
   2002    55-59   0.002952     0.007583     0.005318
   2002    60-64   0.004872     0.010549     0.007780
   2002    65-69   0.007607     0.017979     0.012718
   2002    70-74   0.012237     0.029056     0.019990
   2002    75-79   0.021158     0.046092     0.031421
   2002    80-84   0.043331     0.081775     0.055963
   2002    85-89   0.083422     0.132275     0.098763
   2002    90-94   0.161184     0.211279     0.174850
   2002    95-99   0.263601     0.301198     0.272446
   2002   100-104  0.436316     0.616284     0.464158
   2002   105-109  0.162162     0.000000     0.130435
   2002   110+            .            .            .
   2003     0      0.002613     0.003142     0.002884
   2003     1-4    0.000295     0.000298     0.000297
   2003     5-9    0.000100     0.000175     0.000139
   2003    10-14   0.000121     0.000139     0.000131
   2003    15-19   0.000242     0.000463     0.000355
   2003    20-24   0.000307     0.000636     0.000476
   2003    25-29   0.000413     0.000773     0.000600
   2003    30-34   0.000377     0.001077     0.000743
   2003    35-39   0.000712     0.001409     0.001072
   2003    40-44   0.000860     0.002004     0.001446
   2003    45-49   0.001497     0.003006     0.002267
   2003    50-54   0.002060     0.004797     0.003450
   2003    55-59   0.003200     0.007537     0.005404
   2003    60-64   0.004296     0.010032     0.007230
   2003    65-69   0.007693     0.016956     0.012295
   2003    70-74   0.012893     0.027740     0.019774
   2003    75-79   0.021517     0.047137     0.032308
   2003    80-84   0.043618     0.078096     0.054890
   2003    85-89   0.086079     0.139227     0.102534
   2003    90-94   0.158894     0.216272     0.174509
   2003    95-99   0.238796     0.357100     0.266227
   2003   100-104  0.386465     0.571664     0.412007
   2003   105-109  0.734694     0.750000     0.736842
   2003   110+            .            .            .
   2004     0      0.002594     0.002471     0.002531
   2004     1-4    0.000355     0.000321     0.000337
   2004     5-9    0.000086     0.000068     0.000077
   2004    10-14   0.000110     0.000090     0.000100
   2004    15-19   0.000325     0.000440     0.000384
   2004    20-24   0.000327     0.000742     0.000540
   2004    25-29   0.000335     0.000726     0.000539
   2004    30-34   0.000381     0.001013     0.000711
   2004    35-39   0.000545     0.001513     0.001046
   2004    40-44   0.000879     0.001749     0.001324
   2004    45-49   0.001339     0.002779     0.002075
   2004    50-54   0.002165     0.004363     0.003281
   2004    55-59   0.003136     0.006533     0.004859
   2004    60-64   0.004270     0.009676     0.007025
   2004    65-69   0.006964     0.016291     0.011624
   2004    70-74   0.011844     0.027894     0.019323
   2004    75-79   0.021170     0.045837     0.031719
   2004    80-84   0.040329     0.077892     0.052878
   2004    85-89   0.080578     0.127645     0.094941
   2004    90-94   0.142475     0.210953     0.160701
   2004    95-99   0.239967     0.304453     0.254639
   2004   100-104  0.430769     0.451564     0.433900
   2004   105-109  0.477273     3.000000     0.533333
   2004   110+            .            .            .
   2005     0      0.002560     0.002910     0.002739
   2005     1-4    0.000153     0.000383     0.000270
   2005     5-9    0.000116     0.000096     0.000106
   2005    10-14   0.000126     0.000079     0.000101
   2005    15-19   0.000220     0.000572     0.000401
   2005    20-24   0.000398     0.000672     0.000539
   2005    25-29   0.000271     0.000716     0.000503
   2005    30-34   0.000495     0.000757     0.000632
   2005    35-39   0.000429     0.001265     0.000864
   2005    40-44   0.001080     0.001880     0.001490
   2005    45-49   0.001403     0.002704     0.002067
   2005    50-54   0.002282     0.004296     0.003304
   2005    55-59   0.003103     0.006700     0.004924
   2005    60-64   0.004338     0.010576     0.007510
   2005    65-69   0.007470     0.016033     0.011768
   2005    70-74   0.011613     0.029521     0.020008
   2005    75-79   0.021335     0.045926     0.031945
   2005    80-84   0.040214     0.078200     0.053356
   2005    85-89   0.080876     0.133645     0.096675
   2005    90-94   0.151639     0.218817     0.169099
   2005    95-99   0.254357     0.350767     0.276067
   2005   100-104  0.334414     0.528660     0.365495
   2005   105-109  0.440367     0.000000     0.428571
   2005   110+     0.000000            .     0.000000
   2006     0      0.002958     0.002401     0.002672
   2006     1-4    0.000275     0.000263     0.000269
   2006     5-9    0.000073     0.000152     0.000113
   2006    10-14   0.000057     0.000132     0.000096
   2006    15-19   0.000174     0.000512     0.000348
   2006    20-24   0.000255     0.000917     0.000595
   2006    25-29   0.000269     0.000750     0.000520
   2006    30-34   0.000442     0.000981     0.000724
   2006    35-39   0.000537     0.001184     0.000874
   2006    40-44   0.001049     0.001699     0.001383
   2006    45-49   0.001231     0.003086     0.002177
   2006    50-54   0.002415     0.004289     0.003367
   2006    55-59   0.002897     0.006708     0.004822
   2006    60-64   0.004129     0.010319     0.007269
   2006    65-69   0.007172     0.015329     0.011279
   2006    70-74   0.011283     0.026468     0.018463
   2006    75-79   0.020036     0.045198     0.030947
   2006    80-84   0.039791     0.076692     0.053067
   2006    85-89   0.077778     0.130188     0.093017
   2006    90-94   0.151095     0.207476     0.165542
   2006    95-99   0.248330     0.348687     0.270043
   2006   100-104  0.375385     0.424152     0.382629
   2006   105-109  0.521739     0.000000     0.483871
   2006   110+     0.000000            .     0.000000
   2007     0      0.003385     0.003056     0.003216
   2007     1-4    0.000222     0.000230     0.000226
   2007     5-9    0.000102     0.000056     0.000079
   2007    10-14   0.000085     0.000067     0.000076
   2007    15-19   0.000277     0.000530     0.000408
   2007    20-24   0.000376     0.000830     0.000611
   2007    25-29   0.000313     0.000726     0.000529
   2007    30-34   0.000443     0.000985     0.000726
   2007    35-39   0.000630     0.001333     0.000997
   2007    40-44   0.000975     0.001697     0.001347
   2007    45-49   0.001232     0.002840     0.002053
   2007    50-54   0.002092     0.004386     0.003259
   2007    55-59   0.002708     0.006607     0.004674
   2007    60-64   0.004416     0.010497     0.007486
   2007    65-69   0.006239     0.015319     0.010821
   2007    70-74   0.011127     0.027096     0.018758
   2007    75-79   0.019253     0.044456     0.030228
   2007    80-84   0.036215     0.070883     0.049107
   2007    85-89   0.076895     0.124258     0.090299
   2007    90-94   0.145533     0.203659     0.160382
   2007    95-99   0.244299     0.304001     0.257005
   2007   100-104  0.299642     0.358253     0.308364
   2007   105-109  0.400000     0.000000     0.347826
   2007   110+     0.000000            .     0.000000
   2008     0      0.002432     0.002525     0.002480
   2008     1-4    0.000368     0.000408     0.000388
   2008     5-9    0.000044     0.000099     0.000072
   2008    10-14   0.000057     0.000027     0.000042
   2008    15-19   0.000115     0.000506     0.000318
   2008    20-24   0.000267     0.000883     0.000586
   2008    25-29   0.000321     0.000756     0.000548
   2008    30-34   0.000334     0.000798     0.000577
   2008    35-39   0.000704     0.001174     0.000949
   2008    40-44   0.000976     0.001846     0.001426
   2008    45-49   0.001036     0.002879     0.001979
   2008    50-54   0.001936     0.004314     0.003147
   2008    55-59   0.002865     0.006830     0.004866
   2008    60-64   0.003926     0.009559     0.006759
   2008    65-69   0.006161     0.014407     0.010319
   2008    70-74   0.010787     0.026279     0.018259
   2008    75-79   0.019773     0.045919     0.031224
   2008    80-84   0.038143     0.073063     0.051460
   2008    85-89   0.074878     0.132896     0.091201
   2008    90-94   0.148524     0.213150     0.164821
   2008    95-99   0.250115     0.327638     0.266906
   2008   100-104  0.430336     0.571101     0.450187
   2008   105-109  0.468085     0.500000     0.472727
   2008   110+     0.000000            .     0.000000
   2009     0      0.001962     0.002405     0.002190
   2009     1-4    0.000228     0.000177     0.000202
   2009     5-9    0.000060     0.000115     0.000088
   2009    10-14   0.000072     0.000189     0.000132
   2009    15-19   0.000131     0.000609     0.000379
   2009    20-24   0.000319     0.000613     0.000472
   2009    25-29   0.000341     0.000897     0.000632
   2009    30-34   0.000348     0.000948     0.000662
   2009    35-39   0.000564     0.001158     0.000875
   2009    40-44   0.000923     0.001762     0.001359
   2009    45-49   0.001431     0.002675     0.002068
   2009    50-54   0.002095     0.004396     0.003268
   2009    55-59   0.002639     0.006813     0.004747
   2009    60-64   0.003866     0.009856     0.006874
   2009    65-69   0.006207     0.014804     0.010528
   2009    70-74   0.009941     0.023342     0.016448
   2009    75-79   0.019487     0.042642     0.029689
   2009    80-84   0.037297     0.075219     0.051962
   2009    85-89   0.073888     0.125767     0.088845
   2009    90-94   0.148589     0.213790     0.164729
   2009    95-99   0.244268     0.317440     0.259513
   2009   100-104  0.352464     0.434349     0.364770
   2009   105-109  0.552147     1.058824     0.600000
   2009   110+     0.600000            .     0.600000
   2010     0      0.002005     0.003045     0.002540
   2010     1-4    0.000126     0.000397     0.000265
   2010     5-9    0.000046     0.000146     0.000097
   2010    10-14   0.000058     0.000055     0.000056
   2010    15-19   0.000292     0.000350     0.000322
   2010    20-24   0.000379     0.000760     0.000578
   2010    25-29   0.000271     0.000774     0.000535
   2010    30-34   0.000509     0.000862     0.000694
   2010    35-39   0.000637     0.001040     0.000848
   2010    40-44   0.001021     0.001723     0.001387
   2010    45-49   0.001478     0.002623     0.002066
   2010    50-54   0.002038     0.003696     0.002883
   2010    55-59   0.002578     0.006664     0.004641
   2010    60-64   0.003978     0.009526     0.006762
   2010    65-69   0.006194     0.014542     0.010379
   2010    70-74   0.010314     0.023289     0.016655
   2010    75-79   0.018700     0.042435     0.029240
   2010    80-84   0.036281     0.071222     0.049950
   2010    85-89   0.075762     0.127275     0.091189
   2010    90-94   0.146884     0.221438     0.164817
   2010    95-99   0.254832     0.350345     0.273709
   2010   100-104  0.381252     0.506235     0.400725
   2010   105-109  0.705882     0.545455     0.696970
   2010   110+     0.000000            .     0.000000
   2011     0      0.002938     0.001913     0.002408
   2011     1-4    0.000255     0.000201     0.000227
   2011     5-9    0.000031     0.000120     0.000077
   2011    10-14   0.000059     0.000124     0.000092
   2011    15-19   0.000192     0.000487     0.000345
   2011    20-24   0.000502     0.000804     0.000660
   2011    25-29   0.000290     0.000707     0.000509
   2011    30-34   0.000469     0.000865     0.000677
   2011    35-39   0.000624     0.001122     0.000884
   2011    40-44   0.000978     0.001655     0.001332
   2011    45-49   0.001452     0.002489     0.001986
   2011    50-54   0.001941     0.004335     0.003160
   2011    55-59   0.002611     0.006088     0.004368
   2011    60-64   0.003973     0.010267     0.007121
   2011    65-69   0.005648     0.014459     0.010054
   2011    70-74   0.010133     0.023120     0.016514
   2011    75-79   0.019190     0.042067     0.029453
   2011    80-84   0.035964     0.075494     0.051537
   2011    85-89   0.077636     0.130051     0.093996
   2011    90-94   0.149672     0.224869     0.167096
   2011    95-99   0.257368     0.345434     0.274311
   2011   100-104  0.420727     0.578940     0.444635
   2011   105-109  0.498057     0.375000     0.490021
   2011   110+     0.000000            .     0.000000
   2012     0      0.002424     0.002901     0.002669
   2012     1-4    0.000195     0.000265     0.000231
   2012     5-9    0.000080     0.000076     0.000078
   2012    10-14   0.000073     0.000152     0.000114
   2012    15-19   0.000163     0.000357     0.000264
   2012    20-24   0.000155     0.000576     0.000376
   2012    25-29   0.000271     0.000649     0.000470
   2012    30-34   0.000447     0.000836     0.000651
   2012    35-39   0.000500     0.000997     0.000760
   2012    40-44   0.000831     0.001480     0.001170
   2012    45-49   0.001269     0.002197     0.001749
   2012    50-54   0.002148     0.003718     0.002948
   2012    55-59   0.002686     0.006154     0.004440
   2012    60-64   0.004162     0.008972     0.006562
   2012    65-69   0.006505     0.014118     0.010293
   2012    70-74   0.010509     0.021940     0.016145
   2012    75-79   0.018351     0.041269     0.028773
   2012    80-84   0.036129     0.072354     0.050436
   2012    85-89   0.073101     0.124200     0.089607
   2012    90-94   0.151672     0.217275     0.166357
   2012    95-99   0.267078     0.343300     0.281505
   2012   100-104  0.392046     0.443533     0.399650
   2012   105-109  0.817021     1.142857     0.843750
   2012   110+     2.000000            .     2.000000
   2013     0      0.002552     0.002442     0.002496
   2013     1-4    0.000220     0.000166     0.000193
   2013     5-9    0.000082     0.000109     0.000095
   2013    10-14   0.000059     0.000070     0.000065
   2013    15-19   0.000164     0.000320     0.000245
   2013    20-24   0.000221     0.000739     0.000494
   2013    25-29   0.000378     0.000618     0.000504
   2013    30-34   0.000397     0.000825     0.000621
   2013    35-39   0.000581     0.001260     0.000936
   2013    40-44   0.000821     0.001495     0.001173
   2013    45-49   0.001390     0.002501     0.001966
   2013    50-54   0.002145     0.004122     0.003154
   2013    55-59   0.002610     0.005810     0.004230
   2013    60-64   0.003980     0.008982     0.006478
   2013    65-69   0.005876     0.014031     0.009916
   2013    70-74   0.009732     0.021360     0.015462
   2013    75-79   0.017864     0.038274     0.027268
   2013    80-84   0.038188     0.070480     0.051046
   2013    85-89   0.072449     0.126673     0.090369
   2013    90-94   0.145261     0.209197     0.159621
   2013    95-99   0.248505     0.328421     0.263439
   2013   100-104  0.385592     0.463797     0.397663
   2013   105-109  0.590551     0.750000     0.604317
   2013   110+     1.500000     0.000000     0.857143
   2014     0      0.002932     0.002408     0.002662
   2014     1-4    0.000135     0.000213     0.000175
   2014     5-9    0.000100     0.000142     0.000121
   2014    10-14   0.000075     0.000114     0.000095
   2014    15-19   0.000135     0.000348     0.000245
   2014    20-24   0.000258     0.000549     0.000411
   2014    25-29   0.000247     0.000702     0.000487
   2014    30-34   0.000418     0.000764     0.000599
   2014    35-39   0.000584     0.000939     0.000770
   2014    40-44   0.000807     0.001325     0.001078
   2014    45-49   0.001507     0.002059     0.001794
   2014    50-54   0.001980     0.003383     0.002697
   2014    55-59   0.003098     0.005270     0.004198
   2014    60-64   0.003831     0.009032     0.006430
   2014    65-69   0.005680     0.013648     0.009621
   2014    70-74   0.009055     0.021726     0.015275
   2014    75-79   0.017267     0.037816     0.026825
   2014    80-84   0.036334     0.069895     0.049856
   2014    85-89   0.069739     0.121569     0.087103
   2014    90-94   0.139139     0.193082     0.151773
   2014    95-99   0.249918     0.332977     0.265094
   2014   100-104  0.414067     0.394777     0.411049
   2014   105-109  0.450980     0.750000     0.465839
   2014   110+     0.600000     3.000000     1.000000
   2015     0      0.002031     0.002958     0.002504
   2015     1-4    0.000185     0.000088     0.000135
   2015     5-9    0.000118     0.000080     0.000098
   2015    10-14   0.000199     0.000117     0.000157
   2015    15-19   0.000164     0.000333     0.000252
   2015    20-24   0.000147     0.000821     0.000502
   2015    25-29   0.000393     0.000660     0.000535
   2015    30-34   0.000312     0.000689     0.000509
   2015    35-39   0.000462     0.001019     0.000753
   2015    40-44   0.000831     0.001429     0.001144
   2015    45-49   0.001335     0.002135     0.001752
   2015    50-54   0.001791     0.003631     0.002733
   2015    55-59   0.003015     0.005764     0.004406
   2015    60-64   0.003611     0.008996     0.006301
   2015    65-69   0.005768     0.013881     0.009776
   2015    70-74   0.010101     0.021420     0.015639
   2015    75-79   0.017167     0.035717     0.025868
   2015    80-84   0.033715     0.066697     0.047167
   2015    85-89   0.070098     0.120071     0.087088
   2015    90-94   0.139719     0.193609     0.152958
   2015    95-99   0.261794     0.324958     0.273116
   2015   100-104  0.404417     0.434118     0.408871
   2015   105-109  0.527859     0.720000     0.540984
   2015   110+     0.545455            .     0.545455
   2016     0      0.002659     0.001225     0.001927
   2016     1-4    0.000189     0.000135     0.000161
   2016     5-9    0.000103     0.000081     0.000091
   2016    10-14   0.000063     0.000090     0.000077
   2016    15-19   0.000208     0.000292     0.000251
   2016    20-24   0.000280     0.000536     0.000414
   2016    25-29   0.000251     0.000676     0.000478
   2016    30-34   0.000451     0.000887     0.000679
   2016    35-39   0.000654     0.000907     0.000786
   2016    40-44   0.000751     0.001417     0.001099
   2016    45-49   0.001204     0.002262     0.001757
   2016    50-54   0.002076     0.003652     0.002885
   2016    55-59   0.002589     0.005700     0.004164
   2016    60-64   0.003799     0.008355     0.006077
   2016    65-69   0.005610     0.012977     0.009240
   2016    70-74   0.009497     0.020901     0.015062
   2016    75-79   0.016364     0.034685     0.025023
   2016    80-84   0.034227     0.065748     0.047281
   2016    85-89   0.068438     0.116972     0.085149
   2016    90-94   0.142757     0.201193     0.157770
   2016    95-99   0.243294     0.331601     0.258557
   2016   100-104  0.390898     0.525565     0.409705
   2016   105-109  0.754286     0.428571     0.719388
   2016   110+     0.750000            .     0.750000
   2017     0      0.002109     0.002182     0.002147
   2017     1-4    0.000120     0.000114     0.000117
   2017     5-9    0.000035     0.000098     0.000067
   2017    10-14   0.000080     0.000046     0.000063
   2017    15-19   0.000106     0.000282     0.000197
   2017    20-24   0.000248     0.000657     0.000464
   2017    25-29   0.000210     0.000852     0.000552
   2017    30-34   0.000327     0.000569     0.000454
   2017    35-39   0.000375     0.001035     0.000720
   2017    40-44   0.000829     0.001253     0.001051
   2017    45-49   0.001231     0.002210     0.001743
   2017    50-54   0.001880     0.003427     0.002678
   2017    55-59   0.002512     0.005429     0.003991
   2017    60-64   0.003998     0.008669     0.006338
   2017    65-69   0.005499     0.013839     0.009599
   2017    70-74   0.009336     0.021363     0.015181
   2017    75-79   0.016601     0.035151     0.025410
   2017    80-84   0.032742     0.062890     0.045484
   2017    85-89   0.068066     0.121167     0.086439
   2017    90-94   0.133727     0.205781     0.152809
   2017    95-99   0.253370     0.332392     0.266601
   2017   100-104  0.435446     0.625594     0.460723
   2017   105-109  0.813149     0.765957     0.807517
   2017   110+     1.090909            .     1.090909
   2018     0      0.002184     0.002959     0.002582
   2018     1-4    0.000244     0.000185     0.000214
   2018     5-9    0.000124     0.000033     0.000077
   2018    10-14   0.000065     0.000077     0.000071
   2018    15-19   0.000184     0.000258     0.000222
   2018    20-24   0.000200     0.000598     0.000410
   2018    25-29   0.000250     0.000657     0.000467
   2018    30-34   0.000395     0.000559     0.000481
   2018    35-39   0.000420     0.000961     0.000703
   2018    40-44   0.000777     0.001370     0.001088
   2018    45-49   0.001361     0.002149     0.001774
   2018    50-54   0.001928     0.003565     0.002775
   2018    55-59   0.002395     0.005268     0.003853
   2018    60-64   0.003640     0.008454     0.006054
   2018    65-69   0.005390     0.014096     0.009673
   2018    70-74   0.008211     0.020479     0.014147
   2018    75-79   0.016099     0.034941     0.025046
   2018    80-84   0.033717     0.064956     0.047142
   2018    85-89   0.067851     0.118622     0.085553
   2018    90-94   0.139965     0.203584     0.157102
   2018    95-99   0.242495     0.298505     0.252188
   2018   100-104  0.404520     0.444856     0.409718
   2018   105-109  0.593549     0.496689     0.580388
   2018   110+     3.000000            .     3.000000
   2019     0      0.002879     0.002863     0.002871
   2019     1-4    0.000275     0.000190     0.000231
   2019     5-9    0.000072     0.000102     0.000088
   2019    10-14   0.000050     0.000094     0.000072
   2019    15-19   0.000170     0.000319     0.000247
   2019    20-24   0.000268     0.000450     0.000364
   2019    25-29   0.000428     0.000540     0.000487
   2019    30-34   0.000263     0.000642     0.000463
   2019    35-39   0.000366     0.000764     0.000574
   2019    40-44   0.000702     0.001260     0.000994
   2019    45-49   0.001356     0.001920     0.001651
   2019    50-54   0.001562     0.003264     0.002446
   2019    55-59   0.002729     0.005556     0.004167
   2019    60-64   0.003177     0.008300     0.005748
   2019    65-69   0.005587     0.014376     0.009913
   2019    70-74   0.008796     0.021511     0.014939
   2019    75-79   0.016083     0.034260     0.024677
   2019    80-84   0.033958     0.061799     0.046054
   2019    85-89   0.067463     0.112986     0.083592
   2019    90-94   0.139330     0.196339     0.154953
   2019    95-99   0.241895     0.315447     0.255338
   2019   100-104  0.409928     0.514586     0.423259
   2019   105-109  0.415108     0.473560     0.423359
   2019   110+            .     0.000000     0.000000
   2020     0      0.002700     0.002486     0.002591
   2020     1-4    0.000052     0.000124     0.000089
   2020     5-9    0.000110     0.000087     0.000098
   2020    10-14   0.000151     0.000095     0.000122
   2020    15-19   0.000219     0.000382     0.000303
   2020    20-24   0.000269     0.000619     0.000454
   2020    25-29   0.000331     0.000546     0.000446
   2020    30-34   0.000335     0.000651     0.000503
   2020    35-39   0.000671     0.000853     0.000766
   2020    40-44   0.000662     0.001424     0.001060
   2020    45-49   0.001257     0.001928     0.001609
   2020    50-54   0.001808     0.003061     0.002461
   2020    55-59   0.002521     0.005468     0.004023
   2020    60-64   0.003531     0.008144     0.005846
   2020    65-69   0.005010     0.013434     0.009156
   2020    70-74   0.008064     0.020653     0.014140
   2020    75-79   0.015678     0.035229     0.024883
   2020    80-84   0.030891     0.059600     0.043493
   2020    85-89   0.064420     0.108300     0.080262
   2020    90-94   0.131087     0.182923     0.145606
   2020    95-99   0.227874     0.313381     0.244288
   2020   100-104  0.361845     0.449904     0.372876
   2020   105-109  0.644659     0.551326     0.633117
   2020   110+            .     4.500000     4.500000
   2021     0      0.002728     0.001781     0.002244
   2021     1-4    0.000274     0.000261     0.000267
   2021     5-9    0.000056     0.000053     0.000054
   2021    10-14   0.000136     0.000112     0.000123
   2021    15-19   0.000334     0.000298     0.000316
   2021    20-24   0.000297     0.000661     0.000488
   2021    25-29   0.000319     0.000813     0.000584
   2021    30-34   0.000301     0.000758     0.000544
   2021    35-39   0.000463     0.000738     0.000607
   2021    40-44   0.000640     0.001266     0.000967
   2021    45-49   0.001171     0.001663     0.001429
   2021    50-54   0.001667     0.003193     0.002464
   2021    55-59   0.002473     0.005164     0.003849
   2021    60-64   0.003290     0.007968     0.005638
   2021    65-69   0.005365     0.012761     0.009010
   2021    70-74   0.008345     0.020505     0.014192
   2021    75-79   0.015637     0.034262     0.024374
   2021    80-84   0.031808     0.056938     0.042946
   2021    85-89   0.062926     0.113943     0.081737
   2021    90-94   0.132935     0.189324     0.148969
   2021    95-99   0.231164     0.297348     0.244440
   2021   100-104  0.401307     0.490323     0.412309
   2021   105-109  0.666718     0.488334     0.644641
   2021   110+     0.857143            .     0.857143
   2022     0      0.002146     0.003126     0.002648
   2022     1-4    0.000201     0.000192     0.000197
   2022     5-9    0.000076     0.000018     0.000047
   2022    10-14   0.000086     0.000098     0.000092
   2022    15-19   0.000177     0.000242     0.000211
   2022    20-24   0.000354     0.000505     0.000433
   2022    25-29   0.000177     0.000415     0.000304
   2022    30-34   0.000476     0.000606     0.000545
   2022    35-39   0.000408     0.000903     0.000667
   2022    40-44   0.000949     0.001431     0.001201
   2022    45-49   0.001281     0.002108     0.001714
   2022    50-54   0.001863     0.003628     0.002785
   2022    55-59   0.002832     0.005741     0.004326
   2022    60-64   0.003543     0.008682     0.006124
   2022    65-69   0.005552     0.013061     0.009259
   2022    70-74   0.008913     0.022502     0.015424
   2022    75-79   0.016307     0.035790     0.025408
   2022    80-84   0.033202     0.063818     0.046862
   2022    85-89   0.070336     0.118951     0.088691
   2022    90-94   0.140321     0.203651     0.158421
   2022    95-99   0.255337     0.332984     0.271398
   2022   100-104  0.431346     0.586254     0.449934
   2022   105-109  0.706659     0.710900     0.707148
   2022   110+     1.538462            .     1.538462
