17.Ishikawa.ken, Death Rates (period 5x1)     Last modified:2023-12-05, ver.004_004 JMD(IPSS)

   Year      Age       Female       Male         Total
   1947     0      0.104892     0.120717     0.112998
   1947     1-4    0.017908     0.018446     0.018181
   1947     5-9    0.003326     0.003972     0.003654
   1947    10-14   0.001970     0.002072     0.002021
   1947    15-19   0.004979     0.004778     0.004883
   1947    20-24   0.008401     0.008453     0.008425
   1947    25-29   0.008188     0.009667     0.008857
   1947    30-34   0.007426     0.009171     0.008225
   1947    35-39   0.006836     0.009457     0.008062
   1947    40-44   0.009299     0.010210     0.009745
   1947    45-49   0.010046     0.012944     0.011486
   1947    50-54   0.011918     0.020109     0.015935
   1947    55-59   0.016559     0.026742     0.021432
   1947    60-64   0.025344     0.043088     0.033272
   1947    65-69   0.040649     0.063088     0.050322
   1947    70-74   0.061254     0.084473     0.070391
   1947    75-79   0.103828     0.125381     0.111396
   1947    80-84   0.168305     0.190493     0.174906
   1947    85-89   0.231014     0.370077     0.266681
   1947    90-94   0.293595     0.425390     0.323463
   1947    95-99   0.377042     0.414365     0.381957
   1947   100-104  0.000000     0.000000     0.000000
   1947   105-109         .            .            .
   1947   110+            .            .            .
   1948     0      0.081728     0.098894     0.090481
   1948     1-4    0.015654     0.015903     0.015781
   1948     5-9    0.002051     0.002769     0.002416
   1948    10-14   0.001609     0.001274     0.001442
   1948    15-19   0.004340     0.003446     0.003908
   1948    20-24   0.006668     0.007761     0.007184
   1948    25-29   0.007493     0.008522     0.007957
   1948    30-34   0.005869     0.007964     0.006826
   1948    35-39   0.006270     0.008385     0.007251
   1948    40-44   0.007085     0.008820     0.007927
   1948    45-49   0.007946     0.010628     0.009277
   1948    50-54   0.012086     0.015925     0.013972
   1948    55-59   0.014235     0.023824     0.018824
   1948    60-64   0.022721     0.034006     0.027814
   1948    65-69   0.037167     0.051661     0.043371
   1948    70-74   0.059530     0.077850     0.066822
   1948    75-79   0.084595     0.110299     0.093723
   1948    80-84   0.140745     0.162410     0.147419
   1948    85-89   0.192059     0.227126     0.200520
   1948    90-94   0.354051     0.289878     0.339275
   1948    95-99   0.442804     0.000000     0.364437
   1948   100-104  0.000000     0.000000     0.000000
   1948   105-109         .            .            .
   1948   110+            .            .            .
   1949     0      0.081596     0.089374     0.085540
   1949     1-4    0.013658     0.014230     0.013949
   1949     5-9    0.002424     0.002438     0.002431
   1949    10-14   0.001467     0.000924     0.001195
   1949    15-19   0.003201     0.003227     0.003214
   1949    20-24   0.005746     0.006535     0.006120
   1949    25-29   0.006393     0.007415     0.006854
   1949    30-34   0.005787     0.006116     0.005937
   1949    35-39   0.005849     0.006946     0.006355
   1949    40-44   0.006529     0.007541     0.007015
   1949    45-49   0.008423     0.009584     0.008998
   1949    50-54   0.010575     0.016535     0.013510
   1949    55-59   0.015133     0.024374     0.019556
   1949    60-64   0.024824     0.032499     0.028334
   1949    65-69   0.034811     0.054296     0.043124
   1949    70-74   0.056636     0.080081     0.066068
   1949    75-79   0.094177     0.110092     0.099892
   1949    80-84   0.145082     0.152958     0.147557
   1949    85-89   0.223452     0.244365     0.228651
   1949    90-94   0.344617     0.382897     0.354018
   1949    95-99   0.303311     0.763683     0.379587
   1949   100-104  0.000000     0.000000     0.000000
   1949   105-109  0.000000            .     0.000000
   1949   110+            .            .            .
   1950     0      0.071982     0.088825     0.080594
   1950     1-4    0.012192     0.012251     0.012222
   1950     5-9    0.002176     0.002601     0.002392
   1950    10-14   0.001240     0.001012     0.001125
   1950    15-19   0.002583     0.002506     0.002545
   1950    20-24   0.004839     0.005359     0.005087
   1950    25-29   0.005969     0.005655     0.005827
   1950    30-34   0.005484     0.005329     0.005414
   1950    35-39   0.004879     0.006299     0.005531
   1950    40-44   0.006054     0.007307     0.006651
   1950    45-49   0.007986     0.010957     0.009447
   1950    50-54   0.010502     0.012122     0.011301
   1950    55-59   0.014812     0.021623     0.018081
   1950    60-64   0.024733     0.032108     0.028141
   1950    65-69   0.038831     0.054808     0.045652
   1950    70-74   0.061131     0.089488     0.072623
   1950    75-79   0.098163     0.118106     0.105351
   1950    80-84   0.164409     0.227565     0.184310
   1950    85-89   0.266266     0.351228     0.287618
   1950    90-94   0.415554     0.523013     0.439642
   1950    95-99   0.665980     0.000000     0.554858
   1950   100-104  2.459016     0.000000     0.903614
   1950   105-109  0.000000     6.000000     4.724409
   1950   110+            .            .            .
   1951     0      0.076957     0.086699     0.081950
   1951     1-4    0.012084     0.011005     0.011535
   1951     5-9    0.001961     0.001789     0.001874
   1951    10-14   0.000929     0.000898     0.000913
   1951    15-19   0.001968     0.001755     0.001864
   1951    20-24   0.003736     0.003871     0.003800
   1951    25-29   0.003664     0.004722     0.004150
   1951    30-34   0.003976     0.004613     0.004265
   1951    35-39   0.004526     0.004529     0.004527
   1951    40-44   0.004774     0.006061     0.005381
   1951    45-49   0.007041     0.008535     0.007773
   1951    50-54   0.009171     0.012848     0.010985
   1951    55-59   0.011854     0.018266     0.014944
   1951    60-64   0.021184     0.031844     0.026152
   1951    65-69   0.032519     0.050871     0.040366
   1951    70-74   0.054613     0.075035     0.062908
   1951    75-79   0.094218     0.122092     0.104357
   1951    80-84   0.135411     0.178235     0.148941
   1951    85-89   0.207688     0.254760     0.219521
   1951    90-94   0.391631     0.410444     0.395658
   1951    95-99   0.362381     0.613451     0.413238
   1951   100-104  0.000000     0.000000     0.000000
   1951   105-109  0.000000            .     0.000000
   1951   110+            .            .            .
   1952     0      0.068340     0.078146     0.073343
   1952     1-4    0.007007     0.006453     0.006725
   1952     5-9    0.001615     0.001839     0.001729
   1952    10-14   0.000948     0.000896     0.000922
   1952    15-19   0.001640     0.001888     0.001761
   1952    20-24   0.003005     0.002825     0.002919
   1952    25-29   0.003192     0.003537     0.003353
   1952    30-34   0.003620     0.004223     0.003892
   1952    35-39   0.004232     0.004335     0.004279
   1952    40-44   0.004461     0.005280     0.004843
   1952    45-49   0.006253     0.007373     0.006799
   1952    50-54   0.009244     0.010523     0.009877
   1952    55-59   0.013163     0.019742     0.016345
   1952    60-64   0.019585     0.032102     0.025440
   1952    65-69   0.035437     0.052189     0.042650
   1952    70-74   0.055983     0.077915     0.064879
   1952    75-79   0.089183     0.124191     0.102062
   1952    80-84   0.151924     0.206055     0.169085
   1952    85-89   0.215237     0.252263     0.224659
   1952    90-94   0.368982     0.548389     0.407051
   1952    95-99   0.566154     0.209205     0.495625
   1952   100-104  0.000000     0.000000     0.000000
   1952   105-109  0.000000            .     0.000000
   1952   110+            .            .            .
   1953     0      0.061915     0.072452     0.067313
   1953     1-4    0.005931     0.005248     0.005583
   1953     5-9    0.001162     0.001346     0.001255
   1953    10-14   0.000586     0.000818     0.000703
   1953    15-19   0.001348     0.001667     0.001502
   1953    20-24   0.002591     0.002747     0.002666
   1953    25-29   0.002691     0.003168     0.002916
   1953    30-34   0.002923     0.003402     0.003138
   1953    35-39   0.003614     0.003857     0.003725
   1953    40-44   0.004337     0.005693     0.004964
   1953    45-49   0.005916     0.008615     0.007220
   1953    50-54   0.009275     0.011635     0.010443
   1953    55-59   0.012258     0.020005     0.016023
   1953    60-64   0.021638     0.029345     0.025247
   1953    65-69   0.035597     0.050351     0.042048
   1953    70-74   0.059948     0.091690     0.072726
   1953    75-79   0.095839     0.136487     0.110842
   1953    80-84   0.150745     0.232354     0.176405
   1953    85-89   0.270950     0.332629     0.286624
   1953    90-94   0.462772     0.379024     0.444767
   1953    95-99   0.545124     1.253361     0.660811
   1953   100-104  0.000000     0.000000     0.000000
   1953   105-109  0.000000            .     0.000000
   1953   110+            .            .            .
   1954     0      0.059862     0.063871     0.061932
   1954     1-4    0.004381     0.004485     0.004434
   1954     5-9    0.001035     0.001605     0.001325
   1954    10-14   0.000636     0.000982     0.000811
   1954    15-19   0.001345     0.001547     0.001441
   1954    20-24   0.002166     0.002931     0.002529
   1954    25-29   0.002361     0.003283     0.002800
   1954    30-34   0.003446     0.003215     0.003342
   1954    35-39   0.003392     0.003085     0.003252
   1954    40-44   0.003977     0.004432     0.004186
   1954    45-49   0.005977     0.007301     0.006611
   1954    50-54   0.008459     0.011655     0.010035
   1954    55-59   0.012596     0.018793     0.015632
   1954    60-64   0.018621     0.027721     0.022893
   1954    65-69   0.031865     0.048234     0.039116
   1954    70-74   0.048042     0.073139     0.058148
   1954    75-79   0.079739     0.119650     0.094444
   1954    80-84   0.129280     0.163474     0.140026
   1954    85-89   0.230995     0.247562     0.235246
   1954    90-94   0.287343     0.230185     0.273992
   1954    95-99   0.768760     0.678611     0.759537
   1954   100-104  1.366197     2.325000     1.711712
   1954   105-109  0.255319     6.000000     0.653465
   1954   110+     0.000000            .     0.000000
   1955     0      0.050382     0.057222     0.053920
   1955     1-4    0.003707     0.004312     0.004017
   1955     5-9    0.000826     0.001448     0.001143
   1955    10-14   0.000463     0.000566     0.000515
   1955    15-19   0.000963     0.001339     0.001142
   1955    20-24   0.002282     0.002502     0.002385
   1955    25-29   0.001840     0.002770     0.002284
   1955    30-34   0.002752     0.003073     0.002897
   1955    35-39   0.003212     0.003246     0.003227
   1955    40-44   0.003658     0.004053     0.003839
   1955    45-49   0.005359     0.007111     0.006191
   1955    50-54   0.007109     0.010045     0.008545
   1955    55-59   0.011908     0.016883     0.014359
   1955    60-64   0.019300     0.029670     0.024186
   1955    65-69   0.031930     0.047992     0.039118
   1955    70-74   0.049203     0.076046     0.060044
   1955    75-79   0.083067     0.121109     0.097074
   1955    80-84   0.124494     0.176658     0.140951
   1955    85-89   0.232421     0.274029     0.243353
   1955    90-94   0.281603     0.573231     0.344539
   1955    95-99   0.396819     0.496278     0.410555
   1955   100-104  0.000000            .     0.000000
   1955   105-109  0.000000            .     0.000000
   1955   110+     0.000000            .     0.000000
   1956     0      0.056781     0.060094     0.058474
   1956     1-4    0.003467     0.003795     0.003636
   1956     5-9    0.000740     0.001180     0.000965
   1956    10-14   0.000657     0.000710     0.000684
   1956    15-19   0.001164     0.001386     0.001271
   1956    20-24   0.002303     0.002253     0.002280
   1956    25-29   0.002133     0.002380     0.002251
   1956    30-34   0.002463     0.001985     0.002243
   1956    35-39   0.002634     0.003597     0.003071
   1956    40-44   0.003372     0.004763     0.004006
   1956    45-49   0.005362     0.007108     0.006185
   1956    50-54   0.007814     0.010639     0.009190
   1956    55-59   0.011147     0.018820     0.014928
   1956    60-64   0.018366     0.030372     0.024041
   1956    65-69   0.031274     0.048978     0.039273
   1956    70-74   0.054256     0.078998     0.064246
   1956    75-79   0.089635     0.114960     0.098998
   1956    80-84   0.145655     0.198155     0.162311
   1956    85-89   0.215970     0.288660     0.235064
   1956    90-94   0.332215     0.400774     0.345822
   1956    95-99   0.462557     0.692841     0.499491
   1956   100-104  0.000000            .     0.000000
   1956   105-109  0.000000            .     0.000000
   1956   110+     0.000000            .     0.000000
   1957     0      0.047528     0.058593     0.053169
   1957     1-4    0.003867     0.003631     0.003746
   1957     5-9    0.001045     0.001402     0.001227
   1957    10-14   0.000621     0.000524     0.000573
   1957    15-19   0.001190     0.001409     0.001296
   1957    20-24   0.001462     0.002391     0.001895
   1957    25-29   0.002158     0.002568     0.002354
   1957    30-34   0.002675     0.002871     0.002767
   1957    35-39   0.002929     0.002922     0.002925
   1957    40-44   0.004312     0.004365     0.004336
   1957    45-49   0.005512     0.006988     0.006199
   1957    50-54   0.007534     0.010845     0.009141
   1957    55-59   0.011745     0.017497     0.014578
   1957    60-64   0.019837     0.029227     0.024291
   1957    65-69   0.031678     0.052435     0.041090
   1957    70-74   0.054559     0.087215     0.067813
   1957    75-79   0.099864     0.135950     0.113155
   1957    80-84   0.167705     0.192080     0.175585
   1957    85-89   0.266921     0.319510     0.280547
   1957    90-94   0.480736     0.522325     0.489173
   1957    95-99   0.605925     0.648649     0.613269
   1957   100-104  2.709677            .     2.709677
   1957   105-109  2.100000            .     2.100000
   1957   110+     2.000000            .     2.000000
   1958     0      0.047035     0.052879     0.050026
   1958     1-4    0.002960     0.002637     0.002794
   1958     5-9    0.000681     0.000971     0.000829
   1958    10-14   0.000436     0.000703     0.000570
   1958    15-19   0.001153     0.001291     0.001219
   1958    20-24   0.001871     0.002403     0.002119
   1958    25-29   0.001899     0.002458     0.002166
   1958    30-34   0.002175     0.002296     0.002232
   1958    35-39   0.002689     0.003338     0.002980
   1958    40-44   0.002748     0.003792     0.003224
   1958    45-49   0.005461     0.005428     0.005446
   1958    50-54   0.006591     0.011064     0.008745
   1958    55-59   0.011444     0.016694     0.014024
   1958    60-64   0.017892     0.029200     0.023289
   1958    65-69   0.028619     0.045277     0.036174
   1958    70-74   0.052415     0.074238     0.061422
   1958    75-79   0.085778     0.108826     0.094212
   1958    80-84   0.141322     0.196928     0.159464
   1958    85-89   0.226967     0.256723     0.234788
   1958    90-94   0.251395     0.338587     0.268959
   1958    95-99   0.345224     0.000000     0.278966
   1958   100-104  0.000000            .     0.000000
   1958   105-109         .            .            .
   1958   110+            .            .            .
   1959     0      0.041527     0.047599     0.044658
   1959     1-4    0.003161     0.003542     0.003356
   1959     5-9    0.000984     0.001271     0.001131
   1959    10-14   0.000500     0.000677     0.000589
   1959    15-19   0.001059     0.001255     0.001151
   1959    20-24   0.002009     0.002105     0.002053
   1959    25-29   0.001783     0.002279     0.002020
   1959    30-34   0.001885     0.002527     0.002193
   1959    35-39   0.002020     0.002414     0.002198
   1959    40-44   0.002765     0.003696     0.003189
   1959    45-49   0.004481     0.006201     0.005274
   1959    50-54   0.007293     0.009116     0.008163
   1959    55-59   0.009878     0.015125     0.012447
   1959    60-64   0.018218     0.025270     0.021613
   1959    65-69   0.029166     0.046619     0.037097
   1959    70-74   0.048171     0.074505     0.059199
   1959    75-79   0.083532     0.125184     0.098816
   1959    80-84   0.152661     0.197037     0.167091
   1959    85-89   0.185098     0.290493     0.212745
   1959    90-94   0.301553     0.311544     0.303563
   1959    95-99   0.304723     0.899550     0.405200
   1959   100-104  0.857143            .     0.857143
   1959   105-109         .            .            .
   1959   110+            .            .            .
   1960     0      0.037272     0.043057     0.040267
   1960     1-4    0.001925     0.002505     0.002221
   1960     5-9    0.000713     0.000826     0.000771
   1960    10-14   0.000427     0.000812     0.000623
   1960    15-19   0.000845     0.000989     0.000912
   1960    20-24   0.001184     0.002313     0.001705
   1960    25-29   0.001654     0.002375     0.001998
   1960    30-34   0.001557     0.002252     0.001892
   1960    35-39   0.002206     0.002790     0.002471
   1960    40-44   0.003229     0.003235     0.003232
   1960    45-49   0.004443     0.006126     0.005216
   1960    50-54   0.006541     0.011701     0.008988
   1960    55-59   0.010057     0.016938     0.013406
   1960    60-64   0.017552     0.028538     0.022862
   1960    65-69   0.028205     0.046021     0.036334
   1960    70-74   0.049250     0.082325     0.063197
   1960    75-79   0.092820     0.124816     0.104588
   1960    80-84   0.154775     0.193327     0.167359
   1960    85-89   0.222335     0.281408     0.237690
   1960    90-94   0.246228     0.404618     0.277037
   1960    95-99   0.636267     0.000000     0.524581
   1960   100-104  0.680272            .     0.680272
   1960   105-109         .            .            .
   1960   110+            .            .            .
   1961     0      0.031806     0.038744     0.035369
   1961     1-4    0.002635     0.002546     0.002590
   1961     5-9    0.000684     0.000988     0.000840
   1961    10-14   0.000495     0.000701     0.000600
   1961    15-19   0.000941     0.001134     0.001031
   1961    20-24   0.001195     0.001931     0.001534
   1961    25-29   0.001197     0.002400     0.001770
   1961    30-34   0.002230     0.002460     0.002341
   1961    35-39   0.001740     0.003082     0.002359
   1961    40-44   0.002731     0.004447     0.003512
   1961    45-49   0.004130     0.006560     0.005241
   1961    50-54   0.006732     0.008813     0.007711
   1961    55-59   0.010354     0.016707     0.013434
   1961    60-64   0.017710     0.026378     0.021908
   1961    65-69   0.029485     0.045546     0.036839
   1961    70-74   0.051950     0.078150     0.063096
   1961    75-79   0.090753     0.126966     0.104046
   1961    80-84   0.156847     0.197635     0.170209
   1961    85-89   0.218723     0.304917     0.241254
   1961    90-94   0.422708     0.422583     0.422684
   1961    95-99   0.404667     0.677966     0.457342
   1961   100-104  0.492207            .     0.492207
   1961   105-109         .            .            .
   1961   110+            .            .            .
   1962     0      0.028506     0.036563     0.032629
   1962     1-4    0.001779     0.001850     0.001815
   1962     5-9    0.000566     0.000918     0.000746
   1962    10-14   0.000401     0.000627     0.000515
   1962    15-19   0.000518     0.001250     0.000866
   1962    20-24   0.001210     0.001760     0.001465
   1962    25-29   0.001562     0.002275     0.001901
   1962    30-34   0.001601     0.002173     0.001878
   1962    35-39   0.001738     0.002988     0.002326
   1962    40-44   0.003031     0.004070     0.003500
   1962    45-49   0.003340     0.006275     0.004680
   1962    50-54   0.006342     0.009328     0.007733
   1962    55-59   0.010149     0.016163     0.013052
   1962    60-64   0.014807     0.028384     0.021396
   1962    65-69   0.026056     0.044610     0.034585
   1962    70-74   0.050618     0.073744     0.060513
   1962    75-79   0.094423     0.135009     0.109361
   1962    80-84   0.164150     0.187893     0.171961
   1962    85-89   0.236661     0.262491     0.243529
   1962    90-94   0.345095     0.466200     0.367932
   1962    95-99   0.628007     0.303337     0.561292
   1962   100-104  1.551724            .     1.551724
   1962   105-109         .            .            .
   1962   110+            .            .            .
   1963     0      0.021634     0.029826     0.025821
   1963     1-4    0.001520     0.001858     0.001693
   1963     5-9    0.000330     0.000976     0.000660
   1963    10-14   0.000313     0.000493     0.000403
   1963    15-19   0.000524     0.001116     0.000808
   1963    20-24   0.000977     0.001649     0.001290
   1963    25-29   0.001255     0.002032     0.001624
   1963    30-34   0.001509     0.002016     0.001754
   1963    35-39   0.001996     0.002306     0.002144
   1963    40-44   0.002439     0.003666     0.002991
   1963    45-49   0.003925     0.006163     0.004946
   1963    50-54   0.006409     0.009261     0.007729
   1963    55-59   0.008654     0.015987     0.012170
   1963    60-64   0.015154     0.027764     0.021259
   1963    65-69   0.025277     0.041751     0.032905
   1963    70-74   0.046782     0.067759     0.055773
   1963    75-79   0.079287     0.120871     0.094876
   1963    80-84   0.139363     0.179826     0.152625
   1963    85-89   0.220344     0.258431     0.230760
   1963    90-94   0.326952     0.316075     0.324837
   1963    95-99   0.309208     0.321773     0.312256
   1963   100-104  0.000000            .     0.000000
   1963   105-109         .            .            .
   1963   110+            .            .            .
   1964     0      0.021773     0.026703     0.024288
   1964     1-4    0.001225     0.002040     0.001643
   1964     5-9    0.000464     0.001018     0.000746
   1964    10-14   0.000307     0.000421     0.000364
   1964    15-19   0.000545     0.001251     0.000883
   1964    20-24   0.000759     0.001695     0.001195
   1964    25-29   0.001000     0.001747     0.001357
   1964    30-34   0.001309     0.002027     0.001656
   1964    35-39   0.001487     0.002922     0.002177
   1964    40-44   0.002896     0.003288     0.003073
   1964    45-49   0.004305     0.005634     0.004912
   1964    50-54   0.006039     0.008418     0.007134
   1964    55-59   0.009814     0.016395     0.012947
   1964    60-64   0.014318     0.027038     0.020449
   1964    65-69   0.025541     0.044278     0.034282
   1964    70-74   0.046762     0.072966     0.058026
   1964    75-79   0.084767     0.115846     0.096631
   1964    80-84   0.131400     0.184910     0.148755
   1964    85-89   0.222239     0.276164     0.237230
   1964    90-94   0.341747     0.388751     0.351432
   1964    95-99   0.460896     0.470072     0.463048
   1964   100-104  0.000000            .     0.000000
   1964   105-109         .            .            .
   1964   110+            .            .            .
   1965     0      0.019657     0.023482     0.021600
   1965     1-4    0.000981     0.001849     0.001424
   1965     5-9    0.000449     0.001094     0.000777
   1965    10-14   0.000290     0.000690     0.000493
   1965    15-19   0.000513     0.000985     0.000739
   1965    20-24   0.000902     0.002155     0.001483
   1965    25-29   0.001160     0.002032     0.001578
   1965    30-34   0.001085     0.002215     0.001631
   1965    35-39   0.001257     0.002722     0.001966
   1965    40-44   0.002430     0.004063     0.003174
   1965    45-49   0.002980     0.004727     0.003779
   1965    50-54   0.005914     0.010106     0.007836
   1965    55-59   0.009911     0.012891     0.011323
   1965    60-64   0.015355     0.026372     0.020627
   1965    65-69   0.026241     0.045075     0.035048
   1965    70-74   0.046973     0.074716     0.058964
   1965    75-79   0.088369     0.117806     0.099762
   1965    80-84   0.145624     0.197642     0.162361
   1965    85-89   0.231953     0.294138     0.249330
   1965    90-94   0.409665     0.429209     0.413867
   1965    95-99   0.666103     0.437238     0.614647
   1965   100-104  0.000000     0.000000     0.000000
   1965   105-109         .            .            .
   1965   110+            .            .            .
   1966     0      0.018965     0.020868     0.019935
   1966     1-4    0.001163     0.001700     0.001437
   1966     5-9    0.000456     0.000746     0.000604
   1966    10-14   0.000236     0.000436     0.000337
   1966    15-19   0.000518     0.000879     0.000692
   1966    20-24   0.000817     0.001685     0.001218
   1966    25-29   0.000990     0.001439     0.001206
   1966    30-34   0.001320     0.001985     0.001641
   1966    35-39   0.001486     0.002176     0.001820
   1966    40-44   0.002270     0.003114     0.002660
   1966    45-49   0.003383     0.005196     0.004208
   1966    50-54   0.004575     0.008392     0.006316
   1966    55-59   0.007400     0.014387     0.010680
   1966    60-64   0.012474     0.024661     0.018283
   1966    65-69   0.024204     0.040732     0.031925
   1966    70-74   0.043720     0.063088     0.052140
   1966    75-79   0.077496     0.105748     0.088576
   1966    80-84   0.128866     0.171737     0.142604
   1966    85-89   0.214463     0.263359     0.228232
   1966    90-94   0.328839     0.404879     0.345863
   1966    95-99   0.471185     0.867679     0.550645
   1966   100-104  1.079137     0.000000     0.700935
   1966   105-109         .            .            .
   1966   110+            .            .            .
   1967     0      0.019033     0.017777     0.018386
   1967     1-4    0.000977     0.001137     0.001058
   1967     5-9    0.000323     0.000823     0.000579
   1967    10-14   0.000319     0.000527     0.000424
   1967    15-19   0.000493     0.000938     0.000708
   1967    20-24   0.000950     0.001928     0.001405
   1967    25-29   0.001074     0.001414     0.001239
   1967    30-34   0.001092     0.001730     0.001399
   1967    35-39   0.001415     0.002068     0.001731
   1967    40-44   0.002344     0.002530     0.002431
   1967    45-49   0.003270     0.005983     0.004493
   1967    50-54   0.005254     0.007333     0.006201
   1967    55-59   0.007560     0.011911     0.009577
   1967    60-64   0.013999     0.023893     0.018697
   1967    65-69   0.023880     0.041254     0.031986
   1967    70-74   0.041672     0.069190     0.053689
   1967    75-79   0.076969     0.099834     0.085997
   1967    80-84   0.135976     0.181349     0.150612
   1967    85-89   0.215716     0.268654     0.230645
   1967    90-94   0.292693     0.280733     0.289926
   1967    95-99   0.532387     0.645213     0.553955
   1967   100-104  0.682594     0.000000     0.405680
   1967   105-109         .            .            .
   1967   110+            .            .            .
   1968     0      0.011560     0.019199     0.015487
   1968     1-4    0.001108     0.001125     0.001117
   1968     5-9    0.000486     0.000541     0.000514
   1968    10-14   0.000303     0.000518     0.000411
   1968    15-19   0.000450     0.000956     0.000695
   1968    20-24   0.000791     0.001498     0.001123
   1968    25-29   0.000973     0.001372     0.001166
   1968    30-34   0.001116     0.001587     0.001343
   1968    35-39   0.001452     0.002264     0.001844
   1968    40-44   0.001915     0.003066     0.002463
   1968    45-49   0.003650     0.004489     0.004027
   1968    50-54   0.005251     0.007309     0.006188
   1968    55-59   0.007633     0.015146     0.011083
   1968    60-64   0.012454     0.025963     0.018815
   1968    65-69   0.022038     0.039625     0.030219
   1968    70-74   0.041401     0.063537     0.051125
   1968    75-79   0.075831     0.112241     0.090161
   1968    80-84   0.130800     0.171876     0.144403
   1968    85-89   0.201300     0.249977     0.214742
   1968    90-94   0.304652     0.232024     0.286812
   1968    95-99   0.320320     0.698487     0.390801
   1968   100-104  0.000000     3.000000     0.429492
   1968   105-109         .            .            .
   1968   110+            .            .            .
   1969     0      0.014863     0.017861     0.016403
   1969     1-4    0.001116     0.001315     0.001218
   1969     5-9    0.000433     0.000646     0.000542
   1969    10-14   0.000283     0.000401     0.000343
   1969    15-19   0.000455     0.001370     0.000901
   1969    20-24   0.000787     0.001408     0.001080
   1969    25-29   0.000979     0.001200     0.001086
   1969    30-34   0.001287     0.001605     0.001440
   1969    35-39   0.001273     0.002281     0.001760
   1969    40-44   0.002448     0.003198     0.002808
   1969    45-49   0.003509     0.004415     0.003917
   1969    50-54   0.004265     0.006652     0.005349
   1969    55-59   0.007537     0.013457     0.010241
   1969    60-64   0.012031     0.021513     0.016454
   1969    65-69   0.021853     0.035344     0.028102
   1969    70-74   0.037190     0.064863     0.049414
   1969    75-79   0.070301     0.098580     0.081459
   1969    80-84   0.125331     0.166218     0.139186
   1969    85-89   0.191030     0.240760     0.204507
   1969    90-94   0.313392     0.380530     0.330185
   1969    95-99   0.463339     0.188353     0.404338
   1969   100-104  0.996678            .     0.996678
   1969   105-109         .            .            .
   1969   110+            .            .            .
   1970     0      0.011417     0.016002     0.013764
   1970     1-4    0.000776     0.001325     0.001057
   1970     5-9    0.000294     0.000511     0.000405
   1970    10-14   0.000290     0.000357     0.000324
   1970    15-19   0.000346     0.001059     0.000696
   1970    20-24   0.000831     0.001341     0.001072
   1970    25-29   0.000833     0.001271     0.001047
   1970    30-34   0.000775     0.001459     0.001107
   1970    35-39   0.001146     0.002462     0.001781
   1970    40-44   0.002238     0.003534     0.002863
   1970    45-49   0.002612     0.005166     0.003768
   1970    50-54   0.004896     0.007245     0.005961
   1970    55-59   0.007183     0.011525     0.009159
   1970    60-64   0.012383     0.023734     0.017642
   1970    65-69   0.021278     0.040651     0.030177
   1970    70-74   0.038627     0.065195     0.050336
   1970    75-79   0.071939     0.098432     0.082531
   1970    80-84   0.122542     0.147714     0.131221
   1970    85-89   0.183487     0.236214     0.197865
   1970    90-94   0.398171     0.243136     0.357738
   1970    95-99   0.451297     0.233554     0.390604
   1970   100-104  1.632653            .     1.632653
   1970   105-109         .            .            .
   1970   110+            .            .            .
   1971     0      0.011162     0.014462     0.012855
   1971     1-4    0.000923     0.001438     0.001187
   1971     5-9    0.000189     0.000490     0.000343
   1971    10-14   0.000134     0.000489     0.000315
   1971    15-19   0.000339     0.000942     0.000637
   1971    20-24   0.000563     0.001409     0.000965
   1971    25-29   0.001084     0.001257     0.001168
   1971    30-34   0.000933     0.001661     0.001288
   1971    35-39   0.001220     0.002458     0.001817
   1971    40-44   0.001733     0.003053     0.002371
   1971    45-49   0.002800     0.004184     0.003436
   1971    50-54   0.004037     0.006977     0.005364
   1971    55-59   0.006804     0.012946     0.009585
   1971    60-64   0.011527     0.020150     0.015484
   1971    65-69   0.019321     0.036801     0.027316
   1971    70-74   0.035258     0.059218     0.045776
   1971    75-79   0.063262     0.093180     0.075302
   1971    80-84   0.122565     0.152292     0.133022
   1971    85-89   0.192037     0.246391     0.207089
   1971    90-94   0.313062     0.274143     0.302505
   1971    95-99   0.411666     0.499376     0.437266
   1971   100-104  0.000000            .     0.000000
   1971   105-109         .            .            .
   1971   110+            .            .            .
   1972     0      0.009097     0.015222     0.012251
   1972     1-4    0.000912     0.001434     0.001179
   1972     5-9    0.000240     0.000945     0.000601
   1972    10-14   0.000295     0.000410     0.000354
   1972    15-19   0.000279     0.000993     0.000635
   1972    20-24   0.000581     0.001243     0.000898
   1972    25-29   0.000605     0.001436     0.001010
   1972    30-34   0.001016     0.001171     0.001092
   1972    35-39   0.001302     0.001904     0.001593
   1972    40-44   0.001694     0.003170     0.002406
   1972    45-49   0.002544     0.004128     0.003285
   1972    50-54   0.004278     0.007042     0.005516
   1972    55-59   0.006878     0.011381     0.008912
   1972    60-64   0.010987     0.020135     0.015137
   1972    65-69   0.020385     0.032950     0.026117
   1972    70-74   0.037326     0.056170     0.045616
   1972    75-79   0.061921     0.097415     0.076190
   1972    80-84   0.119096     0.156681     0.132398
   1972    85-89   0.183221     0.261130     0.205206
   1972    90-94   0.266423     0.415572     0.302640
   1972    95-99   0.388123     0.418410     0.397043
   1972   100-104  0.545455            .     0.545455
   1972   105-109         .            .            .
   1972   110+            .            .            .
   1973     0      0.010194     0.012388     0.011320
   1973     1-4    0.000966     0.001081     0.001025
   1973     5-9    0.000235     0.000598     0.000421
   1973    10-14   0.000161     0.000230     0.000196
   1973    15-19   0.000396     0.001364     0.000882
   1973    20-24   0.000737     0.001151     0.000937
   1973    25-29   0.000736     0.001074     0.000901
   1973    30-34   0.000921     0.001693     0.001303
   1973    35-39   0.001301     0.001968     0.001623
   1973    40-44   0.002155     0.002947     0.002537
   1973    45-49   0.002530     0.003690     0.003081
   1973    50-54   0.003985     0.006238     0.004990
   1973    55-59   0.006573     0.011842     0.008947
   1973    60-64   0.010813     0.020086     0.014989
   1973    65-69   0.017916     0.033735     0.025079
   1973    70-74   0.036089     0.057100     0.045366
   1973    75-79   0.062824     0.098764     0.077288
   1973    80-84   0.121950     0.165784     0.137317
   1973    85-89   0.212961     0.230986     0.218273
   1973    90-94   0.318289     0.394037     0.334949
   1973    95-99   0.394473     0.306918     0.369059
   1973   100-104  0.260870     0.000000     0.230769
   1973   105-109         .            .            .
   1973   110+            .            .            .
   1974     0      0.010810     0.012123     0.011487
   1974     1-4    0.001062     0.000932     0.000995
   1974     5-9    0.000178     0.000365     0.000274
   1974    10-14   0.000269     0.000231     0.000250
   1974    15-19   0.000456     0.000792     0.000625
   1974    20-24   0.000487     0.000870     0.000675
   1974    25-29   0.000563     0.001190     0.000872
   1974    30-34   0.000995     0.001449     0.001220
   1974    35-39   0.001306     0.001709     0.001502
   1974    40-44   0.001610     0.002500     0.002039
   1974    45-49   0.002872     0.004878     0.003831
   1974    50-54   0.004114     0.007613     0.005679
   1974    55-59   0.006225     0.010642     0.008213
   1974    60-64   0.010878     0.019130     0.014572
   1974    65-69   0.018949     0.033606     0.025534
   1974    70-74   0.034668     0.055823     0.043995
   1974    75-79   0.056670     0.088954     0.069705
   1974    80-84   0.120559     0.144249     0.128927
   1974    85-89   0.200427     0.281838     0.224716
   1974    90-94   0.316736     0.407134     0.336115
   1974    95-99   0.584906     0.562500     0.578475
   1974   100-104  0.857143     0.000000     0.558140
   1974   105-109         .            .            .
   1974   110+            .            .            .
   1975     0      0.008269     0.011166     0.009768
   1975     1-4    0.000738     0.000976     0.000860
   1975     5-9    0.000250     0.000691     0.000476
   1975    10-14   0.000265     0.000228     0.000246
   1975    15-19   0.000217     0.000878     0.000550
   1975    20-24   0.000427     0.001158     0.000789
   1975    25-29   0.000686     0.001086     0.000884
   1975    30-34   0.000964     0.001434     0.001197
   1975    35-39   0.001074     0.001936     0.001494
   1975    40-44   0.001712     0.002885     0.002277
   1975    45-49   0.002284     0.004433     0.003317
   1975    50-54   0.004550     0.006786     0.005557
   1975    55-59   0.006574     0.010804     0.008480
   1975    60-64   0.009250     0.017850     0.013081
   1975    65-69   0.017271     0.028783     0.022424
   1975    70-74   0.034176     0.053955     0.042833
   1975    75-79   0.059058     0.080824     0.067897
   1975    80-84   0.117815     0.158696     0.132498
   1975    85-89   0.188327     0.211851     0.195400
   1975    90-94   0.289853     0.344022     0.301901
   1975    95-99   0.318021     0.659341     0.401070
   1975   100-104  1.090909     0.260870     0.666667
   1975   105-109         .            .            .
   1975   110+            .            .            .
   1976     0      0.008977     0.009306     0.009147
   1976     1-4    0.000785     0.000940     0.000865
   1976     5-9    0.000379     0.000407     0.000393
   1976    10-14   0.000160     0.000410     0.000288
   1976    15-19   0.000272     0.000534     0.000405
   1976    20-24   0.000450     0.001210     0.000828
   1976    25-29   0.000545     0.000804     0.000673
   1976    30-34   0.000618     0.001366     0.000990
   1976    35-39   0.000898     0.001772     0.001327
   1976    40-44   0.001629     0.002891     0.002236
   1976    45-49   0.002173     0.004405     0.003246
   1976    50-54   0.003670     0.006169     0.004813
   1976    55-59   0.005037     0.010263     0.007381
   1976    60-64   0.009018     0.016490     0.012334
   1976    65-69   0.016369     0.030197     0.022519
   1976    70-74   0.028360     0.054789     0.039848
   1976    75-79   0.057615     0.085679     0.069069
   1976    80-84   0.104500     0.139280     0.117119
   1976    85-89   0.187974     0.215631     0.196497
   1976    90-94   0.276684     0.404313     0.305201
   1976    95-99   0.443182     0.451322     0.444884
   1976   100-104  0.230769     1.285714     0.600000
   1976   105-109  0.000000            .     0.000000
   1976   110+            .            .            .
   1977     0      0.007963     0.010477     0.009254
   1977     1-4    0.000477     0.001128     0.000812
   1977     5-9    0.000227     0.000345     0.000288
   1977    10-14   0.000079     0.000279     0.000181
   1977    15-19   0.000165     0.000802     0.000488
   1977    20-24   0.000410     0.001107     0.000757
   1977    25-29   0.000407     0.000976     0.000689
   1977    30-34   0.000694     0.001094     0.000894
   1977    35-39   0.000742     0.001947     0.001338
   1977    40-44   0.001327     0.002589     0.001934
   1977    45-49   0.002243     0.004139     0.003153
   1977    50-54   0.003650     0.006666     0.005055
   1977    55-59   0.004281     0.008389     0.006106
   1977    60-64   0.009224     0.017206     0.012760
   1977    65-69   0.016599     0.026499     0.020966
   1977    70-74   0.031185     0.048531     0.038703
   1977    75-79   0.056088     0.082795     0.067040
   1977    80-84   0.103216     0.136853     0.115494
   1977    85-89   0.178173     0.229938     0.194217
   1977    90-94   0.241700     0.359392     0.266792
   1977    95-99   0.338205     0.643469     0.396089
   1977   100-104  0.000000     0.000000     0.000000
   1977   105-109  0.000000            .     0.000000
   1977   110+            .            .            .
   1978     0      0.006786     0.008001     0.007408
   1978     1-4    0.000934     0.000804     0.000867
   1978     5-9    0.000197     0.000333     0.000267
   1978    10-14   0.000155     0.000321     0.000240
   1978    15-19   0.000221     0.000643     0.000436
   1978    20-24   0.000388     0.001126     0.000754
   1978    25-29   0.000400     0.000867     0.000631
   1978    30-34   0.000574     0.001158     0.000866
   1978    35-39   0.000960     0.001299     0.001129
   1978    40-44   0.001829     0.002520     0.002162
   1978    45-49   0.001902     0.004032     0.002923
   1978    50-54   0.003247     0.006015     0.004552
   1978    55-59   0.005046     0.008980     0.006785
   1978    60-64   0.007781     0.014698     0.010841
   1978    65-69   0.014011     0.026693     0.019570
   1978    70-74   0.028742     0.051459     0.038546
   1978    75-79   0.052748     0.084649     0.065855
   1978    80-84   0.097645     0.128415     0.108986
   1978    85-89   0.172021     0.218580     0.186271
   1978    90-94   0.249614     0.397248     0.281746
   1978    95-99   0.378840     0.339623     0.372832
   1978   100-104  0.307692     0.461538     0.346154
   1978   105-109  0.000000            .     0.000000
   1978   110+            .            .            .
   1979     0      0.008003     0.009071     0.008547
   1979     1-4    0.000601     0.000650     0.000626
   1979     5-9    0.000191     0.000443     0.000320
   1979    10-14   0.000202     0.000193     0.000197
   1979    15-19   0.000167     0.000751     0.000464
   1979    20-24   0.000363     0.000938     0.000648
   1979    25-29   0.000550     0.000873     0.000710
   1979    30-34   0.000721     0.001160     0.000941
   1979    35-39   0.000961     0.001330     0.001145
   1979    40-44   0.001362     0.002587     0.001955
   1979    45-49   0.002057     0.004180     0.003073
   1979    50-54   0.002958     0.006109     0.004453
   1979    55-59   0.005305     0.008197     0.006586
   1979    60-64   0.006911     0.015163     0.010564
   1979    65-69   0.014310     0.025197     0.019060
   1979    70-74   0.023679     0.045382     0.032993
   1979    75-79   0.050084     0.077669     0.061386
   1979    80-84   0.095333     0.133318     0.109491
   1979    85-89   0.171176     0.180042     0.173963
   1979    90-94   0.254983     0.271867     0.258873
   1979    95-99   0.336874     0.155172     0.309677
   1979   100-104  0.470588     0.461538     0.468750
   1979   105-109  0.000000            .     0.000000
   1979   110+            .            .            .
   1980     0      0.007291     0.008936     0.008129
   1980     1-4    0.000656     0.000711     0.000684
   1980     5-9    0.000250     0.000375     0.000314
   1980    10-14   0.000199     0.000378     0.000291
   1980    15-19   0.000272     0.000711     0.000495
   1980    20-24   0.000371     0.000842     0.000605
   1980    25-29   0.000491     0.000785     0.000636
   1980    30-34   0.000733     0.000775     0.000754
   1980    35-39   0.000856     0.001557     0.001205
   1980    40-44   0.001100     0.002092     0.001582
   1980    45-49   0.001798     0.003735     0.002725
   1980    50-54   0.002775     0.005885     0.004257
   1980    55-59   0.004008     0.008931     0.006201
   1980    60-64   0.007754     0.015136     0.011027
   1980    65-69   0.012613     0.026923     0.018834
   1980    70-74   0.024829     0.048372     0.034890
   1980    75-79   0.047522     0.082184     0.061574
   1980    80-84   0.097816     0.128606     0.109301
   1980    85-89   0.173903     0.203330     0.183482
   1980    90-94   0.295142     0.323668     0.302219
   1980    95-99   0.283887     0.510638     0.318527
   1980   100-104  0.093750     1.200000     0.173913
   1980   105-109  0.857143     0.000000     0.600000
   1980   110+            .            .            .
   1981     0      0.005766     0.008359     0.007090
   1981     1-4    0.000682     0.000476     0.000577
   1981     5-9    0.000125     0.000336     0.000234
   1981    10-14   0.000188     0.000202     0.000195
   1981    15-19   0.000164     0.000448     0.000308
   1981    20-24   0.000348     0.000997     0.000671
   1981    25-29   0.000257     0.001061     0.000654
   1981    30-34   0.000554     0.000834     0.000694
   1981    35-39   0.000833     0.001724     0.001276
   1981    40-44   0.001196     0.002269     0.001722
   1981    45-49   0.001509     0.003989     0.002695
   1981    50-54   0.002580     0.005801     0.004116
   1981    55-59   0.004596     0.008265     0.006255
   1981    60-64   0.007845     0.014959     0.010986
   1981    65-69   0.012640     0.025105     0.018025
   1981    70-74   0.024948     0.043368     0.032790
   1981    75-79   0.046175     0.075518     0.057980
   1981    80-84   0.098012     0.124507     0.107915
   1981    85-89   0.175704     0.201560     0.184286
   1981    90-94   0.255409     0.319280     0.272071
   1981    95-99   0.387578     0.744186     0.436831
   1981   100-104  0.326087     0.000000     0.315789
   1981   105-109  0.000000     0.000000     0.000000
   1981   110+     0.000000            .     0.000000
   1982     0      0.005921     0.006164     0.006046
   1982     1-4    0.000389     0.000624     0.000508
   1982     5-9    0.000149     0.000243     0.000197
   1982    10-14   0.000135     0.000171     0.000154
   1982    15-19   0.000243     0.000836     0.000545
   1982    20-24   0.000317     0.000755     0.000535
   1982    25-29   0.000400     0.000991     0.000691
   1982    30-34   0.000382     0.000948     0.000664
   1982    35-39   0.000898     0.001245     0.001072
   1982    40-44   0.001244     0.002170     0.001701
   1982    45-49   0.001857     0.003792     0.002783
   1982    50-54   0.002720     0.004671     0.003649
   1982    55-59   0.004094     0.007617     0.005717
   1982    60-64   0.007024     0.012311     0.009338
   1982    65-69   0.011763     0.021875     0.016123
   1982    70-74   0.021028     0.040762     0.029361
   1982    75-79   0.042412     0.067407     0.052437
   1982    80-84   0.086282     0.115835     0.097395
   1982    85-89   0.158669     0.195477     0.170908
   1982    90-94   0.253964     0.249337     0.252714
   1982    95-99   0.432653     0.318182     0.415225
   1982   100-104  0.275229     0.000000     0.254237
   1982   105-109         .     0.000000     0.000000
   1982   110+     3.000000            .     3.000000
   1983     0      0.004908     0.006563     0.005758
   1983     1-4    0.000473     0.000455     0.000464
   1983     5-9    0.000221     0.000336     0.000280
   1983    10-14   0.000217     0.000207     0.000212
   1983    15-19   0.000238     0.000589     0.000417
   1983    20-24   0.000229     0.001098     0.000661
   1983    25-29   0.000328     0.000791     0.000556
   1983    30-34   0.000642     0.000613     0.000628
   1983    35-39   0.000809     0.001097     0.000953
   1983    40-44   0.001087     0.001710     0.001396
   1983    45-49   0.001626     0.003885     0.002710
   1983    50-54   0.002632     0.005820     0.004149
   1983    55-59   0.004224     0.008684     0.006304
   1983    60-64   0.006187     0.012692     0.009023
   1983    65-69   0.010670     0.023176     0.016056
   1983    70-74   0.020668     0.040940     0.029164
   1983    75-79   0.040440     0.073151     0.053515
   1983    80-84   0.082234     0.122287     0.097326
   1983    85-89   0.157913     0.190252     0.168686
   1983    90-94   0.226736     0.318299     0.252066
   1983    95-99   0.423529     0.290323     0.397476
   1983   100-104  0.516129     0.000000     0.444444
   1983   105-109  0.000000     0.000000     0.000000
   1983   110+            .            .            .
   1984     0      0.005698     0.007712     0.006725
   1984     1-4    0.000244     0.000401     0.000324
   1984     5-9    0.000092     0.000330     0.000214
   1984    10-14   0.000063     0.000160     0.000113
   1984    15-19   0.000129     0.000474     0.000305
   1984    20-24   0.000172     0.000954     0.000561
   1984    25-29   0.000636     0.000742     0.000688
   1984    30-34   0.000542     0.000695     0.000618
   1984    35-39   0.000939     0.001130     0.001034
   1984    40-44   0.001078     0.001989     0.001530
   1984    45-49   0.002027     0.003188     0.002586
   1984    50-54   0.002344     0.004803     0.003513
   1984    55-59   0.003901     0.009221     0.006397
   1984    60-64   0.006744     0.011772     0.008943
   1984    65-69   0.010760     0.023719     0.016340
   1984    70-74   0.017689     0.037002     0.025731
   1984    75-79   0.040743     0.072228     0.053266
   1984    80-84   0.083795     0.121844     0.097967
   1984    85-89   0.146735     0.190631     0.161269
   1984    90-94   0.217634     0.257924     0.229126
   1984    95-99   0.400000     0.451327     0.410731
   1984   100-104  0.666667     0.375000     0.618557
   1984   105-109  0.000000     0.000000     0.000000
   1984   110+            .            .            .
   1985     0      0.003651     0.006065     0.004890
   1985     1-4    0.000465     0.000822     0.000648
   1985     5-9    0.000193     0.000416     0.000307
   1985    10-14   0.000083     0.000354     0.000222
   1985    15-19   0.000101     0.000729     0.000421
   1985    20-24   0.000311     0.000485     0.000397
   1985    25-29   0.000281     0.000814     0.000544
   1985    30-34   0.000605     0.000965     0.000783
   1985    35-39   0.000708     0.001400     0.001054
   1985    40-44   0.001118     0.002189     0.001649
   1985    45-49   0.001910     0.002704     0.002295
   1985    50-54   0.002687     0.005223     0.003892
   1985    55-59   0.003258     0.007950     0.005469
   1985    60-64   0.006203     0.011205     0.008406
   1985    65-69   0.012486     0.020802     0.016079
   1985    70-74   0.018768     0.036347     0.026064
   1985    75-79   0.036565     0.065397     0.048026
   1985    80-84   0.080166     0.120243     0.094852
   1985    85-89   0.144788     0.185471     0.158212
   1985    90-94   0.228343     0.279850     0.243641
   1985    95-99   0.350731     0.395766     0.360719
   1985   100-104  0.615385     1.384615     0.725275
   1985   105-109  1.500000     0.000000     0.857143
   1985   110+            .     0.000000     0.000000
   1986     0      0.004615     0.004749     0.004685
   1986     1-4    0.000512     0.000837     0.000679
   1986     5-9    0.000126     0.000097     0.000111
   1986    10-14   0.000104     0.000237     0.000172
   1986    15-19   0.000262     0.000644     0.000457
   1986    20-24   0.000229     0.000836     0.000532
   1986    25-29   0.000428     0.000530     0.000478
   1986    30-34   0.000586     0.000939     0.000760
   1986    35-39   0.000623     0.001089     0.000856
   1986    40-44   0.001319     0.002149     0.001731
   1986    45-49   0.001535     0.003160     0.002329
   1986    50-54   0.002550     0.005865     0.004123
   1986    55-59   0.003413     0.008309     0.005722
   1986    60-64   0.006404     0.011211     0.008553
   1986    65-69   0.011067     0.019785     0.014828
   1986    70-74   0.017117     0.034604     0.024345
   1986    75-79   0.037125     0.061135     0.046656
   1986    80-84   0.073771     0.118574     0.090020
   1986    85-89   0.132248     0.177594     0.147077
   1986    90-94   0.250727     0.310939     0.268840
   1986    95-99   0.421559     0.455568     0.429239
   1986   100-104  0.222222     0.750000     0.269663
   1986   105-109  1.500000     0.000000     0.857143
   1986   110+            .     0.000000     0.000000
   1987     0      0.002942     0.004142     0.003562
   1987     1-4    0.000225     0.000890     0.000566
   1987     5-9    0.000263     0.000279     0.000271
   1987    10-14   0.000170     0.000384     0.000280
   1987    15-19   0.000229     0.000396     0.000315
   1987    20-24   0.000142     0.000829     0.000485
   1987    25-29   0.000343     0.000827     0.000581
   1987    30-34   0.000529     0.000759     0.000643
   1987    35-39   0.000891     0.001288     0.001089
   1987    40-44   0.000826     0.002156     0.001489
   1987    45-49   0.002001     0.003110     0.002547
   1987    50-54   0.002506     0.005824     0.004082
   1987    55-59   0.003706     0.007419     0.005456
   1987    60-64   0.005877     0.012554     0.008914
   1987    65-69   0.009711     0.018968     0.013682
   1987    70-74   0.018522     0.033086     0.024540
   1987    75-79   0.030192     0.060560     0.042162
   1987    80-84   0.066458     0.102919     0.079643
   1987    85-89   0.139770     0.173158     0.150689
   1987    90-94   0.211635     0.268714     0.228588
   1987    95-99   0.438221     0.382308     0.425882
   1987   100-104  0.608696     0.000000     0.560000
   1987   105-109  0.000000     0.000000     0.000000
   1987   110+            .     3.000000     3.000000
   1988     0      0.005065     0.005135     0.005101
   1988     1-4    0.000386     0.000513     0.000451
   1988     5-9    0.000136     0.000315     0.000227
   1988    10-14   0.000155     0.000167     0.000161
   1988    15-19   0.000223     0.000660     0.000446
   1988    20-24   0.000305     0.000696     0.000500
   1988    25-29   0.000258     0.001012     0.000628
   1988    30-34   0.000598     0.000811     0.000703
   1988    35-39   0.000659     0.000929     0.000793
   1988    40-44   0.001072     0.001762     0.001417
   1988    45-49   0.001936     0.002832     0.002379
   1988    50-54   0.002452     0.005142     0.003733
   1988    55-59   0.003337     0.008426     0.005732
   1988    60-64   0.005834     0.011770     0.008566
   1988    65-69   0.009605     0.018094     0.013242
   1988    70-74   0.016371     0.035126     0.024122
   1988    75-79   0.035235     0.066221     0.047346
   1988    80-84   0.073356     0.115959     0.088722
   1988    85-89   0.140114     0.191222     0.156896
   1988    90-94   0.222035     0.279370     0.238671
   1988    95-99   0.401364     0.451411     0.411902
   1988   100-104  0.656250     4.800000     0.956522
   1988   105-109  1.500000     0.000000     0.600000
   1988   110+            .            .            .
   1989     0      0.002031     0.003606     0.002831
   1989     1-4    0.000120     0.000416     0.000272
   1989     5-9    0.000253     0.000351     0.000303
   1989    10-14   0.000115     0.000263     0.000191
   1989    15-19   0.000238     0.000496     0.000370
   1989    20-24   0.000081     0.000704     0.000393
   1989    25-29   0.000347     0.000750     0.000545
   1989    30-34   0.000441     0.000568     0.000504
   1989    35-39   0.000608     0.001062     0.000833
   1989    40-44   0.000655     0.001338     0.000996
   1989    45-49   0.001626     0.002906     0.002261
   1989    50-54   0.001882     0.005328     0.003530
   1989    55-59   0.003628     0.008746     0.006034
   1989    60-64   0.005630     0.012318     0.008729
   1989    65-69   0.009797     0.019853     0.014120
   1989    70-74   0.016512     0.032556     0.023166
   1989    75-79   0.031906     0.056135     0.041315
   1989    80-84   0.069206     0.103560     0.081601
   1989    85-89   0.137503     0.185657     0.153082
   1989    90-94   0.223627     0.248536     0.230747
   1989    95-99   0.322514     0.319892     0.321892
   1989   100-104  0.585366     0.000000     0.545455
   1989   105-109         .     0.000000     0.000000
   1989   110+            .            .            .
   1990     0      0.003523     0.005471     0.004512
   1990     1-4    0.000370     0.000430     0.000400
   1990     5-9    0.000116     0.000055     0.000085
   1990    10-14   0.000097     0.000138     0.000118
   1990    15-19   0.000106     0.000669     0.000394
   1990    20-24   0.000188     0.001023     0.000609
   1990    25-29   0.000315     0.000812     0.000558
   1990    30-34   0.000423     0.000927     0.000672
   1990    35-39   0.000484     0.001042     0.000760
   1990    40-44   0.001229     0.001567     0.001398
   1990    45-49   0.001640     0.003502     0.002565
   1990    50-54   0.002186     0.004813     0.003450
   1990    55-59   0.003627     0.007991     0.005674
   1990    60-64   0.005605     0.012412     0.008771
   1990    65-69   0.008773     0.017650     0.012616
   1990    70-74   0.016673     0.031570     0.022895
   1990    75-79   0.031401     0.054045     0.040181
   1990    80-84   0.069197     0.104203     0.081848
   1990    85-89   0.121580     0.180328     0.140228
   1990    90-94   0.215993     0.238477     0.222418
   1990    95-99   0.335136     0.233688     0.307885
   1990   100-104  0.385321     0.300000     0.372093
   1990   105-109         .     0.000000     0.000000
   1990   110+            .            .            .
   1991     0      0.006505     0.003871     0.005169
   1991     1-4    0.000379     0.000726     0.000556
   1991     5-9    0.000119     0.000226     0.000174
   1991    10-14   0.000025     0.000193     0.000111
   1991    15-19   0.000192     0.000544     0.000373
   1991    20-24   0.000354     0.000867     0.000613
   1991    25-29   0.000347     0.000759     0.000548
   1991    30-34   0.000428     0.001028     0.000725
   1991    35-39   0.000583     0.001120     0.000849
   1991    40-44   0.000956     0.001686     0.001321
   1991    45-49   0.001486     0.002935     0.002206
   1991    50-54   0.001721     0.004832     0.003232
   1991    55-59   0.003615     0.006966     0.005187
   1991    60-64   0.005174     0.012093     0.008394
   1991    65-69   0.009169     0.018649     0.013332
   1991    70-74   0.015862     0.032909     0.022974
   1991    75-79   0.030214     0.059552     0.041564
   1991    80-84   0.067352     0.103836     0.080503
   1991    85-89   0.119835     0.168526     0.135073
   1991    90-94   0.198798     0.276932     0.220746
   1991    95-99   0.338930     0.301464     0.328555
   1991   100-104  0.472441     0.580645     0.493671
   1991   105-109         .     3.000000     3.000000
   1991   110+            .            .            .
   1992     0      0.004138     0.005055     0.004604
   1992     1-4    0.000344     0.000374     0.000359
   1992     5-9    0.000121     0.000375     0.000251
   1992    10-14   0.000185     0.000152     0.000168
   1992    15-19   0.000306     0.000713     0.000516
   1992    20-24   0.000458     0.000638     0.000549
   1992    25-29   0.000431     0.000780     0.000602
   1992    30-34   0.000458     0.000410     0.000434
   1992    35-39   0.000527     0.000946     0.000735
   1992    40-44   0.000873     0.001120     0.000996
   1992    45-49   0.001314     0.002842     0.002076
   1992    50-54   0.002454     0.004200     0.003310
   1992    55-59   0.003286     0.007946     0.005478
   1992    60-64   0.005276     0.012703     0.008728
   1992    65-69   0.007712     0.020356     0.013347
   1992    70-74   0.014944     0.029987     0.021175
   1992    75-79   0.031961     0.054662     0.040751
   1992    80-84   0.062314     0.104317     0.077354
   1992    85-89   0.118652     0.167225     0.133753
   1992    90-94   0.206050     0.267750     0.222891
   1992    95-99   0.307523     0.377373     0.326214
   1992   100-104  0.403403     0.176471     0.357479
   1992   105-109         .            .            .
   1992   110+            .            .            .
   1993     0      0.004051     0.005752     0.004925
   1993     1-4    0.000480     0.000382     0.000431
   1993     5-9    0.000125     0.000119     0.000121
   1993    10-14   0.000055     0.000131     0.000093
   1993    15-19   0.000296     0.000590     0.000449
   1993    20-24   0.000187     0.000429     0.000310
   1993    25-29   0.000448     0.000493     0.000470
   1993    30-34   0.000286     0.000680     0.000480
   1993    35-39   0.000596     0.001085     0.000838
   1993    40-44   0.000907     0.001708     0.001304
   1993    45-49   0.001391     0.002811     0.002101
   1993    50-54   0.002214     0.004600     0.003390
   1993    55-59   0.003188     0.007794     0.005360
   1993    60-64   0.005616     0.013432     0.009246
   1993    65-69   0.009449     0.018137     0.013362
   1993    70-74   0.014227     0.030234     0.020844
   1993    75-79   0.030239     0.057239     0.040711
   1993    80-84   0.059492     0.102042     0.074588
   1993    85-89   0.114450     0.170097     0.131923
   1993    90-94   0.217820     0.238492     0.223484
   1993    95-99   0.295620     0.407532     0.321617
   1993   100-104  0.545455     0.428571     0.518919
   1993   105-109         .            .            .
   1993   110+            .            .            .
   1994     0      0.004355     0.006887     0.005654
   1994     1-4    0.000178     0.000345     0.000263
   1994     5-9    0.000160     0.000365     0.000265
   1994    10-14   0.000084     0.000108     0.000096
   1994    15-19   0.000262     0.000726     0.000503
   1994    20-24   0.000158     0.000543     0.000355
   1994    25-29   0.000246     0.000932     0.000584
   1994    30-34   0.000373     0.000916     0.000641
   1994    35-39   0.000546     0.001014     0.000777
   1994    40-44   0.001013     0.001451     0.001230
   1994    45-49   0.001319     0.002354     0.001836
   1994    50-54   0.002396     0.004714     0.003543
   1994    55-59   0.002965     0.006981     0.004868
   1994    60-64   0.005094     0.012369     0.008471
   1994    65-69   0.008293     0.019279     0.013272
   1994    70-74   0.014013     0.030290     0.020765
   1994    75-79   0.027530     0.052335     0.037188
   1994    80-84   0.058759     0.093997     0.071210
   1994    85-89   0.108227     0.160156     0.124473
   1994    90-94   0.181623     0.258729     0.202619
   1994    95-99   0.332765     0.373500     0.342097
   1994   100-104  0.402439     0.571429     0.449339
   1994   105-109  0.000000            .     0.000000
   1994   110+            .            .            .
   1995     0      0.003378     0.006313     0.004877
   1995     1-4    0.000360     0.000260     0.000309
   1995     5-9    0.000098     0.000157     0.000128
   1995    10-14   0.000144     0.000193     0.000169
   1995    15-19   0.000099     0.000484     0.000299
   1995    20-24   0.000357     0.000631     0.000498
   1995    25-29   0.000349     0.000495     0.000421
   1995    30-34   0.000511     0.000735     0.000621
   1995    35-39   0.000556     0.001057     0.000804
   1995    40-44   0.000772     0.001280     0.001024
   1995    45-49   0.001428     0.002591     0.002010
   1995    50-54   0.002211     0.004447     0.003318
   1995    55-59   0.003053     0.006172     0.004542
   1995    60-64   0.005501     0.011932     0.008484
   1995    65-69   0.008518     0.018997     0.013285
   1995    70-74   0.014944     0.034039     0.022911
   1995    75-79   0.026802     0.051990     0.036674
   1995    80-84   0.055871     0.092146     0.068715
   1995    85-89   0.112801     0.161836     0.128020
   1995    90-94   0.200071     0.266004     0.217284
   1995    95-99   0.276649     0.269719     0.275007
   1995   100-104  0.255924     0.395604     0.298013
   1995   105-109  0.545455            .     0.545455
   1995   110+            .            .            .
   1996     0      0.003276     0.004397     0.003846
   1996     1-4    0.000361     0.000389     0.000375
   1996     5-9    0.000034     0.000259     0.000148
   1996    10-14   0.000059     0.000141     0.000101
   1996    15-19   0.000339     0.000389     0.000365
   1996    20-24   0.000337     0.000755     0.000553
   1996    25-29   0.000229     0.000807     0.000515
   1996    30-34   0.000629     0.000533     0.000581
   1996    35-39   0.000338     0.001211     0.000771
   1996    40-44   0.000986     0.001654     0.001318
   1996    45-49   0.001333     0.002237     0.001785
   1996    50-54   0.002124     0.004497     0.003299
   1996    55-59   0.002294     0.006268     0.004210
   1996    60-64   0.005588     0.010173     0.007717
   1996    65-69   0.007725     0.019866     0.013254
   1996    70-74   0.013776     0.029001     0.020215
   1996    75-79   0.025710     0.049841     0.035173
   1996    80-84   0.052615     0.095929     0.067956
   1996    85-89   0.093786     0.153527     0.112207
   1996    90-94   0.170710     0.252295     0.191283
   1996    95-99   0.289295     0.314377     0.295027
   1996   100-104  0.264706     0.378378     0.297650
   1996   105-109  0.240000            .     0.240000
   1996   110+            .            .            .
   1997     0      0.003029     0.003821     0.003430
   1997     1-4    0.000362     0.000086     0.000221
   1997     5-9    0.000068     0.000100     0.000084
   1997    10-14   0.000121     0.000172     0.000147
   1997    15-19   0.000248     0.000406     0.000330
   1997    20-24   0.000230     0.000407     0.000322
   1997    25-29   0.000319     0.000692     0.000505
   1997    30-34   0.000199     0.000732     0.000462
   1997    35-39   0.000708     0.001012     0.000859
   1997    40-44   0.000973     0.001240     0.001106
   1997    45-49   0.001625     0.002506     0.002064
   1997    50-54   0.002097     0.003793     0.002940
   1997    55-59   0.002502     0.006563     0.004478
   1997    60-64   0.004951     0.010642     0.007602
   1997    65-69   0.007407     0.019041     0.012697
   1997    70-74   0.013054     0.029839     0.020265
   1997    75-79   0.024270     0.049941     0.034287
   1997    80-84   0.050237     0.087932     0.063610
   1997    85-89   0.089315     0.158018     0.110143
   1997    90-94   0.162763     0.260925     0.187000
   1997    95-99   0.281577     0.366034     0.300291
   1997   100-104  0.299120     0.237624     0.285068
   1997   105-109  1.500000     0.000000     1.263158
   1997   110+            .            .            .
   1998     0      0.005044     0.005286     0.005168
   1998     1-4    0.000179     0.000388     0.000286
   1998     5-9    0.000035     0.000271     0.000155
   1998    10-14   0.000124     0.000148     0.000136
   1998    15-19   0.000173     0.000603     0.000398
   1998    20-24   0.000505     0.000625     0.000567
   1998    25-29   0.000190     0.000829     0.000511
   1998    30-34   0.000361     0.001204     0.000777
   1998    35-39   0.000568     0.001080     0.000821
   1998    40-44   0.000703     0.001857     0.001275
   1998    45-49   0.001750     0.002509     0.002127
   1998    50-54   0.002407     0.004299     0.003350
   1998    55-59   0.003483     0.006086     0.004758
   1998    60-64   0.004322     0.010798     0.007349
   1998    65-69   0.008545     0.018450     0.013052
   1998    70-74   0.012541     0.029343     0.019842
   1998    75-79   0.023445     0.047908     0.032985
   1998    80-84   0.046310     0.089116     0.061482
   1998    85-89   0.095397     0.150870     0.111982
   1998    90-94   0.167345     0.222041     0.180993
   1998    95-99   0.267649     0.291098     0.272666
   1998   100-104  0.388489     0.533333     0.414201
   1998   105-109  0.461538     0.000000     0.240000
   1998   110+            .            .            .
   1999     0      0.003451     0.004586     0.004038
   1999     1-4    0.000359     0.000258     0.000307
   1999     5-9    0.000071     0.000069     0.000070
   1999    10-14   0.000064     0.000243     0.000156
   1999    15-19   0.000178     0.000431     0.000311
   1999    20-24   0.000255     0.000677     0.000475
   1999    25-29   0.000232     0.000714     0.000474
   1999    30-34   0.000408     0.000867     0.000635
   1999    35-39   0.000543     0.000941     0.000740
   1999    40-44   0.001069     0.002051     0.001555
   1999    45-49   0.001435     0.003097     0.002260
   1999    50-54   0.002043     0.004532     0.003283
   1999    55-59   0.003271     0.006773     0.004992
   1999    60-64   0.004228     0.010948     0.007383
   1999    65-69   0.008207     0.018425     0.012860
   1999    70-74   0.013179     0.029332     0.020241
   1999    75-79   0.023693     0.050051     0.034018
   1999    80-84   0.046323     0.092275     0.062632
   1999    85-89   0.092881     0.151172     0.110225
   1999    90-94   0.169062     0.254405     0.190438
   1999    95-99   0.236975     0.440644     0.277022
   1999   100-104  0.498812     0.499861     0.499027
   1999   105-109  0.571429     1.800000     0.967742
   1999   110+            .            .            .
   2000     0      0.002910     0.002776     0.002842
   2000     1-4    0.000136     0.000258     0.000198
   2000     5-9    0.000000     0.000343     0.000175
   2000    10-14   0.000066     0.000126     0.000096
   2000    15-19   0.000091     0.000332     0.000217
   2000    20-24   0.000245     0.000557     0.000410
   2000    25-29   0.000321     0.000545     0.000433
   2000    30-34   0.000537     0.000795     0.000665
   2000    35-39   0.000649     0.000960     0.000803
   2000    40-44   0.000531     0.001608     0.001065
   2000    45-49   0.001294     0.002596     0.001940
   2000    50-54   0.002467     0.004291     0.003375
   2000    55-59   0.003105     0.006569     0.004809
   2000    60-64   0.004785     0.010554     0.007513
   2000    65-69   0.006846     0.018630     0.012212
   2000    70-74   0.011553     0.027180     0.018421
   2000    75-79   0.020987     0.044283     0.030175
   2000    80-84   0.042199     0.083609     0.056989
   2000    85-89   0.083115     0.137414     0.099295
   2000    90-94   0.151067     0.233624     0.171113
   2000    95-99   0.251209     0.374293     0.272833
   2000   100-104  0.362500     0.612732     0.404934
   2000   105-109  0.206897     0.000000     0.157895
   2000   110+            .            .            .
   2001     0      0.003079     0.003961     0.003531
   2001     1-4    0.000453     0.000300     0.000375
   2001     5-9    0.000180     0.000069     0.000123
   2001    10-14   0.000034     0.000162     0.000099
   2001    15-19   0.000123     0.000395     0.000265
   2001    20-24   0.000463     0.000763     0.000623
   2001    25-29   0.000370     0.000730     0.000551
   2001    30-34   0.000461     0.000754     0.000607
   2001    35-39   0.000600     0.001385     0.000987
   2001    40-44   0.000708     0.001714     0.001206
   2001    45-49   0.001409     0.002284     0.001843
   2001    50-54   0.001878     0.004466     0.003165
   2001    55-59   0.002659     0.006254     0.004427
   2001    60-64   0.004114     0.010956     0.007378
   2001    65-69   0.007563     0.016635     0.011698
   2001    70-74   0.010615     0.027455     0.018027
   2001    75-79   0.019831     0.046363     0.030449
   2001    80-84   0.039666     0.075609     0.052500
   2001    85-89   0.076283     0.133089     0.093299
   2001    90-94   0.144171     0.232692     0.165280
   2001    95-99   0.224492     0.296184     0.237100
   2001   100-104  0.464865     0.466667     0.465116
   2001   105-109  1.636364     0.857143     1.333333
   2001   110+            .            .            .
   2002     0      0.002585     0.004950     0.003793
   2002     1-4    0.000273     0.000257     0.000265
   2002     5-9    0.000108     0.000242     0.000176
   2002    10-14   0.000034     0.000033     0.000034
   2002    15-19   0.000158     0.000229     0.000195
   2002    20-24   0.000151     0.000887     0.000541
   2002    25-29   0.000383     0.000580     0.000483
   2002    30-34   0.000420     0.000995     0.000707
   2002    35-39   0.000682     0.001199     0.000937
   2002    40-44   0.000939     0.001640     0.001286
   2002    45-49   0.000985     0.002213     0.001593
   2002    50-54   0.002076     0.003998     0.003028
   2002    55-59   0.002710     0.006648     0.004652
   2002    60-64   0.004634     0.009654     0.007051
   2002    65-69   0.006229     0.016657     0.010994
   2002    70-74   0.010641     0.025904     0.017350
   2002    75-79   0.020569     0.044908     0.030463
   2002    80-84   0.038369     0.075891     0.051677
   2002    85-89   0.078425     0.127093     0.093052
   2002    90-94   0.137774     0.193953     0.151126
   2002    95-99   0.266008     0.288831     0.270089
   2002   100-104  0.401244     0.179104     0.362934
   2002   105-109  0.600000     3.000000     0.750000
   2002   110+            .            .            .
   2003     0      0.003021     0.004372     0.003709
   2003     1-4    0.000229     0.000173     0.000200
   2003     5-9    0.000144     0.000138     0.000141
   2003    10-14   0.000070     0.000136     0.000103
   2003    15-19   0.000164     0.000438     0.000309
   2003    20-24   0.000342     0.000675     0.000517
   2003    25-29   0.000424     0.000986     0.000710
   2003    30-34   0.000336     0.000843     0.000589
   2003    35-39   0.000446     0.000972     0.000706
   2003    40-44   0.000857     0.001648     0.001248
   2003    45-49   0.001232     0.002673     0.001945
   2003    50-54   0.002024     0.004248     0.003121
   2003    55-59   0.003796     0.007235     0.005496
   2003    60-64   0.004270     0.009929     0.007013
   2003    65-69   0.006304     0.014983     0.010282
   2003    70-74   0.011369     0.027283     0.018371
   2003    75-79   0.021167     0.043685     0.030427
   2003    80-84   0.037938     0.076877     0.051705
   2003    85-89   0.078586     0.137069     0.096207
   2003    90-94   0.136402     0.197416     0.150834
   2003    95-99   0.227613     0.299804     0.241173
   2003   100-104  0.339611     0.675333     0.392901
   2003   105-109  0.285714            .     0.285714
   2003   110+            .            .            .
   2004     0      0.002499     0.003721     0.003120
   2004     1-4    0.000139     0.000176     0.000158
   2004     5-9    0.000072     0.000138     0.000106
   2004    10-14   0.000036     0.000172     0.000105
   2004    15-19   0.000101     0.000269     0.000190
   2004    20-24   0.000192     0.000548     0.000379
   2004    25-29   0.000212     0.000532     0.000375
   2004    30-34   0.000422     0.000724     0.000573
   2004    35-39   0.000492     0.001174     0.000830
   2004    40-44   0.000775     0.001513     0.001139
   2004    45-49   0.001249     0.002542     0.001887
   2004    50-54   0.002028     0.004001     0.003001
   2004    55-59   0.003019     0.006978     0.004972
   2004    60-64   0.004237     0.009652     0.006868
   2004    65-69   0.006336     0.015050     0.010350
   2004    70-74   0.010532     0.025851     0.017278
   2004    75-79   0.017936     0.043592     0.028556
   2004    80-84   0.037283     0.074024     0.050301
   2004    85-89   0.074563     0.126043     0.090190
   2004    90-94   0.132455     0.207470     0.150144
   2004    95-99   0.223724     0.292540     0.236798
   2004   100-104  0.308010     0.399933     0.321029
   2004   105-109  0.120000            .     0.120000
   2004   110+            .            .            .
   2005     0      0.002605     0.003311     0.002963
   2005     1-4    0.000283     0.000407     0.000346
   2005     5-9    0.000036     0.000069     0.000053
   2005    10-14   0.000144     0.000069     0.000106
   2005    15-19   0.000308     0.000278     0.000292
   2005    20-24   0.000329     0.000524     0.000433
   2005    25-29   0.000365     0.000596     0.000482
   2005    30-34   0.000510     0.000894     0.000703
   2005    35-39   0.000566     0.000906     0.000735
   2005    40-44   0.001022     0.001706     0.001359
   2005    45-49   0.001332     0.002424     0.001871
   2005    50-54   0.002099     0.004649     0.003356
   2005    55-59   0.002771     0.005914     0.004321
   2005    60-64   0.003834     0.009837     0.006750
   2005    65-69   0.006448     0.014439     0.010161
   2005    70-74   0.011143     0.024723     0.017130
   2005    75-79   0.017665     0.045610     0.029278
   2005    80-84   0.036474     0.075432     0.050404
   2005    85-89   0.073095     0.131711     0.091067
   2005    90-94   0.135428     0.203522     0.151528
   2005    95-99   0.214456     0.237353     0.218687
   2005   100-104  0.339686     0.543406     0.369155
   2005   105-109  0.734694            .     0.734694
   2005   110+     0.000000            .     0.000000
   2006     0      0.002027     0.002959     0.002499
   2006     1-4    0.000291     0.000327     0.000309
   2006     5-9    0.000109     0.000034     0.000071
   2006    10-14   0.000036     0.000104     0.000071
   2006    15-19   0.000175     0.000192     0.000184
   2006    20-24   0.000236     0.000322     0.000282
   2006    25-29   0.000295     0.000716     0.000509
   2006    30-34   0.000374     0.000711     0.000545
   2006    35-39   0.000335     0.000962     0.000647
   2006    40-44   0.000718     0.001727     0.001215
   2006    45-49   0.001060     0.002539     0.001790
   2006    50-54   0.002204     0.003568     0.002876
   2006    55-59   0.002445     0.005859     0.004128
   2006    60-64   0.004252     0.009164     0.006636
   2006    65-69   0.006172     0.014792     0.010218
   2006    70-74   0.009720     0.024489     0.016236
   2006    75-79   0.017652     0.042683     0.028064
   2006    80-84   0.034192     0.070841     0.047538
   2006    85-89   0.068675     0.119743     0.084305
   2006    90-94   0.133723     0.195615     0.148583
   2006    95-99   0.228201     0.320022     0.244987
   2006   100-104  0.312017     0.461538     0.333156
   2006   105-109  0.576923            .     0.576923
   2006   110+     3.000000            .     3.000000
   2007     0      0.003158     0.003883     0.003524
   2007     1-4    0.000148     0.000000     0.000073
   2007     5-9    0.000146     0.000138     0.000142
   2007    10-14   0.000036     0.000138     0.000089
   2007    15-19   0.000216     0.000263     0.000241
   2007    20-24   0.000310     0.000692     0.000514
   2007    25-29   0.000154     0.000387     0.000272
   2007    30-34   0.000432     0.000537     0.000486
   2007    35-39   0.000470     0.000966     0.000718
   2007    40-44   0.000715     0.001497     0.001102
   2007    45-49   0.001235     0.002544     0.001881
   2007    50-54   0.001722     0.003997     0.002845
   2007    55-59   0.002914     0.005679     0.004273
   2007    60-64   0.004077     0.008292     0.006131
   2007    65-69   0.006444     0.014856     0.010432
   2007    70-74   0.010602     0.023427     0.016275
   2007    75-79   0.018005     0.043886     0.028758
   2007    80-84   0.033259     0.071598     0.047432
   2007    85-89   0.067779     0.113244     0.081559
   2007    90-94   0.135876     0.209429     0.153685
   2007    95-99   0.232663     0.303651     0.245491
   2007   100-104  0.404208     0.624215     0.432311
   2007   105-109  0.444444     6.000000     0.512195
   2007   110+     0.000000            .     0.000000
   2008     0      0.001584     0.003311     0.002455
   2008     1-4    0.000299     0.000145     0.000221
   2008     5-9    0.000074     0.000211     0.000144
   2008    10-14   0.000036     0.000103     0.000071
   2008    15-19   0.000074     0.000200     0.000140
   2008    20-24   0.000212     0.000720     0.000481
   2008    25-29   0.000159     0.000491     0.000328
   2008    30-34   0.000327     0.000728     0.000531
   2008    35-39   0.000335     0.001000     0.000669
   2008    40-44   0.000420     0.001395     0.000904
   2008    45-49   0.001352     0.001984     0.001664
   2008    50-54   0.001933     0.003701     0.002806
   2008    55-59   0.002548     0.006375     0.004423
   2008    60-64   0.003605     0.008443     0.005973
   2008    65-69   0.005884     0.013575     0.009555
   2008    70-74   0.009503     0.023219     0.015594
   2008    75-79   0.018461     0.042039     0.028262
   2008    80-84   0.033992     0.074886     0.049247
   2008    85-89   0.068634     0.122955     0.085094
   2008    90-94   0.135921     0.211267     0.154054
   2008    95-99   0.221957     0.305481     0.236943
   2008   100-104  0.409311     0.355516     0.402450
   2008   105-109  0.451128     0.000000     0.441176
   2008   110+     1.500000            .     1.500000
   2009     0      0.001834     0.001988     0.001912
   2009     1-4    0.000150     0.000196     0.000173
   2009     5-9    0.000075     0.000072     0.000073
   2009    10-14   0.000109     0.000138     0.000124
   2009    15-19   0.000188     0.000234     0.000213
   2009    20-24   0.000400     0.000612     0.000513
   2009    25-29   0.000329     0.000758     0.000548
   2009    30-34   0.000238     0.000737     0.000493
   2009    35-39   0.000631     0.001083     0.000859
   2009    40-44   0.000684     0.001416     0.001048
   2009    45-49   0.000840     0.002317     0.001571
   2009    50-54   0.002096     0.004235     0.003151
   2009    55-59   0.002668     0.006393     0.004494
   2009    60-64   0.003746     0.007835     0.005749
   2009    65-69   0.006005     0.013164     0.009434
   2009    70-74   0.009896     0.024098     0.016239
   2009    75-79   0.015860     0.039122     0.025538
   2009    80-84   0.032918     0.073577     0.048143
   2009    85-89   0.068576     0.126792     0.086244
   2009    90-94   0.143422     0.193679     0.155739
   2009    95-99   0.210685     0.349832     0.234647
   2009   100-104  0.346529     0.596590     0.379606
   2009   105-109  0.552147     0.857143     0.564706
   2009   110+     0.000000            .     0.000000
   2010     0      0.002555     0.003684     0.003131
   2010     1-4    0.000202     0.000296     0.000250
   2010     5-9    0.000000     0.000073     0.000037
   2010    10-14   0.000000     0.000104     0.000053
   2010    15-19   0.000149     0.000335     0.000247
   2010    20-24   0.000340     0.000493     0.000422
   2010    25-29   0.000337     0.000816     0.000581
   2010    30-34   0.000504     0.000915     0.000713
   2010    35-39   0.000439     0.000993     0.000720
   2010    40-44   0.000888     0.001384     0.001135
   2010    45-49   0.000916     0.002024     0.001465
   2010    50-54   0.002310     0.003583     0.002938
   2010    55-59   0.002534     0.005662     0.004070
   2010    60-64   0.003748     0.009746     0.006688
   2010    65-69   0.005911     0.013265     0.009434
   2010    70-74   0.009993     0.021792     0.015319
   2010    75-79   0.016026     0.039100     0.025644
   2010    80-84   0.032829     0.075846     0.048963
   2010    85-89   0.068794     0.124765     0.085904
   2010    90-94   0.125895     0.214655     0.148002
   2010    95-99   0.236701     0.314730     0.250139
   2010   100-104  0.429746     0.347050     0.419050
   2010   105-109  0.863309     2.400000     0.916667
   2010   110+     0.000000            .     0.000000
   2011     0      0.001083     0.001849     0.001476
   2011     1-4    0.000205     0.000499     0.000354
   2011     5-9    0.000117     0.000075     0.000096
   2011    10-14   0.000036     0.000104     0.000071
   2011    15-19   0.000149     0.000336     0.000247
   2011    20-24   0.000389     0.000701     0.000557
   2011    25-29   0.000484     0.000467     0.000475
   2011    30-34   0.000409     0.000570     0.000491
   2011    35-39   0.000582     0.000790     0.000688
   2011    40-44   0.000898     0.001471     0.001184
   2011    45-49   0.001622     0.002368     0.001992
   2011    50-54   0.001591     0.003348     0.002460
   2011    55-59   0.002322     0.005506     0.003886
   2011    60-64   0.003882     0.008654     0.006219
   2011    65-69   0.005484     0.012460     0.008827
   2011    70-74   0.009684     0.022003     0.015315
   2011    75-79   0.015985     0.039183     0.025684
   2011    80-84   0.034319     0.072240     0.048576
   2011    85-89   0.065917     0.129240     0.085526
   2011    90-94   0.143714     0.210416     0.160084
   2011    95-99   0.250438     0.342989     0.266571
   2011   100-104  0.386765     0.565557     0.410642
   2011   105-109  0.595420     0.000000     0.557143
   2011   110+     0.000000            .     0.000000
   2012     0      0.001727     0.002264     0.002002
   2012     1-4    0.000156     0.000101     0.000128
   2012     5-9    0.000079     0.000229     0.000155
   2012    10-14   0.000000     0.000138     0.000071
   2012    15-19   0.000112     0.000100     0.000106
   2012    20-24   0.000156     0.000782     0.000491
   2012    25-29   0.000282     0.000606     0.000448
   2012    30-34   0.000366     0.000388     0.000377
   2012    35-39   0.000525     0.000623     0.000575
   2012    40-44   0.000863     0.001202     0.001033
   2012    45-49   0.001064     0.001756     0.001408
   2012    50-54   0.001476     0.002525     0.001994
   2012    55-59   0.002712     0.005007     0.003841
   2012    60-64   0.003221     0.008402     0.005749
   2012    65-69   0.005920     0.013324     0.009486
   2012    70-74   0.009079     0.021693     0.014912
   2012    75-79   0.017302     0.038068     0.026035
   2012    80-84   0.033389     0.074223     0.048735
   2012    85-89   0.068998     0.133988     0.089356
   2012    90-94   0.136241     0.214973     0.155101
   2012    95-99   0.250688     0.352855     0.268678
   2012   100-104  0.399676     0.502463     0.412026
   2012   105-109  0.842975     1.125000     0.875912
   2012   110+     1.500000            .     1.500000
   2013     0      0.002166     0.001037     0.001589
   2013     1-4    0.000106     0.000051     0.000078
   2013     5-9    0.000120     0.000116     0.000118
   2013    10-14   0.000000     0.000000     0.000000
   2013    15-19   0.000074     0.000263     0.000174
   2013    20-24   0.000275     0.000727     0.000515
   2013    25-29   0.000326     0.000546     0.000439
   2013    30-34   0.000474     0.000587     0.000531
   2013    35-39   0.000324     0.000721     0.000526
   2013    40-44   0.000693     0.001229     0.000963
   2013    45-49   0.000928     0.001965     0.001445
   2013    50-54   0.001540     0.002740     0.002133
   2013    55-59   0.002928     0.005522     0.004203
   2013    60-64   0.003029     0.008222     0.005555
   2013    65-69   0.005477     0.013413     0.009316
   2013    70-74   0.008502     0.019278     0.013526
   2013    75-79   0.016122     0.036424     0.024722
   2013    80-84   0.033088     0.071059     0.047386
   2013    85-89   0.067979     0.129323     0.087296
   2013    90-94   0.136657     0.200742     0.151804
   2013    95-99   0.262107     0.315960     0.271733
   2013   100-104  0.449921     0.534749     0.459359
   2013   105-109  0.437956     0.428571     0.437086
   2013   110+     1.500000            .     1.500000
   2014     0      0.002473     0.002132     0.002298
   2014     1-4    0.000216     0.000310     0.000264
   2014     5-9    0.000161     0.000000     0.000079
   2014    10-14   0.000037     0.000142     0.000091
   2014    15-19   0.000074     0.000228     0.000156
   2014    20-24   0.000118     0.000382     0.000259
   2014    25-29   0.000259     0.000556     0.000412
   2014    30-34   0.000261     0.000857     0.000563
   2014    35-39   0.000419     0.000683     0.000554
   2014    40-44   0.000605     0.001145     0.000878
   2014    45-49   0.001321     0.001691     0.001505
   2014    50-54   0.001726     0.003026     0.002369
   2014    55-59   0.002569     0.005013     0.003770
   2014    60-64   0.003570     0.007315     0.005395
   2014    65-69   0.005032     0.012057     0.008432
   2014    70-74   0.009366     0.022132     0.015338
   2014    75-79   0.015429     0.035238     0.023894
   2014    80-84   0.030637     0.070250     0.045642
   2014    85-89   0.067718     0.123984     0.085546
   2014    90-94   0.132088     0.191147     0.146228
   2014    95-99   0.231299     0.335591     0.250286
   2014   100-104  0.404511     0.505012     0.415494
   2014   105-109  0.556701     0.900000     0.588785
   2014   110+     0.000000            .     0.000000
   2015     0      0.000915     0.001990     0.001462
   2015     1-4    0.000219     0.000157     0.000188
   2015     5-9    0.000122     0.000158     0.000140
   2015    10-14   0.000153     0.000219     0.000187
   2015    15-19   0.000147     0.000296     0.000225
   2015    20-24   0.000118     0.000645     0.000400
   2015    25-29   0.000228     0.000646     0.000443
   2015    30-34   0.000268     0.000488     0.000380
   2015    35-39   0.000413     0.000854     0.000638
   2015    40-44   0.000737     0.001191     0.000966
   2015    45-49   0.000865     0.001713     0.001289
   2015    50-54   0.001416     0.003281     0.002339
   2015    55-59   0.002131     0.004539     0.003314
   2015    60-64   0.003702     0.007970     0.005785
   2015    65-69   0.005661     0.013270     0.009344
   2015    70-74   0.009775     0.019962     0.014538
   2015    75-79   0.016558     0.034617     0.024381
   2015    80-84   0.031775     0.064678     0.044306
   2015    85-89   0.063956     0.115742     0.080521
   2015    90-94   0.131042     0.178893     0.142700
   2015    95-99   0.239981     0.297920     0.250703
   2015   100-104  0.387241     0.531024     0.402881
   2015   105-109  0.700508     0.000000     0.592275
   2015   110+     0.750000            .     0.750000
   2016     0      0.002090     0.002206     0.002149
   2016     1-4    0.000111     0.000107     0.000109
   2016     5-9    0.000124     0.000040     0.000081
   2016    10-14   0.000000     0.000149     0.000076
   2016    15-19   0.000146     0.000561     0.000364
   2016    20-24   0.000158     0.000571     0.000381
   2016    25-29   0.000233     0.000404     0.000321
   2016    30-34   0.000548     0.000562     0.000555
   2016    35-39   0.000463     0.000702     0.000584
   2016    40-44   0.000579     0.000878     0.000731
   2016    45-49   0.001005     0.001624     0.001315
   2016    50-54   0.001839     0.002867     0.002348
   2016    55-59   0.002303     0.005430     0.003842
   2016    60-64   0.003224     0.007687     0.005400
   2016    65-69   0.005052     0.013214     0.008997
   2016    70-74   0.009134     0.020408     0.014408
   2016    75-79   0.014511     0.032713     0.022506
   2016    80-84   0.030086     0.065949     0.043857
   2016    85-89   0.063128     0.114884     0.079847
   2016    90-94   0.126749     0.188368     0.142068
   2016    95-99   0.235597     0.275875     0.243206
   2016   100-104  0.449019     0.560872     0.462542
   2016   105-109  1.038462     0.967742     1.026738
   2016   110+     0.000000            .     0.000000
   2017     0      0.002593     0.001111     0.001829
   2017     1-4    0.000113     0.000108     0.000111
   2017     5-9    0.000000     0.000081     0.000041
   2017    10-14   0.000079     0.000076     0.000077
   2017    15-19   0.000147     0.000430     0.000296
   2017    20-24   0.000238     0.000475     0.000365
   2017    25-29   0.000236     0.000523     0.000383
   2017    30-34   0.000210     0.000777     0.000499
   2017    35-39   0.000333     0.000881     0.000611
   2017    40-44   0.000737     0.000990     0.000866
   2017    45-49   0.000793     0.001792     0.001295
   2017    50-54   0.001884     0.002924     0.002399
   2017    55-59   0.002514     0.004538     0.003510
   2017    60-64   0.003355     0.007437     0.005346
   2017    65-69   0.005110     0.012823     0.008819
   2017    70-74   0.008245     0.018877     0.013248
   2017    75-79   0.014764     0.033164     0.022940
   2017    80-84   0.031553     0.062078     0.043422
   2017    85-89   0.063051     0.120730     0.081700
   2017    90-94   0.128288     0.191138     0.144125
   2017    95-99   0.241857     0.319549     0.256431
   2017   100-104  0.390532     0.452243     0.398911
   2017   105-109  0.488941     0.782609     0.523614
   2017   110+     1.500000            .     1.500000
   2018     0      0.000727     0.001610     0.001180
   2018     1-4    0.000231     0.000164     0.000197
   2018     5-9    0.000086     0.000082     0.000084
   2018    10-14   0.000000     0.000000     0.000000
   2018    15-19   0.000111     0.000264     0.000192
   2018    20-24   0.000395     0.000241     0.000312
   2018    25-29   0.000120     0.000491     0.000312
   2018    30-34   0.000469     0.000484     0.000477
   2018    35-39   0.000251     0.000610     0.000433
   2018    40-44   0.000497     0.000957     0.000732
   2018    45-49   0.001033     0.001345     0.001191
   2018    50-54   0.001274     0.002472     0.001869
   2018    55-59   0.002519     0.004551     0.003518
   2018    60-64   0.003190     0.007104     0.005099
   2018    65-69   0.005021     0.012494     0.008600
   2018    70-74   0.008103     0.018188     0.012873
   2018    75-79   0.014281     0.029991     0.021322
   2018    80-84   0.030079     0.064310     0.043521
   2018    85-89   0.062163     0.114262     0.079115
   2018    90-94   0.124244     0.189601     0.140847
   2018    95-99   0.250092     0.345501     0.267634
   2018   100-104  0.416786     0.385103     0.412106
   2018   105-109  0.487767     0.193548     0.456242
   2018   110+            .            .            .
   2019     0      0.001802     0.002190     0.002002
   2019     1-4    0.000236     0.000000     0.000115
   2019     5-9    0.000000     0.000083     0.000043
   2019    10-14   0.000121     0.000235     0.000179
   2019    15-19   0.000149     0.000167     0.000158
   2019    20-24   0.000276     0.000171     0.000220
   2019    25-29   0.000204     0.000459     0.000336
   2019    30-34   0.000370     0.000638     0.000507
   2019    35-39   0.000357     0.000755     0.000559
   2019    40-44   0.000603     0.001007     0.000810
   2019    45-49   0.000912     0.001414     0.001167
   2019    50-54   0.001357     0.002857     0.002104
   2019    55-59   0.002034     0.004486     0.003239
   2019    60-64   0.002970     0.006544     0.004710
   2019    65-69   0.004891     0.011359     0.007996
   2019    70-74   0.008062     0.018539     0.013014
   2019    75-79   0.014690     0.032342     0.022632
   2019    80-84   0.029965     0.061268     0.042349
   2019    85-89   0.063201     0.111360     0.079087
   2019    90-94   0.123110     0.196015     0.141682
   2019    95-99   0.232023     0.316724     0.247517
   2019   100-104  0.402104     0.442394     0.408220
   2019   105-109  0.589598     0.600000     0.590589
   2019   110+            .            .            .
   2020     0      0.001887     0.001538     0.001708
   2020     1-4    0.000000     0.000230     0.000119
   2020     5-9    0.000089     0.000169     0.000130
   2020    10-14   0.000041     0.000159     0.000101
   2020    15-19   0.000113     0.000103     0.000108
   2020    20-24   0.000196     0.000337     0.000272
   2020    25-29   0.000207     0.000232     0.000220
   2020    30-34   0.000114     0.000799     0.000465
   2020    35-39   0.000466     0.000647     0.000558
   2020    40-44   0.000497     0.001086     0.000798
   2020    45-49   0.001132     0.001880     0.001512
   2020    50-54   0.001307     0.002489     0.001897
   2020    55-59   0.001891     0.004527     0.003186
   2020    60-64   0.003111     0.006796     0.004904
   2020    65-69   0.004111     0.011314     0.007577
   2020    70-74   0.008560     0.019297     0.013630
   2020    75-79   0.013315     0.031986     0.021702
   2020    80-84   0.027666     0.059020     0.040252
   2020    85-89   0.057107     0.109152     0.074465
   2020    90-94   0.122348     0.184910     0.138526
   2020    95-99   0.215287     0.290257     0.229030
   2020   100-104  0.368322     0.335495     0.363531
   2020   105-109  0.664229     0.500000     0.646532
   2020   110+     0.000000            .     0.000000
   2021     0      0.000844     0.002152     0.001513
   2021     1-4    0.000000     0.000000     0.000000
   2021     5-9    0.000045     0.000170     0.000109
   2021    10-14   0.000083     0.000000     0.000041
   2021    15-19   0.000039     0.000215     0.000130
   2021    20-24   0.000191     0.000519     0.000369
   2021    25-29   0.000167     0.000580     0.000382
   2021    30-34   0.000312     0.000374     0.000344
   2021    35-39   0.000409     0.000595     0.000504
   2021    40-44   0.000610     0.000643     0.000627
   2021    45-49   0.000838     0.001750     0.001302
   2021    50-54   0.001454     0.002275     0.001866
   2021    55-59   0.001675     0.004261     0.002946
   2021    60-64   0.003236     0.006926     0.005033
   2021    65-69   0.004635     0.011668     0.008019
   2021    70-74   0.008004     0.018960     0.013169
   2021    75-79   0.014754     0.032548     0.022746
   2021    80-84   0.028721     0.056893     0.040222
   2021    85-89   0.059563     0.108033     0.075892
   2021    90-94   0.121387     0.187956     0.138800
   2021    95-99   0.236070     0.305620     0.249168
   2021   100-104  0.367223     0.391849     0.370803
   2021   105-109  0.831661     0.619835     0.799876
   2021   110+     1.090909            .     1.090909
   2022     0      0.002271     0.001365     0.001809
   2022     1-4    0.000066     0.000126     0.000097
   2022     5-9    0.000091     0.000043     0.000067
   2022    10-14   0.000210     0.000081     0.000144
   2022    15-19   0.000158     0.000187     0.000173
   2022    20-24   0.000187     0.000413     0.000309
   2022    25-29   0.000334     0.000341     0.000337
   2022    30-34   0.000558     0.000612     0.000586
   2022    35-39   0.000280     0.000913     0.000602
   2022    40-44   0.000667     0.001025     0.000849
   2022    45-49   0.001171     0.001769     0.001476
   2022    50-54   0.001374     0.002660     0.002022
   2022    55-59   0.001895     0.004117     0.002990
   2022    60-64   0.003160     0.007724     0.005383
   2022    65-69   0.005294     0.010996     0.008039
   2022    70-74   0.008764     0.020025     0.014047
   2022    75-79   0.014156     0.033854     0.023068
   2022    80-84   0.029524     0.058698     0.041629
   2022    85-89   0.062222     0.113996     0.079931
   2022    90-94   0.131580     0.214076     0.153054
   2022    95-99   0.250066     0.325273     0.264473
   2022   100-104  0.419123     0.465897     0.425961
   2022   105-109  0.549008     1.344538     0.679377
   2022   110+     2.068966            .     2.068966
