14.Kanagawa.ken, Death Rates (period 5x1)     Last modified:2023-12-05, ver.004_004 JMD(IPSS)

   Year      Age       Female       Male         Total
   1947     0      0.062779     0.072747     0.067888
   1947     1-4    0.013609     0.014190     0.013904
   1947     5-9    0.002687     0.002985     0.002838
   1947    10-14   0.001564     0.001489     0.001526
   1947    15-19   0.003964     0.004292     0.004138
   1947    20-24   0.006735     0.007838     0.007283
   1947    25-29   0.005873     0.007174     0.006468
   1947    30-34   0.005877     0.006955     0.006408
   1947    35-39   0.005536     0.007131     0.006333
   1947    40-44   0.006837     0.008914     0.007915
   1947    45-49   0.007290     0.012016     0.009753
   1947    50-54   0.011370     0.016201     0.013869
   1947    55-59   0.015785     0.023844     0.019838
   1947    60-64   0.023328     0.039096     0.030709
   1947    65-69   0.036663     0.058492     0.046197
   1947    70-74   0.057595     0.079962     0.066797
   1947    75-79   0.090333     0.125054     0.103526
   1947    80-84   0.148454     0.186575     0.161183
   1947    85-89   0.210233     0.268557     0.226709
   1947    90-94   0.321673     0.361672     0.333665
   1947    95-99   0.291474     1.090909     0.537785
   1947   100-104  1.829268     0.000000     1.801802
   1947   105-109  0.000000     1.500000     1.477833
   1947   110+            .            .            .
   1948     0      0.038901     0.046577     0.042828
   1948     1-4    0.006696     0.006746     0.006721
   1948     5-9    0.001875     0.002342     0.002112
   1948    10-14   0.001507     0.001540     0.001523
   1948    15-19   0.003266     0.003790     0.003542
   1948    20-24   0.006520     0.007459     0.007000
   1948    25-29   0.005704     0.006711     0.006163
   1948    30-34   0.005207     0.006248     0.005713
   1948    35-39   0.005199     0.006347     0.005771
   1948    40-44   0.006212     0.008302     0.007288
   1948    45-49   0.006980     0.010354     0.008735
   1948    50-54   0.011703     0.014150     0.012967
   1948    55-59   0.013884     0.022665     0.018320
   1948    60-64   0.021538     0.031729     0.026384
   1948    65-69   0.033015     0.050145     0.040505
   1948    70-74   0.053074     0.072986     0.061229
   1948    75-79   0.079645     0.107442     0.090284
   1948    80-84   0.124351     0.155231     0.134825
   1948    85-89   0.201290     0.226498     0.208338
   1948    90-94   0.402224     0.305819     0.373746
   1948    95-99   0.376479     0.597758     0.435041
   1948   100-104  0.000000     0.000000     0.000000
   1948   105-109  0.000000            .     0.000000
   1948   110+            .            .            .
   1949     0      0.041184     0.046772     0.044035
   1949     1-4    0.008006     0.008522     0.008269
   1949     5-9    0.001820     0.001996     0.001909
   1949    10-14   0.001234     0.001165     0.001199
   1949    15-19   0.002716     0.002879     0.002801
   1949    20-24   0.005526     0.006794     0.006187
   1949    25-29   0.004988     0.006620     0.005736
   1949    30-34   0.004509     0.005922     0.005186
   1949    35-39   0.004689     0.006227     0.005456
   1949    40-44   0.006339     0.007433     0.006897
   1949    45-49   0.006817     0.009439     0.008177
   1949    50-54   0.009987     0.013396     0.011750
   1949    55-59   0.013980     0.021402     0.017750
   1949    60-64   0.020753     0.032765     0.026531
   1949    65-69   0.033393     0.049562     0.040481
   1949    70-74   0.051970     0.075543     0.061619
   1949    75-79   0.079831     0.100957     0.087967
   1949    80-84   0.133998     0.162828     0.143820
   1949    85-89   0.229951     0.211453     0.224506
   1949    90-94   0.298304     0.433308     0.334754
   1949    95-99   0.733753     0.650900     0.709971
   1949   100-104  0.000000     0.000000     0.000000
   1949   105-109  0.000000            .     0.000000
   1949   110+            .            .            .
   1950     0      0.036015     0.041810     0.038983
   1950     1-4    0.006686     0.006379     0.006529
   1950     5-9    0.001686     0.002038     0.001864
   1950    10-14   0.001217     0.001215     0.001216
   1950    15-19   0.002320     0.002424     0.002374
   1950    20-24   0.004536     0.004656     0.004600
   1950    25-29   0.004035     0.005827     0.004873
   1950    30-34   0.004106     0.005107     0.004577
   1950    35-39   0.004572     0.006071     0.005317
   1950    40-44   0.005361     0.006511     0.005944
   1950    45-49   0.006942     0.009781     0.008410
   1950    50-54   0.009451     0.014318     0.011965
   1950    55-59   0.014069     0.021089     0.017656
   1950    60-64   0.022459     0.032669     0.027397
   1950    65-69   0.035044     0.053398     0.043124
   1950    70-74   0.053328     0.081301     0.064792
   1950    75-79   0.088804     0.113901     0.098507
   1950    80-84   0.140435     0.176600     0.152730
   1950    85-89   0.210521     0.287311     0.233581
   1950    90-94   0.292323     0.356597     0.307232
   1950    95-99   0.844156     0.560957     0.740335
   1950   100-104  0.000000     0.000000     0.000000
   1950   105-109  0.000000            .     0.000000
   1950   110+            .            .            .
   1951     0      0.036250     0.041559     0.038982
   1951     1-4    0.005750     0.006027     0.005891
   1951     5-9    0.001321     0.001333     0.001327
   1951    10-14   0.000884     0.000799     0.000841
   1951    15-19   0.001691     0.002018     0.001859
   1951    20-24   0.002733     0.003719     0.003255
   1951    25-29   0.003775     0.004297     0.004026
   1951    30-34   0.003487     0.003835     0.003648
   1951    35-39   0.004074     0.004261     0.004167
   1951    40-44   0.005249     0.005718     0.005484
   1951    45-49   0.007128     0.009403     0.008305
   1951    50-54   0.008790     0.012866     0.010892
   1951    55-59   0.013490     0.020165     0.016901
   1951    60-64   0.022296     0.030722     0.026405
   1951    65-69   0.034523     0.050286     0.041515
   1951    70-74   0.055192     0.075561     0.063539
   1951    75-79   0.084056     0.113274     0.095313
   1951    80-84   0.132113     0.163967     0.142976
   1951    85-89   0.214051     0.236005     0.220611
   1951    90-94   0.316675     0.489238     0.352386
   1951    95-99   0.280123     0.198127     0.250446
   1951   100-104  0.000000     0.000000     0.000000
   1951   105-109  0.000000            .     0.000000
   1951   110+     0.000000            .     0.000000
   1952     0      0.032208     0.037281     0.034805
   1952     1-4    0.003774     0.004176     0.003979
   1952     5-9    0.001205     0.001512     0.001361
   1952    10-14   0.000733     0.000916     0.000826
   1952    15-19   0.001529     0.001437     0.001481
   1952    20-24   0.002483     0.002987     0.002748
   1952    25-29   0.002711     0.003119     0.002913
   1952    30-34   0.002881     0.003017     0.002943
   1952    35-39   0.003292     0.003654     0.003470
   1952    40-44   0.004554     0.005672     0.005111
   1952    45-49   0.006032     0.008407     0.007256
   1952    50-54   0.008680     0.012318     0.010555
   1952    55-59   0.013938     0.019383     0.016712
   1952    60-64   0.020909     0.031401     0.026065
   1952    65-69   0.034219     0.052218     0.042315
   1952    70-74   0.057044     0.081611     0.067130
   1952    75-79   0.083742     0.120307     0.097636
   1952    80-84   0.138244     0.164317     0.147236
   1952    85-89   0.200023     0.236010     0.210931
   1952    90-94   0.298882     0.342989     0.307992
   1952    95-99   0.384988     0.468006     0.411043
   1952   100-104  0.000000     0.000000     0.000000
   1952   105-109  0.000000     0.000000     0.000000
   1952   110+     0.000000            .     0.000000
   1953     0      0.035681     0.042276     0.039048
   1953     1-4    0.004012     0.003786     0.003896
   1953     5-9    0.001262     0.001485     0.001376
   1953    10-14   0.000581     0.000696     0.000639
   1953    15-19   0.001310     0.001458     0.001387
   1953    20-24   0.002060     0.002680     0.002385
   1953    25-29   0.002463     0.003224     0.002848
   1953    30-34   0.002723     0.003042     0.002868
   1953    35-39   0.003115     0.003240     0.003176
   1953    40-44   0.004039     0.005141     0.004587
   1953    45-49   0.005527     0.007651     0.006613
   1953    50-54   0.008659     0.011931     0.010342
   1953    55-59   0.011758     0.020063     0.015981
   1953    60-64   0.019129     0.031900     0.025423
   1953    65-69   0.033830     0.050839     0.041606
   1953    70-74   0.060122     0.079248     0.067986
   1953    75-79   0.090540     0.123931     0.103078
   1953    80-84   0.136922     0.194177     0.156641
   1953    85-89   0.243292     0.308165     0.262878
   1953    90-94   0.273851     0.349362     0.290213
   1953    95-99   0.343466     0.375408     0.352070
   1953   100-104  0.917647     1.569948     1.174312
   1953   105-109  0.461538     0.489796     0.470588
   1953   110+     3.000000            .     3.000000
   1954     0      0.033641     0.035140     0.034407
   1954     1-4    0.003399     0.003606     0.003505
   1954     5-9    0.001288     0.001428     0.001359
   1954    10-14   0.000672     0.000744     0.000709
   1954    15-19   0.000910     0.001590     0.001266
   1954    20-24   0.002066     0.002785     0.002444
   1954    25-29   0.002257     0.003189     0.002735
   1954    30-34   0.002469     0.002992     0.002709
   1954    35-39   0.003202     0.003519     0.003354
   1954    40-44   0.004029     0.004826     0.004426
   1954    45-49   0.004995     0.007479     0.006255
   1954    50-54   0.008003     0.012299     0.010204
   1954    55-59   0.012648     0.018854     0.015803
   1954    60-64   0.019046     0.029447     0.024190
   1954    65-69   0.030284     0.044965     0.037068
   1954    70-74   0.051141     0.074371     0.060729
   1954    75-79   0.082915     0.106756     0.091876
   1954    80-84   0.118360     0.163067     0.133583
   1954    85-89   0.192995     0.254961     0.211359
   1954    90-94   0.346489     0.254234     0.324005
   1954    95-99   0.415619     0.248117     0.371275
   1954   100-104  0.000000     0.000000     0.000000
   1954   105-109  0.000000     0.000000     0.000000
   1954   110+     0.000000            .     0.000000
   1955     0      0.029119     0.031475     0.030326
   1955     1-4    0.003007     0.003119     0.003064
   1955     5-9    0.001038     0.001196     0.001119
   1955    10-14   0.000515     0.000696     0.000607
   1955    15-19   0.001055     0.001307     0.001187
   1955    20-24   0.001765     0.002362     0.002081
   1955    25-29   0.001941     0.002649     0.002306
   1955    30-34   0.002075     0.002662     0.002350
   1955    35-39   0.002633     0.003169     0.002885
   1955    40-44   0.003354     0.004490     0.003918
   1955    45-49   0.005068     0.006750     0.005917
   1955    50-54   0.007092     0.010893     0.009034
   1955    55-59   0.011068     0.019345     0.015266
   1955    60-64   0.017382     0.028548     0.022926
   1955    65-69   0.029679     0.044457     0.036548
   1955    70-74   0.052394     0.073012     0.060963
   1955    75-79   0.078697     0.114325     0.092108
   1955    80-84   0.122653     0.148530     0.131474
   1955    85-89   0.194800     0.238885     0.207629
   1955    90-94   0.273206     0.383466     0.301640
   1955    95-99   0.237331     0.511885     0.302404
   1955   100-104  0.645233     0.000000     0.510975
   1955   105-109  0.226415     0.000000     0.122449
   1955   110+     0.000000            .     0.000000
   1956     0      0.027924     0.030002     0.028996
   1956     1-4    0.002431     0.002490     0.002461
   1956     5-9    0.001011     0.001001     0.001006
   1956    10-14   0.000435     0.000540     0.000488
   1956    15-19   0.000893     0.001279     0.001095
   1956    20-24   0.001483     0.002298     0.001917
   1956    25-29   0.001854     0.002492     0.002184
   1956    30-34   0.002200     0.002394     0.002293
   1956    35-39   0.002794     0.003152     0.002960
   1956    40-44   0.003806     0.003877     0.003841
   1956    45-49   0.005305     0.006913     0.006110
   1956    50-54   0.007525     0.011719     0.009668
   1956    55-59   0.011394     0.018488     0.014982
   1956    60-64   0.017590     0.028049     0.022773
   1956    65-69   0.029320     0.049156     0.038621
   1956    70-74   0.052541     0.076602     0.062639
   1956    75-79   0.088646     0.113268     0.097944
   1956    80-84   0.131371     0.175683     0.146523
   1956    85-89   0.187993     0.264715     0.210120
   1956    90-94   0.315090     0.463398     0.350875
   1956    95-99   0.368219     0.085568     0.305208
   1956   100-104  0.442922     0.000000     0.352087
   1956   105-109  0.069767     0.000000     0.031414
   1956   110+     0.150000            .     0.150000
   1957     0      0.027253     0.035259     0.031389
   1957     1-4    0.002371     0.002391     0.002381
   1957     5-9    0.000812     0.001109     0.000964
   1957    10-14   0.000519     0.000524     0.000521
   1957    15-19   0.000861     0.001308     0.001097
   1957    20-24   0.001451     0.002193     0.001845
   1957    25-29   0.001737     0.002160     0.001956
   1957    30-34   0.001870     0.002673     0.002268
   1957    35-39   0.002629     0.003163     0.002874
   1957    40-44   0.003205     0.004145     0.003666
   1957    45-49   0.004979     0.006872     0.005920
   1957    50-54   0.007207     0.011757     0.009523
   1957    55-59   0.011165     0.019151     0.015201
   1957    60-64   0.017466     0.031344     0.024317
   1957    65-69   0.030524     0.049651     0.039553
   1957    70-74   0.051453     0.081038     0.064005
   1957    75-79   0.087445     0.125897     0.102025
   1957    80-84   0.134371     0.177091     0.148824
   1957    85-89   0.217305     0.268085     0.232034
   1957    90-94   0.332059     0.360105     0.338611
   1957    95-99   0.412529     0.404685     0.410716
   1957   100-104  0.451426     2.119149     0.599096
   1957   105-109  2.100000     2.400000     2.266667
   1957   110+     2.000000            .     2.000000
   1958     0      0.025718     0.030626     0.028240
   1958     1-4    0.001886     0.002339     0.002118
   1958     5-9    0.000737     0.000903     0.000822
   1958    10-14   0.000345     0.000685     0.000518
   1958    15-19   0.000889     0.001231     0.001071
   1958    20-24   0.001360     0.001965     0.001681
   1958    25-29   0.001445     0.002244     0.001857
   1958    30-34   0.001811     0.002583     0.002202
   1958    35-39   0.002221     0.003180     0.002661
   1958    40-44   0.003340     0.003892     0.003608
   1958    45-49   0.004667     0.006318     0.005486
   1958    50-54   0.007163     0.011133     0.009168
   1958    55-59   0.011272     0.016950     0.014136
   1958    60-64   0.016336     0.028467     0.022320
   1958    65-69   0.026673     0.044285     0.034993
   1958    70-74   0.047536     0.074193     0.059007
   1958    75-79   0.076849     0.117296     0.092178
   1958    80-84   0.120802     0.165849     0.135879
   1958    85-89   0.198605     0.236536     0.209762
   1958    90-94   0.282502     0.368252     0.302848
   1958    95-99   0.315268     0.432651     0.339508
   1958   100-104  0.777706     0.000000     0.724857
   1958   105-109         .            .            .
   1958   110+            .            .            .
   1959     0      0.023352     0.028245     0.025869
   1959     1-4    0.001559     0.002232     0.001904
   1959     5-9    0.000736     0.000967     0.000854
   1959    10-14   0.000450     0.000672     0.000563
   1959    15-19   0.000731     0.001174     0.000966
   1959    20-24   0.001132     0.002007     0.001600
   1959    25-29   0.001338     0.002094     0.001727
   1959    30-34   0.001947     0.002266     0.002111
   1959    35-39   0.002101     0.002615     0.002339
   1959    40-44   0.002913     0.003731     0.003305
   1959    45-49   0.004250     0.006429     0.005329
   1959    50-54   0.006639     0.010453     0.008552
   1959    55-59   0.010504     0.017481     0.014014
   1959    60-64   0.015572     0.027993     0.021696
   1959    65-69   0.025557     0.044061     0.034317
   1959    70-74   0.045992     0.068669     0.055861
   1959    75-79   0.077018     0.104977     0.087652
   1959    80-84   0.125651     0.161054     0.137492
   1959    85-89   0.183223     0.218181     0.193525
   1959    90-94   0.295378     0.383627     0.315847
   1959    95-99   0.513034     0.241093     0.451893
   1959   100-104  0.159025     0.000000     0.139600
   1959   105-109         .            .            .
   1959   110+            .            .            .
   1960     0      0.021680     0.026598     0.024206
   1960     1-4    0.001380     0.001907     0.001651
   1960     5-9    0.000658     0.001027     0.000846
   1960    10-14   0.000351     0.000541     0.000448
   1960    15-19   0.000733     0.001227     0.000994
   1960    20-24   0.001014     0.001857     0.001471
   1960    25-29   0.001222     0.001993     0.001618
   1960    30-34   0.001654     0.002290     0.001983
   1960    35-39   0.002165     0.003146     0.002630
   1960    40-44   0.002819     0.003751     0.003259
   1960    45-49   0.004068     0.006043     0.005045
   1960    50-54   0.006437     0.010556     0.008493
   1960    55-59   0.010081     0.017723     0.013914
   1960    60-64   0.015841     0.027731     0.021681
   1960    65-69   0.025722     0.041757     0.033347
   1960    70-74   0.047375     0.070968     0.057704
   1960    75-79   0.079067     0.110919     0.091278
   1960    80-84   0.125111     0.172845     0.141129
   1960    85-89   0.195170     0.240711     0.208615
   1960    90-94   0.326234     0.312201     0.323032
   1960    95-99   0.347961     0.685325     0.427139
   1960   100-104  0.285850     0.000000     0.235386
   1960   105-109         .            .            .
   1960   110+            .            .            .
   1961     0      0.019624     0.025566     0.022668
   1961     1-4    0.001465     0.001649     0.001559
   1961     5-9    0.000501     0.000898     0.000704
   1961    10-14   0.000413     0.000551     0.000484
   1961    15-19   0.000664     0.001305     0.001004
   1961    20-24   0.001058     0.001637     0.001373
   1961    25-29   0.001068     0.001902     0.001499
   1961    30-34   0.001510     0.002212     0.001874
   1961    35-39   0.001992     0.002694     0.002334
   1961    40-44   0.003032     0.003512     0.003256
   1961    45-49   0.004436     0.005485     0.004952
   1961    50-54   0.006171     0.009144     0.007647
   1961    55-59   0.009555     0.017528     0.013558
   1961    60-64   0.014696     0.026758     0.020611
   1961    65-69   0.024439     0.041800     0.032686
   1961    70-74   0.041756     0.068487     0.053560
   1961    75-79   0.078312     0.105959     0.089018
   1961    80-84   0.133213     0.169070     0.145273
   1961    85-89   0.187983     0.250557     0.206318
   1961    90-94   0.274585     0.301313     0.280918
   1961    95-99   0.276226     0.124961     0.241792
   1961   100-104  0.683371     1.846154     0.864969
   1961   105-109  0.000000            .     0.000000
   1961   110+            .            .            .
   1962     0      0.017799     0.021774     0.019838
   1962     1-4    0.000984     0.001423     0.001209
   1962     5-9    0.000573     0.000653     0.000614
   1962    10-14   0.000309     0.000525     0.000420
   1962    15-19   0.000600     0.001099     0.000867
   1962    20-24   0.000922     0.001604     0.001292
   1962    25-29   0.001166     0.001798     0.001495
   1962    30-34   0.001337     0.002097     0.001731
   1962    35-39   0.001858     0.002525     0.002193
   1962    40-44   0.002778     0.003669     0.003190
   1962    45-49   0.003939     0.005759     0.004831
   1962    50-54   0.006436     0.009858     0.008125
   1962    55-59   0.009372     0.015783     0.012589
   1962    60-64   0.016948     0.026680     0.021729
   1962    65-69   0.025529     0.046672     0.035535
   1962    70-74   0.047215     0.072047     0.058266
   1962    75-79   0.084864     0.116992     0.097461
   1962    80-84   0.137006     0.183951     0.152782
   1962    85-89   0.207705     0.268668     0.225170
   1962    90-94   0.296699     0.436445     0.330941
   1962    95-99   0.393582     0.603804     0.437031
   1962   100-104  0.209278     0.000000     0.189454
   1962   105-109  0.000000            .     0.000000
   1962   110+            .            .            .
   1963     0      0.016217     0.018646     0.017464
   1963     1-4    0.001059     0.001540     0.001305
   1963     5-9    0.000432     0.000676     0.000556
   1963    10-14   0.000259     0.000384     0.000323
   1963    15-19   0.000428     0.000924     0.000696
   1963    20-24   0.000698     0.001429     0.001094
   1963    25-29   0.001157     0.001616     0.001398
   1963    30-34   0.001356     0.001829     0.001602
   1963    35-39   0.001622     0.002640     0.002145
   1963    40-44   0.002280     0.003624     0.002902
   1963    45-49   0.003802     0.005851     0.004799
   1963    50-54   0.005368     0.008830     0.007074
   1963    55-59   0.008498     0.015263     0.011877
   1963    60-64   0.013694     0.025519     0.019500
   1963    65-69   0.023257     0.040586     0.031467
   1963    70-74   0.041583     0.063134     0.051203
   1963    75-79   0.075792     0.103220     0.086735
   1963    80-84   0.113122     0.153852     0.126792
   1963    85-89   0.179639     0.211057     0.188600
   1963    90-94   0.258223     0.313653     0.271925
   1963    95-99   0.461745     0.250991     0.421232
   1963   100-104  0.000000     0.000000     0.000000
   1963   105-109  3.000000            .     3.000000
   1963   110+            .            .            .
   1964     0      0.014116     0.017843     0.016033
   1964     1-4    0.000914     0.001311     0.001117
   1964     5-9    0.000508     0.000705     0.000609
   1964    10-14   0.000249     0.000472     0.000363
   1964    15-19   0.000405     0.000912     0.000679
   1964    20-24   0.000724     0.001477     0.001133
   1964    25-29   0.000746     0.001564     0.001176
   1964    30-34   0.001108     0.001903     0.001523
   1964    35-39   0.001651     0.002577     0.002134
   1964    40-44   0.002612     0.003810     0.003174
   1964    45-49   0.003777     0.005215     0.004468
   1964    50-54   0.005898     0.008785     0.007320
   1964    55-59   0.008471     0.013728     0.011087
   1964    60-64   0.013600     0.025585     0.019477
   1964    65-69   0.022134     0.042153     0.031623
   1964    70-74   0.041669     0.064479     0.051895
   1964    75-79   0.070821     0.107852     0.085773
   1964    80-84   0.116935     0.151617     0.128692
   1964    85-89   0.185427     0.240892     0.201226
   1964    90-94   0.302943     0.271200     0.294917
   1964    95-99   0.430118     0.178851     0.369111
   1964   100-104  0.537795     0.000000     0.456043
   1964   105-109  0.000000            .     0.000000
   1964   110+            .            .            .
   1965     0      0.013668     0.016977     0.015367
   1965     1-4    0.001126     0.001102     0.001113
   1965     5-9    0.000381     0.000557     0.000471
   1965    10-14   0.000233     0.000411     0.000323
   1965    15-19   0.000427     0.000812     0.000634
   1965    20-24   0.000668     0.001172     0.000945
   1965    25-29   0.000899     0.001320     0.001120
   1965    30-34   0.001213     0.001788     0.001514
   1965    35-39   0.001610     0.002316     0.001982
   1965    40-44   0.002175     0.003113     0.002625
   1965    45-49   0.003706     0.005754     0.004679
   1965    50-54   0.005688     0.008008     0.006830
   1965    55-59   0.008485     0.013787     0.011116
   1965    60-64   0.013853     0.024431     0.019042
   1965    65-69   0.022998     0.040323     0.031180
   1965    70-74   0.040120     0.066279     0.051897
   1965    75-79   0.073052     0.103146     0.085266
   1965    80-84   0.124212     0.145369     0.131510
   1965    85-89   0.194428     0.251338     0.210447
   1965    90-94   0.322749     0.360897     0.332519
   1965    95-99   0.402791     0.313243     0.377875
   1965   100-104  0.399202     1.171875     0.511654
   1965   105-109  1.500000            .     1.500000
   1965   110+            .            .            .
   1966     0      0.011383     0.014874     0.013177
   1966     1-4    0.000785     0.001156     0.000975
   1966     5-9    0.000375     0.000524     0.000451
   1966    10-14   0.000335     0.000423     0.000380
   1966    15-19   0.000412     0.000928     0.000688
   1966    20-24   0.000682     0.001160     0.000946
   1966    25-29   0.000764     0.001303     0.001048
   1966    30-34   0.000909     0.001569     0.001255
   1966    35-39   0.001604     0.002391     0.002020
   1966    40-44   0.002345     0.003199     0.002766
   1966    45-49   0.003200     0.005046     0.004065
   1966    50-54   0.005259     0.008168     0.006684
   1966    55-59   0.008373     0.014158     0.011226
   1966    60-64   0.013644     0.023360     0.018427
   1966    65-69   0.021324     0.038514     0.029430
   1966    70-74   0.039335     0.059979     0.048605
   1966    75-79   0.069197     0.099415     0.081579
   1966    80-84   0.113375     0.138391     0.122165
   1966    85-89   0.180830     0.214301     0.190387
   1966    90-94   0.275965     0.301928     0.282548
   1966    95-99   0.361301     0.254224     0.331873
   1966   100-104  0.351803     1.237113     0.547820
   1966   105-109  0.000000            .     0.000000
   1966   110+            .            .            .
   1967     0      0.011341     0.015435     0.013445
   1967     1-4    0.000722     0.000880     0.000803
   1967     5-9    0.000270     0.000546     0.000411
   1967    10-14   0.000209     0.000388     0.000301
   1967    15-19   0.000458     0.000824     0.000655
   1967    20-24   0.000637     0.001121     0.000902
   1967    25-29   0.000695     0.001314     0.001020
   1967    30-34   0.000987     0.001450     0.001230
   1967    35-39   0.001613     0.002195     0.001919
   1967    40-44   0.001989     0.003289     0.002646
   1967    45-49   0.003170     0.004792     0.003923
   1967    50-54   0.005107     0.007772     0.006405
   1967    55-59   0.008025     0.013800     0.010850
   1967    60-64   0.013957     0.022974     0.018392
   1967    65-69   0.022654     0.038279     0.030030
   1967    70-74   0.038571     0.065806     0.050756
   1967    75-79   0.068202     0.099327     0.081053
   1967    80-84   0.116298     0.148419     0.127716
   1967    85-89   0.179201     0.233054     0.194891
   1967    90-94   0.288961     0.321786     0.297215
   1967    95-99   0.519061     0.469082     0.505581
   1967   100-104  0.000000     0.642398     0.103288
   1967   105-109  1.500000            .     1.500000
   1967   110+            .            .            .
   1968     0      0.011464     0.014784     0.013173
   1968     1-4    0.000825     0.000939     0.000883
   1968     5-9    0.000367     0.000573     0.000472
   1968    10-14   0.000262     0.000284     0.000274
   1968    15-19   0.000302     0.000879     0.000617
   1968    20-24   0.000476     0.001076     0.000803
   1968    25-29   0.000735     0.001186     0.000972
   1968    30-34   0.000848     0.001485     0.001182
   1968    35-39   0.001268     0.002093     0.001702
   1968    40-44   0.001935     0.003373     0.002676
   1968    45-49   0.003008     0.004614     0.003752
   1968    50-54   0.004725     0.007116     0.005881
   1968    55-59   0.007727     0.012347     0.009979
   1968    60-64   0.012066     0.021943     0.016896
   1968    65-69   0.020544     0.034394     0.027083
   1968    70-74   0.035238     0.059940     0.046291
   1968    75-79   0.068404     0.099291     0.081153
   1968    80-84   0.108860     0.148867     0.123158
   1968    85-89   0.180850     0.223972     0.193601
   1968    90-94   0.259223     0.353806     0.282256
   1968    95-99   0.452431     0.374928     0.431713
   1968   100-104  0.303721     0.000000     0.256077
   1968   105-109         .            .            .
   1968   110+            .            .            .
   1969     0      0.010180     0.013985     0.012144
   1969     1-4    0.000771     0.000946     0.000860
   1969     5-9    0.000261     0.000482     0.000374
   1969    10-14   0.000245     0.000403     0.000326
   1969    15-19   0.000404     0.000910     0.000681
   1969    20-24   0.000484     0.001069     0.000805
   1969    25-29   0.000643     0.001209     0.000938
   1969    30-34   0.000984     0.001396     0.001200
   1969    35-39   0.001294     0.002248     0.001794
   1969    40-44   0.001739     0.003295     0.002550
   1969    45-49   0.003188     0.004612     0.003854
   1969    50-54   0.004815     0.007216     0.005963
   1969    55-59   0.007121     0.012132     0.009561
   1969    60-64   0.011930     0.021518     0.016587
   1969    65-69   0.021027     0.038561     0.029305
   1969    70-74   0.037975     0.060542     0.048080
   1969    75-79   0.065759     0.096955     0.078663
   1969    80-84   0.109985     0.144806     0.122570
   1969    85-89   0.179178     0.226523     0.193397
   1969    90-94   0.283224     0.300786     0.287389
   1969    95-99   0.342170     0.439156     0.365894
   1969   100-104  0.296589     0.270758     0.289680
   1969   105-109  0.000000            .     0.000000
   1969   110+            .            .            .
   1970     0      0.009766     0.013299     0.011585
   1970     1-4    0.000723     0.000883     0.000805
   1970     5-9    0.000366     0.000541     0.000455
   1970    10-14   0.000138     0.000363     0.000254
   1970    15-19   0.000369     0.001025     0.000728
   1970    20-24   0.000561     0.001037     0.000824
   1970    25-29   0.000728     0.001285     0.001016
   1970    30-34   0.000953     0.001403     0.001189
   1970    35-39   0.001295     0.001895     0.001609
   1970    40-44   0.001932     0.003226     0.002610
   1970    45-49   0.003124     0.005004     0.004020
   1970    50-54   0.004422     0.007295     0.005775
   1970    55-59   0.006933     0.011770     0.009285
   1970    60-64   0.011646     0.020817     0.016080
   1970    65-69   0.019828     0.035565     0.027252
   1970    70-74   0.036150     0.059014     0.046352
   1970    75-79   0.064860     0.096281     0.077900
   1970    80-84   0.106703     0.136658     0.117681
   1970    85-89   0.169580     0.213247     0.182804
   1970    90-94   0.291879     0.336649     0.302609
   1970    95-99   0.432866     0.313494     0.405375
   1970   100-104  0.569966     0.394997     0.506015
   1970   105-109  0.000000            .     0.000000
   1970   110+            .            .            .
   1971     0      0.009528     0.012289     0.010946
   1971     1-4    0.000746     0.000896     0.000823
   1971     5-9    0.000359     0.000480     0.000421
   1971    10-14   0.000233     0.000289     0.000262
   1971    15-19   0.000277     0.000998     0.000669
   1971    20-24   0.000529     0.000973     0.000775
   1971    25-29   0.000614     0.001126     0.000879
   1971    30-34   0.000711     0.001219     0.000976
   1971    35-39   0.001101     0.002218     0.001687
   1971    40-44   0.001680     0.003530     0.002652
   1971    45-49   0.002715     0.004549     0.003612
   1971    50-54   0.004255     0.006258     0.005185
   1971    55-59   0.007056     0.010927     0.008930
   1971    60-64   0.010464     0.019652     0.014879
   1971    65-69   0.020220     0.033579     0.026542
   1971    70-74   0.035132     0.054328     0.043688
   1971    75-79   0.061219     0.093807     0.074704
   1971    80-84   0.104334     0.148967     0.120795
   1971    85-89   0.171064     0.207441     0.182245
   1971    90-94   0.275955     0.284659     0.278082
   1971    95-99   0.454135     0.485628     0.461452
   1971   100-104  0.523556     0.190597     0.393026
   1971   105-109  2.142857     6.000000     3.157895
   1971   110+            .            .            .
   1972     0      0.009315     0.012623     0.011016
   1972     1-4    0.000602     0.000944     0.000778
   1972     5-9    0.000321     0.000428     0.000376
   1972    10-14   0.000204     0.000348     0.000278
   1972    15-19   0.000349     0.000892     0.000644
   1972    20-24   0.000520     0.000973     0.000770
   1972    25-29   0.000608     0.001068     0.000848
   1972    30-34   0.000760     0.001330     0.001055
   1972    35-39   0.001043     0.001891     0.001488
   1972    40-44   0.001764     0.003357     0.002599
   1972    45-49   0.002814     0.004156     0.003486
   1972    50-54   0.003961     0.006636     0.005192
   1972    55-59   0.006435     0.010531     0.008408
   1972    60-64   0.010473     0.018421     0.014267
   1972    65-69   0.019036     0.030344     0.024387
   1972    70-74   0.031915     0.050827     0.040371
   1972    75-79   0.057139     0.089878     0.070645
   1972    80-84   0.094337     0.136728     0.110041
   1972    85-89   0.159105     0.219952     0.177974
   1972    90-94   0.254923     0.282266     0.261803
   1972    95-99   0.324516     0.372967     0.335406
   1972   100-104  0.103448     0.176471     0.130435
   1972   105-109         .            .            .
   1972   110+            .            .            .
   1973     0      0.008352     0.011258     0.009850
   1973     1-4    0.000718     0.000867     0.000795
   1973     5-9    0.000288     0.000417     0.000354
   1973    10-14   0.000216     0.000265     0.000241
   1973    15-19   0.000340     0.000797     0.000589
   1973    20-24   0.000481     0.000979     0.000755
   1973    25-29   0.000576     0.001036     0.000816
   1973    30-34   0.000781     0.001171     0.000982
   1973    35-39   0.001044     0.001794     0.001437
   1973    40-44   0.001562     0.003027     0.002329
   1973    45-49   0.002726     0.004600     0.003684
   1973    50-54   0.004135     0.006568     0.005253
   1973    55-59   0.006570     0.009760     0.008096
   1973    60-64   0.009464     0.017886     0.013472
   1973    65-69   0.016109     0.031872     0.023528
   1973    70-74   0.032629     0.052675     0.041611
   1973    75-79   0.059898     0.084678     0.070149
   1973    80-84   0.104643     0.133906     0.115561
   1973    85-89   0.171432     0.200331     0.180378
   1973    90-94   0.260792     0.337693     0.280306
   1973    95-99   0.392142     0.602908     0.434477
   1973   100-104  0.166667     0.400000     0.235294
   1973   105-109         .     0.000000     0.000000
   1973   110+            .            .            .
   1974     0      0.008340     0.011240     0.009835
   1974     1-4    0.000686     0.000878     0.000785
   1974     5-9    0.000244     0.000381     0.000315
   1974    10-14   0.000230     0.000262     0.000247
   1974    15-19   0.000315     0.000749     0.000551
   1974    20-24   0.000460     0.000785     0.000640
   1974    25-29   0.000508     0.000927     0.000727
   1974    30-34   0.000711     0.001152     0.000937
   1974    35-39   0.000988     0.001933     0.001483
   1974    40-44   0.001653     0.003070     0.002394
   1974    45-49   0.002461     0.004262     0.003392
   1974    50-54   0.003908     0.006407     0.005068
   1974    55-59   0.005703     0.010107     0.007787
   1974    60-64   0.009555     0.016582     0.012894
   1974    65-69   0.017043     0.028182     0.022257
   1974    70-74   0.029149     0.051646     0.039230
   1974    75-79   0.055533     0.084763     0.067674
   1974    80-84   0.099700     0.136327     0.113389
   1974    85-89   0.166995     0.207154     0.179680
   1974    90-94   0.302392     0.340325     0.312098
   1974    95-99   0.426143     0.388626     0.418792
   1974   100-104  1.058824     0.571429     0.943820
   1974   105-109         .     0.000000     0.000000
   1974   110+            .            .            .
   1975     0      0.007426     0.009685     0.008588
   1975     1-4    0.000562     0.000749     0.000658
   1975     5-9    0.000223     0.000459     0.000344
   1975    10-14   0.000134     0.000258     0.000198
   1975    15-19   0.000295     0.000730     0.000530
   1975    20-24   0.000516     0.000782     0.000665
   1975    25-29   0.000515     0.000740     0.000632
   1975    30-34   0.000628     0.001085     0.000862
   1975    35-39   0.001050     0.001609     0.001342
   1975    40-44   0.001571     0.002835     0.002232
   1975    45-49   0.002396     0.004364     0.003419
   1975    50-54   0.004170     0.005834     0.004958
   1975    55-59   0.005569     0.009148     0.007240
   1975    60-64   0.009241     0.015328     0.012134
   1975    65-69   0.015546     0.027772     0.021246
   1975    70-74   0.029624     0.047690     0.037714
   1975    75-79   0.053358     0.080571     0.064647
   1975    80-84   0.101682     0.130597     0.112564
   1975    85-89   0.157719     0.194182     0.169418
   1975    90-94   0.276698     0.303125     0.283614
   1975    95-99   0.429462     0.314136     0.404283
   1975   100-104  1.591837     0.923077     1.451613
   1975   105-109         .     0.000000     0.000000
   1975   110+            .            .            .
   1976     0      0.006959     0.009062     0.008039
   1976     1-4    0.000483     0.000625     0.000556
   1976     5-9    0.000214     0.000297     0.000256
   1976    10-14   0.000170     0.000273     0.000223
   1976    15-19   0.000236     0.000705     0.000487
   1976    20-24   0.000420     0.000733     0.000596
   1976    25-29   0.000524     0.000780     0.000658
   1976    30-34   0.000713     0.001064     0.000893
   1976    35-39   0.000798     0.001486     0.001156
   1976    40-44   0.001480     0.002845     0.002193
   1976    45-49   0.002445     0.004144     0.003330
   1976    50-54   0.003697     0.006142     0.004884
   1976    55-59   0.005179     0.009078     0.006973
   1976    60-64   0.008530     0.015145     0.011667
   1976    65-69   0.014889     0.027492     0.020732
   1976    70-74   0.027231     0.045278     0.035343
   1976    75-79   0.050418     0.076798     0.061367
   1976    80-84   0.090322     0.120941     0.101929
   1976    85-89   0.157822     0.198993     0.171240
   1976    90-94   0.253066     0.289290     0.262600
   1976    95-99   0.367443     0.557481     0.410314
   1976   100-104  0.461538     0.000000     0.358209
   1976   105-109         .     0.000000     0.000000
   1976   110+            .            .            .
   1977     0      0.006637     0.008424     0.007558
   1977     1-4    0.000507     0.000538     0.000523
   1977     5-9    0.000191     0.000326     0.000260
   1977    10-14   0.000171     0.000206     0.000189
   1977    15-19   0.000337     0.000551     0.000452
   1977    20-24   0.000316     0.000711     0.000536
   1977    25-29   0.000400     0.000761     0.000589
   1977    30-34   0.000616     0.000989     0.000807
   1977    35-39   0.000864     0.001446     0.001165
   1977    40-44   0.001329     0.002563     0.001973
   1977    45-49   0.002157     0.004287     0.003264
   1977    50-54   0.003500     0.005569     0.004529
   1977    55-59   0.005054     0.009306     0.006988
   1977    60-64   0.008361     0.014516     0.011269
   1977    65-69   0.014158     0.024912     0.019118
   1977    70-74   0.026613     0.043162     0.034056
   1977    75-79   0.048192     0.074478     0.059157
   1977    80-84   0.086860     0.118642     0.098888
   1977    85-89   0.154622     0.200560     0.169774
   1977    90-94   0.259254     0.241578     0.254432
   1977    95-99   0.304723     0.354271     0.314941
   1977   100-104  0.657264     0.345026     0.597213
   1977   105-109         .     0.000000     0.000000
   1977   110+            .            .            .
   1978     0      0.006647     0.007453     0.007063
   1978     1-4    0.000419     0.000597     0.000511
   1978     5-9    0.000209     0.000264     0.000237
   1978    10-14   0.000182     0.000219     0.000201
   1978    15-19   0.000228     0.000749     0.000507
   1978    20-24   0.000293     0.000744     0.000543
   1978    25-29   0.000421     0.000684     0.000559
   1978    30-34   0.000590     0.000841     0.000718
   1978    35-39   0.000895     0.001435     0.001172
   1978    40-44   0.001336     0.002698     0.002046
   1978    45-49   0.002218     0.004084     0.003187
   1978    50-54   0.003296     0.006044     0.004688
   1978    55-59   0.004870     0.009329     0.006893
   1978    60-64   0.008113     0.014162     0.010949
   1978    65-69   0.013098     0.025698     0.018893
   1978    70-74   0.025735     0.042516     0.033262
   1978    75-79   0.048736     0.074320     0.059449
   1978    80-84   0.085762     0.119908     0.098688
   1978    85-89   0.152952     0.188776     0.164791
   1978    90-94   0.256352     0.285984     0.264602
   1978    95-99   0.345521     0.442246     0.365979
   1978   100-104  0.250458     0.909024     0.372352
   1978   105-109         .     0.000000     0.000000
   1978   110+            .     0.000000     0.000000
   1979     0      0.006850     0.007897     0.007391
   1979     1-4    0.000424     0.000504     0.000465
   1979     5-9    0.000218     0.000302     0.000261
   1979    10-14   0.000110     0.000181     0.000147
   1979    15-19   0.000246     0.000721     0.000499
   1979    20-24   0.000251     0.000719     0.000511
   1979    25-29   0.000410     0.000677     0.000551
   1979    30-34   0.000510     0.000858     0.000687
   1979    35-39   0.000825     0.001368     0.001103
   1979    40-44   0.001244     0.002325     0.001807
   1979    45-49   0.002293     0.004002     0.003179
   1979    50-54   0.003110     0.005939     0.004559
   1979    55-59   0.004776     0.008860     0.006647
   1979    60-64   0.007361     0.014175     0.010517
   1979    65-69   0.013038     0.023402     0.017801
   1979    70-74   0.024961     0.040278     0.031809
   1979    75-79   0.043713     0.070409     0.054906
   1979    80-84   0.079769     0.109142     0.090932
   1979    85-89   0.141315     0.179106     0.153865
   1979    90-94   0.232001     0.232954     0.232270
   1979    95-99   0.373212     0.365353     0.371371
   1979   100-104  0.495065     0.157895     0.429708
   1979   105-109         .     0.000000     0.000000
   1979   110+            .     3.000000     3.000000
   1980     0      0.006398     0.007663     0.007050
   1980     1-4    0.000402     0.000594     0.000501
   1980     5-9    0.000166     0.000281     0.000225
   1980    10-14   0.000128     0.000168     0.000148
   1980    15-19   0.000214     0.000645     0.000442
   1980    20-24   0.000285     0.000654     0.000490
   1980    25-29   0.000394     0.000706     0.000559
   1980    30-34   0.000516     0.000817     0.000670
   1980    35-39   0.000771     0.001310     0.001045
   1980    40-44   0.001132     0.002189     0.001681
   1980    45-49   0.002129     0.004004     0.003100
   1980    50-54   0.003181     0.006185     0.004727
   1980    55-59   0.004632     0.008862     0.006609
   1980    60-64   0.008029     0.013883     0.010699
   1980    65-69   0.012943     0.023810     0.017941
   1980    70-74   0.024409     0.041860     0.032175
   1980    75-79   0.046208     0.071720     0.056902
   1980    80-84   0.079153     0.116209     0.093276
   1980    85-89   0.144332     0.189422     0.159425
   1980    90-94   0.222752     0.285213     0.240494
   1980    95-99   0.355282     0.350853     0.354197
   1980   100-104  0.671053     0.533333     0.639594
   1980   105-109         .     0.000000     0.000000
   1980   110+            .            .            .
   1981     0      0.005747     0.006635     0.006203
   1981     1-4    0.000445     0.000572     0.000511
   1981     5-9    0.000186     0.000242     0.000215
   1981    10-14   0.000135     0.000214     0.000176
   1981    15-19   0.000248     0.000710     0.000493
   1981    20-24   0.000264     0.000627     0.000466
   1981    25-29   0.000389     0.000626     0.000515
   1981    30-34   0.000562     0.000857     0.000713
   1981    35-39   0.000828     0.001284     0.001059
   1981    40-44   0.001145     0.002312     0.001748
   1981    45-49   0.001911     0.003721     0.002848
   1981    50-54   0.002933     0.006297     0.004667
   1981    55-59   0.004744     0.008702     0.006642
   1981    60-64   0.007664     0.013805     0.010424
   1981    65-69   0.012884     0.022631     0.017359
   1981    70-74   0.024299     0.039545     0.031051
   1981    75-79   0.042885     0.066376     0.052764
   1981    80-84   0.078687     0.109829     0.090586
   1981    85-89   0.144504     0.165431     0.151557
   1981    90-94   0.237179     0.270587     0.246745
   1981    95-99   0.371631     0.399544     0.378311
   1981   100-104  0.647482     1.021277     0.741935
   1981   105-109         .     0.000000     0.000000
   1981   110+            .            .            .
   1982     0      0.005718     0.006290     0.006012
   1982     1-4    0.000342     0.000572     0.000460
   1982     5-9    0.000155     0.000240     0.000199
   1982    10-14   0.000139     0.000170     0.000155
   1982    15-19   0.000240     0.000634     0.000450
   1982    20-24   0.000253     0.000709     0.000506
   1982    25-29   0.000389     0.000781     0.000598
   1982    30-34   0.000547     0.000847     0.000701
   1982    35-39   0.000699     0.001196     0.000952
   1982    40-44   0.001060     0.002064     0.001576
   1982    45-49   0.002074     0.003708     0.002920
   1982    50-54   0.002779     0.005946     0.004409
   1982    55-59   0.004964     0.008548     0.006726
   1982    60-64   0.007164     0.012880     0.009707
   1982    65-69   0.011821     0.022058     0.016509
   1982    70-74   0.022284     0.036609     0.028599
   1982    75-79   0.040693     0.067820     0.052128
   1982    80-84   0.074547     0.102203     0.085185
   1982    85-89   0.133121     0.159658     0.142138
   1982    90-94   0.224132     0.245655     0.230373
   1982    95-99   0.307906     0.476721     0.346068
   1982   100-104  0.500000     0.450000     0.489796
   1982   105-109  0.000000     1.500000     0.857143
   1982   110+            .            .            .
   1983     0      0.005451     0.006003     0.005735
   1983     1-4    0.000317     0.000511     0.000416
   1983     5-9    0.000155     0.000262     0.000210
   1983    10-14   0.000096     0.000245     0.000172
   1983    15-19   0.000202     0.000719     0.000479
   1983    20-24   0.000269     0.000708     0.000513
   1983    25-29   0.000397     0.000656     0.000536
   1983    30-34   0.000582     0.000806     0.000697
   1983    35-39   0.000748     0.001141     0.000948
   1983    40-44   0.001136     0.002028     0.001592
   1983    45-49   0.001736     0.003758     0.002784
   1983    50-54   0.002926     0.006260     0.004641
   1983    55-59   0.004143     0.009133     0.006642
   1983    60-64   0.007531     0.013903     0.010361
   1983    65-69   0.011397     0.021542     0.016013
   1983    70-74   0.021679     0.038028     0.028869
   1983    75-79   0.040367     0.065591     0.050980
   1983    80-84   0.077394     0.105128     0.088148
   1983    85-89   0.132803     0.169778     0.145407
   1983    90-94   0.218793     0.286181     0.238284
   1983    95-99   0.333766     0.341918     0.335660
   1983   100-104  0.362637     0.279070     0.346667
   1983   105-109  1.200000            .     1.200000
   1983   110+            .            .            .
   1984     0      0.004691     0.006194     0.005461
   1984     1-4    0.000308     0.000456     0.000384
   1984     5-9    0.000163     0.000186     0.000175
   1984    10-14   0.000068     0.000188     0.000130
   1984    15-19   0.000225     0.000663     0.000458
   1984    20-24   0.000287     0.000718     0.000528
   1984    25-29   0.000420     0.000654     0.000546
   1984    30-34   0.000493     0.000814     0.000659
   1984    35-39   0.000768     0.001210     0.000993
   1984    40-44   0.001118     0.002093     0.001614
   1984    45-49   0.001998     0.003588     0.002821
   1984    50-54   0.002770     0.006335     0.004604
   1984    55-59   0.004528     0.008848     0.006715
   1984    60-64   0.006614     0.013258     0.009597
   1984    65-69   0.011826     0.020903     0.015911
   1984    70-74   0.020759     0.035822     0.027390
   1984    75-79   0.038107     0.063793     0.048866
   1984    80-84   0.071469     0.106388     0.085029
   1984    85-89   0.123679     0.168107     0.138818
   1984    90-94   0.205556     0.237108     0.214758
   1984    95-99   0.273140     0.443608     0.312557
   1984   100-104  0.621622     0.352941     0.558621
   1984   105-109  0.000000     0.000000     0.000000
   1984   110+            .            .            .
   1985     0      0.004964     0.005164     0.005066
   1985     1-4    0.000296     0.000532     0.000417
   1985     5-9    0.000143     0.000240     0.000193
   1985    10-14   0.000120     0.000243     0.000183
   1985    15-19   0.000205     0.000637     0.000433
   1985    20-24   0.000274     0.000685     0.000505
   1985    25-29   0.000385     0.000656     0.000532
   1985    30-34   0.000477     0.000746     0.000617
   1985    35-39   0.000771     0.001075     0.000926
   1985    40-44   0.001088     0.001949     0.001524
   1985    45-49   0.001689     0.003346     0.002544
   1985    50-54   0.002794     0.005861     0.004372
   1985    55-59   0.004244     0.008968     0.006649
   1985    60-64   0.006619     0.013320     0.009692
   1985    65-69   0.010856     0.022003     0.015801
   1985    70-74   0.019760     0.034244     0.026152
   1985    75-79   0.038397     0.063812     0.048994
   1985    80-84   0.068072     0.105896     0.082679
   1985    85-89   0.121909     0.161816     0.135493
   1985    90-94   0.206693     0.223672     0.211794
   1985    95-99   0.329877     0.363831     0.337711
   1985   100-104  0.423529     0.467532     0.433735
   1985   105-109  1.500000     0.857143     1.090909
   1985   110+            .            .            .
   1986     0      0.004232     0.005468     0.004868
   1986     1-4    0.000341     0.000418     0.000380
   1986     5-9    0.000116     0.000176     0.000147
   1986    10-14   0.000112     0.000172     0.000143
   1986    15-19   0.000215     0.000669     0.000454
   1986    20-24   0.000347     0.000721     0.000557
   1986    25-29   0.000343     0.000600     0.000483
   1986    30-34   0.000370     0.000794     0.000591
   1986    35-39   0.000662     0.001175     0.000924
   1986    40-44   0.001018     0.001855     0.001443
   1986    45-49   0.001756     0.003260     0.002529
   1986    50-54   0.002749     0.005723     0.004281
   1986    55-59   0.003670     0.008612     0.006191
   1986    60-64   0.006273     0.012228     0.009078
   1986    65-69   0.010210     0.020692     0.014792
   1986    70-74   0.018848     0.034354     0.025686
   1986    75-79   0.035662     0.059020     0.045363
   1986    80-84   0.066262     0.101339     0.079839
   1986    85-89   0.120726     0.161440     0.134581
   1986    90-94   0.198993     0.242467     0.212137
   1986    95-99   0.309716     0.309408     0.309639
   1986   100-104  0.285714     0.486486     0.321951
   1986   105-109  0.000000     0.857143     0.461538
   1986   110+            .            .            .
   1987     0      0.004298     0.004655     0.004482
   1987     1-4    0.000305     0.000402     0.000355
   1987     5-9    0.000133     0.000178     0.000156
   1987    10-14   0.000113     0.000139     0.000126
   1987    15-19   0.000198     0.000614     0.000418
   1987    20-24   0.000293     0.000593     0.000461
   1987    25-29   0.000341     0.000708     0.000542
   1987    30-34   0.000431     0.000777     0.000612
   1987    35-39   0.000611     0.000965     0.000792
   1987    40-44   0.001047     0.001891     0.001475
   1987    45-49   0.001589     0.002905     0.002263
   1987    50-54   0.002666     0.005284     0.004015
   1987    55-59   0.003870     0.008685     0.006324
   1987    60-64   0.006180     0.013310     0.009626
   1987    65-69   0.009668     0.018858     0.013646
   1987    70-74   0.018456     0.033151     0.024923
   1987    75-79   0.032297     0.059094     0.043387
   1987    80-84   0.062319     0.099033     0.076516
   1987    85-89   0.117393     0.162240     0.132692
   1987    90-94   0.192221     0.242858     0.207215
   1987    95-99   0.321670     0.361578     0.332054
   1987   100-104  0.462687     0.370370     0.447205
   1987   105-109  0.750000     0.000000     0.428571
   1987   110+            .            .            .
   1988     0      0.004736     0.004808     0.004773
   1988     1-4    0.000377     0.000427     0.000403
   1988     5-9    0.000127     0.000167     0.000148
   1988    10-14   0.000165     0.000169     0.000167
   1988    15-19   0.000203     0.000689     0.000461
   1988    20-24   0.000301     0.000651     0.000495
   1988    25-29   0.000368     0.000685     0.000542
   1988    30-34   0.000406     0.000613     0.000515
   1988    35-39   0.000673     0.001038     0.000861
   1988    40-44   0.000994     0.001792     0.001398
   1988    45-49   0.001523     0.003147     0.002351
   1988    50-54   0.002568     0.004995     0.003820
   1988    55-59   0.003928     0.009053     0.006541
   1988    60-64   0.005948     0.012534     0.009193
   1988    65-69   0.010576     0.019687     0.014517
   1988    70-74   0.018463     0.033484     0.025038
   1988    75-79   0.034375     0.057321     0.043860
   1988    80-84   0.063754     0.098735     0.077200
   1988    85-89   0.118520     0.160667     0.132934
   1988    90-94   0.200907     0.247686     0.214591
   1988    95-99   0.321885     0.334929     0.325320
   1988   100-104  0.491597     0.840516     0.552178
   1988   105-109  0.461538     0.000000     0.272727
   1988   110+            .            .            .
   1989     0      0.004013     0.004568     0.004298
   1989     1-4    0.000422     0.000400     0.000411
   1989     5-9    0.000125     0.000166     0.000146
   1989    10-14   0.000117     0.000160     0.000139
   1989    15-19   0.000166     0.000669     0.000432
   1989    20-24   0.000321     0.000644     0.000501
   1989    25-29   0.000320     0.000667     0.000511
   1989    30-34   0.000398     0.000628     0.000520
   1989    35-39   0.000634     0.001158     0.000905
   1989    40-44   0.000945     0.001637     0.001296
   1989    45-49   0.001579     0.002878     0.002238
   1989    50-54   0.002434     0.005047     0.003783
   1989    55-59   0.003938     0.008286     0.006156
   1989    60-64   0.005764     0.012639     0.009189
   1989    65-69   0.009216     0.019538     0.013735
   1989    70-74   0.017657     0.031511     0.023656
   1989    75-79   0.030983     0.053220     0.040218
   1989    80-84   0.060265     0.093480     0.072973
   1989    85-89   0.113596     0.145645     0.124558
   1989    90-94   0.185352     0.238939     0.201008
   1989    95-99   0.290117     0.375566     0.312608
   1989   100-104  0.402010     0.465397     0.412325
   1989   105-109  1.384615     0.000000     0.720000
   1989   110+            .            .            .
   1990     0      0.004175     0.004843     0.004518
   1990     1-4    0.000337     0.000431     0.000386
   1990     5-9    0.000164     0.000204     0.000185
   1990    10-14   0.000102     0.000186     0.000145
   1990    15-19   0.000213     0.000689     0.000464
   1990    20-24   0.000263     0.000595     0.000448
   1990    25-29   0.000315     0.000560     0.000450
   1990    30-34   0.000347     0.000642     0.000504
   1990    35-39   0.000556     0.000958     0.000764
   1990    40-44   0.000994     0.001753     0.001380
   1990    45-49   0.001530     0.002863     0.002204
   1990    50-54   0.002504     0.004621     0.003594
   1990    55-59   0.003821     0.008149     0.006031
   1990    60-64   0.006080     0.013374     0.009735
   1990    65-69   0.009442     0.020230     0.014271
   1990    70-74   0.017104     0.032411     0.023640
   1990    75-79   0.032271     0.057148     0.042653
   1990    80-84   0.062221     0.096258     0.075183
   1990    85-89   0.113589     0.151778     0.126639
   1990    90-94   0.198861     0.239551     0.210733
   1990    95-99   0.297613     0.344192     0.309756
   1990   100-104  0.511211     0.534584     0.515398
   1990   105-109  1.090909     0.545455     0.818182
   1990   110+            .            .            .
   1991     0      0.003512     0.005252     0.004405
   1991     1-4    0.000287     0.000344     0.000317
   1991     5-9    0.000144     0.000128     0.000136
   1991    10-14   0.000078     0.000170     0.000125
   1991    15-19   0.000197     0.000503     0.000357
   1991    20-24   0.000249     0.000537     0.000408
   1991    25-29   0.000284     0.000693     0.000510
   1991    30-34   0.000452     0.000696     0.000582
   1991    35-39   0.000641     0.001015     0.000835
   1991    40-44   0.001027     0.001535     0.001286
   1991    45-49   0.001627     0.002924     0.002282
   1991    50-54   0.002501     0.004652     0.003604
   1991    55-59   0.003675     0.008249     0.006014
   1991    60-64   0.005836     0.012966     0.009418
   1991    65-69   0.009389     0.019504     0.014037
   1991    70-74   0.017361     0.031781     0.023431
   1991    75-79   0.030793     0.053572     0.040288
   1991    80-84   0.058339     0.095517     0.072425
   1991    85-89   0.110089     0.154068     0.125183
   1991    90-94   0.188277     0.232009     0.201072
   1991    95-99   0.305054     0.317961     0.308418
   1991   100-104  0.360704     0.380488     0.365276
   1991   105-109  0.642857     0.750000     0.666667
   1991   110+            .            .            .
   1992     0      0.004531     0.004816     0.004677
   1992     1-4    0.000429     0.000389     0.000408
   1992     5-9    0.000119     0.000149     0.000135
   1992    10-14   0.000124     0.000133     0.000128
   1992    15-19   0.000194     0.000574     0.000393
   1992    20-24   0.000252     0.000562     0.000422
   1992    25-29   0.000289     0.000563     0.000440
   1992    30-34   0.000394     0.000683     0.000549
   1992    35-39   0.000550     0.000937     0.000752
   1992    40-44   0.001044     0.001746     0.001402
   1992    45-49   0.001484     0.002814     0.002156
   1992    50-54   0.002372     0.004454     0.003435
   1992    55-59   0.003545     0.007999     0.005826
   1992    60-64   0.005839     0.013301     0.009588
   1992    65-69   0.009265     0.019532     0.014104
   1992    70-74   0.016040     0.032517     0.022903
   1992    75-79   0.030183     0.054767     0.040389
   1992    80-84   0.057592     0.091363     0.070375
   1992    85-89   0.111508     0.154744     0.126324
   1992    90-94   0.193877     0.245434     0.208985
   1992    95-99   0.294838     0.368411     0.313436
   1992   100-104  0.403467     0.397105     0.401904
   1992   105-109  0.937500     0.600000     0.857143
   1992   110+            .            .            .
   1993     0      0.004168     0.004393     0.004284
   1993     1-4    0.000355     0.000400     0.000378
   1993     5-9    0.000122     0.000214     0.000169
   1993    10-14   0.000110     0.000117     0.000113
   1993    15-19   0.000191     0.000548     0.000378
   1993    20-24   0.000233     0.000657     0.000462
   1993    25-29   0.000236     0.000631     0.000454
   1993    30-34   0.000348     0.000709     0.000542
   1993    35-39   0.000561     0.001105     0.000846
   1993    40-44   0.001019     0.001694     0.001364
   1993    45-49   0.001419     0.002664     0.002047
   1993    50-54   0.002268     0.004450     0.003376
   1993    55-59   0.003747     0.008023     0.005940
   1993    60-64   0.005943     0.013142     0.009562
   1993    65-69   0.009769     0.019864     0.014621
   1993    70-74   0.016103     0.032874     0.023072
   1993    75-79   0.028986     0.055284     0.039815
   1993    80-84   0.057317     0.092445     0.070633
   1993    85-89   0.105469     0.155472     0.122395
   1993    90-94   0.179437     0.230998     0.194496
   1993    95-99   0.280311     0.342346     0.295626
   1993   100-104  0.481900     0.466872     0.478515
   1993   105-109  0.307692     0.000000     0.210526
   1993   110+            .            .            .
   1994     0      0.004278     0.004938     0.004617
   1994     1-4    0.000340     0.000418     0.000380
   1994     5-9    0.000146     0.000143     0.000145
   1994    10-14   0.000099     0.000193     0.000147
   1994    15-19   0.000239     0.000503     0.000378
   1994    20-24   0.000273     0.000594     0.000445
   1994    25-29   0.000271     0.000578     0.000439
   1994    30-34   0.000403     0.000645     0.000533
   1994    35-39   0.000504     0.000928     0.000727
   1994    40-44   0.000966     0.001694     0.001339
   1994    45-49   0.001432     0.002709     0.002076
   1994    50-54   0.002339     0.004759     0.003560
   1994    55-59   0.003340     0.007556     0.005503
   1994    60-64   0.005509     0.012848     0.009201
   1994    65-69   0.008937     0.019165     0.013910
   1994    70-74   0.015475     0.031406     0.022171
   1994    75-79   0.028965     0.051646     0.038183
   1994    80-84   0.053962     0.091078     0.068059
   1994    85-89   0.101970     0.148953     0.117748
   1994    90-94   0.181850     0.233839     0.197040
   1994    95-99   0.277681     0.355558     0.296462
   1994   100-104  0.361083     0.609971     0.410358
   1994   105-109  0.761905     0.240000     0.613636
   1994   110+            .            .            .
   1995     0      0.004052     0.004839     0.004456
   1995     1-4    0.000319     0.000380     0.000350
   1995     5-9    0.000114     0.000192     0.000154
   1995    10-14   0.000111     0.000176     0.000144
   1995    15-19   0.000194     0.000483     0.000345
   1995    20-24   0.000235     0.000612     0.000438
   1995    25-29   0.000305     0.000624     0.000479
   1995    30-34   0.000390     0.000646     0.000528
   1995    35-39   0.000538     0.000978     0.000770
   1995    40-44   0.001071     0.001596     0.001341
   1995    45-49   0.001524     0.002796     0.002166
   1995    50-54   0.002425     0.004670     0.003554
   1995    55-59   0.003253     0.007446     0.005400
   1995    60-64   0.005505     0.012697     0.009126
   1995    65-69   0.009089     0.020166     0.014511
   1995    70-74   0.015877     0.031598     0.022633
   1995    75-79   0.028878     0.052867     0.038483
   1995    80-84   0.052921     0.091044     0.067410
   1995    85-89   0.098475     0.145254     0.114079
   1995    90-94   0.181632     0.236916     0.197617
   1995    95-99   0.268856     0.361715     0.290802
   1995   100-104  0.405338     0.428724     0.410120
   1995   105-109  0.389610     0.300000     0.371134
   1995   110+            .            .            .
   1996     0      0.003899     0.003792     0.003844
   1996     1-4    0.000257     0.000377     0.000318
   1996     5-9    0.000101     0.000121     0.000111
   1996    10-14   0.000141     0.000175     0.000158
   1996    15-19   0.000149     0.000366     0.000262
   1996    20-24   0.000221     0.000509     0.000375
   1996    25-29   0.000231     0.000513     0.000384
   1996    30-34   0.000416     0.000764     0.000604
   1996    35-39   0.000559     0.001025     0.000805
   1996    40-44   0.000955     0.001661     0.001318
   1996    45-49   0.001515     0.002704     0.002116
   1996    50-54   0.002404     0.004735     0.003574
   1996    55-59   0.003144     0.006948     0.005082
   1996    60-64   0.005019     0.012363     0.008722
   1996    65-69   0.008440     0.019330     0.013785
   1996    70-74   0.014125     0.030075     0.021176
   1996    75-79   0.026058     0.050095     0.035551
   1996    80-84   0.050328     0.082601     0.062538
   1996    85-89   0.093140     0.138682     0.108254
   1996    90-94   0.165573     0.221794     0.181856
   1996    95-99   0.268573     0.310660     0.278525
   1996   100-104  0.419235     0.451951     0.425447
   1996   105-109  0.375000     0.300000     0.360000
   1996   110+            .            .            .
   1997     0      0.002959     0.003563     0.003270
   1997     1-4    0.000314     0.000337     0.000326
   1997     5-9    0.000112     0.000163     0.000138
   1997    10-14   0.000087     0.000147     0.000117
   1997    15-19   0.000173     0.000374     0.000278
   1997    20-24   0.000246     0.000558     0.000413
   1997    25-29   0.000192     0.000614     0.000419
   1997    30-34   0.000382     0.000639     0.000521
   1997    35-39   0.000610     0.000984     0.000809
   1997    40-44   0.000862     0.001479     0.001181
   1997    45-49   0.001458     0.002665     0.002068
   1997    50-54   0.002224     0.004732     0.003482
   1997    55-59   0.003190     0.006882     0.005061
   1997    60-64   0.004832     0.011601     0.008251
   1997    65-69   0.008594     0.019275     0.013834
   1997    70-74   0.013685     0.029488     0.020865
   1997    75-79   0.027100     0.048368     0.035434
   1997    80-84   0.048509     0.083596     0.061709
   1997    85-89   0.093495     0.136248     0.107687
   1997    90-94   0.168383     0.227638     0.185485
   1997    95-99   0.263524     0.331744     0.279380
   1997   100-104  0.326572     0.362244     0.333023
   1997   105-109  0.769231     0.666667     0.742857
   1997   110+            .     6.000000     6.000000
   1998     0      0.003606     0.003761     0.003686
   1998     1-4    0.000311     0.000327     0.000319
   1998     5-9    0.000151     0.000133     0.000142
   1998    10-14   0.000129     0.000113     0.000121
   1998    15-19   0.000197     0.000419     0.000313
   1998    20-24   0.000263     0.000582     0.000433
   1998    25-29   0.000282     0.000644     0.000475
   1998    30-34   0.000392     0.000746     0.000583
   1998    35-39   0.000527     0.001059     0.000810
   1998    40-44   0.000906     0.001503     0.001216
   1998    45-49   0.001579     0.002831     0.002213
   1998    50-54   0.002328     0.004435     0.003383
   1998    55-59   0.003273     0.007128     0.005215
   1998    60-64   0.004745     0.011761     0.008293
   1998    65-69   0.008322     0.018967     0.013544
   1998    70-74   0.013550     0.029291     0.020854
   1998    75-79   0.025617     0.048677     0.034671
   1998    80-84   0.047929     0.084301     0.061484
   1998    85-89   0.088597     0.137087     0.104687
   1998    90-94   0.159293     0.227132     0.178649
   1998    95-99   0.245608     0.331943     0.265341
   1998   100-104  0.393673     0.690549     0.441719
   1998   105-109  0.904110     0.750000     0.876404
   1998   110+            .     0.000000     0.000000
   1999     0      0.003445     0.004215     0.003841
   1999     1-4    0.000270     0.000355     0.000314
   1999     5-9    0.000092     0.000093     0.000092
   1999    10-14   0.000086     0.000164     0.000126
   1999    15-19   0.000155     0.000410     0.000288
   1999    20-24   0.000326     0.000636     0.000491
   1999    25-29   0.000299     0.000709     0.000517
   1999    30-34   0.000433     0.000719     0.000587
   1999    35-39   0.000528     0.000983     0.000771
   1999    40-44   0.001113     0.001541     0.001336
   1999    45-49   0.001555     0.002865     0.002221
   1999    50-54   0.002136     0.004476     0.003308
   1999    55-59   0.003337     0.007245     0.005295
   1999    60-64   0.004927     0.011209     0.008104
   1999    65-69   0.008008     0.018611     0.013211
   1999    70-74   0.013649     0.029726     0.021197
   1999    75-79   0.025214     0.048440     0.034467
   1999    80-84   0.047179     0.083965     0.060639
   1999    85-89   0.086371     0.139108     0.103872
   1999    90-94   0.158376     0.215370     0.174448
   1999    95-99   0.269631     0.333351     0.284193
   1999   100-104  0.393888     0.489001     0.408975
   1999   105-109  0.531646     0.428571     0.516129
   1999   110+            .     0.000000     0.000000
   2000     0      0.003276     0.003596     0.003440
   2000     1-4    0.000251     0.000287     0.000269
   2000     5-9    0.000123     0.000041     0.000081
   2000    10-14   0.000109     0.000128     0.000119
   2000    15-19   0.000121     0.000320     0.000224
   2000    20-24   0.000265     0.000569     0.000427
   2000    25-29   0.000279     0.000593     0.000445
   2000    30-34   0.000349     0.000737     0.000556
   2000    35-39   0.000565     0.000999     0.000797
   2000    40-44   0.000934     0.001627     0.001296
   2000    45-49   0.001500     0.002729     0.002126
   2000    50-54   0.002153     0.004435     0.003297
   2000    55-59   0.003004     0.007038     0.005018
   2000    60-64   0.004554     0.010751     0.007681
   2000    65-69   0.007227     0.017173     0.012113
   2000    70-74   0.012941     0.027295     0.019726
   2000    75-79   0.023635     0.045439     0.032548
   2000    80-84   0.041929     0.079903     0.055572
   2000    85-89   0.081417     0.132180     0.098258
   2000    90-94   0.144520     0.222568     0.166066
   2000    95-99   0.233374     0.342726     0.257764
   2000   100-104  0.425868     0.425815     0.425859
   2000   105-109  0.622642     0.214286     0.537313
   2000   110+            .     3.000000     3.000000
   2001     0      0.002313     0.003640     0.002993
   2001     1-4    0.000160     0.000255     0.000209
   2001     5-9    0.000090     0.000162     0.000127
   2001    10-14   0.000090     0.000125     0.000108
   2001    15-19   0.000103     0.000368     0.000241
   2001    20-24   0.000255     0.000496     0.000383
   2001    25-29   0.000240     0.000526     0.000391
   2001    30-34   0.000381     0.000790     0.000598
   2001    35-39   0.000563     0.001091     0.000845
   2001    40-44   0.000995     0.001581     0.001302
   2001    45-49   0.001274     0.002567     0.001934
   2001    50-54   0.002275     0.004395     0.003339
   2001    55-59   0.003272     0.006860     0.005061
   2001    60-64   0.004458     0.010231     0.007361
   2001    65-69   0.007416     0.016895     0.012087
   2001    70-74   0.012429     0.027452     0.019550
   2001    75-79   0.022436     0.044111     0.031561
   2001    80-84   0.041642     0.077929     0.054471
   2001    85-89   0.077352     0.132135     0.095359
   2001    90-94   0.145869     0.200845     0.160903
   2001    95-99   0.236824     0.317141     0.254421
   2001   100-104  0.353056     0.361660     0.354632
   2001   105-109  0.605505     0.666667     0.620690
   2001   110+            .            .            .
   2002     0      0.002743     0.003799     0.003283
   2002     1-4    0.000209     0.000230     0.000220
   2002     5-9    0.000105     0.000080     0.000092
   2002    10-14   0.000070     0.000107     0.000089
   2002    15-19   0.000168     0.000311     0.000243
   2002    20-24   0.000253     0.000428     0.000346
   2002    25-29   0.000280     0.000530     0.000412
   2002    30-34   0.000420     0.000627     0.000529
   2002    35-39   0.000590     0.000933     0.000773
   2002    40-44   0.000800     0.001465     0.001150
   2002    45-49   0.001456     0.002463     0.001973
   2002    50-54   0.002136     0.004453     0.003300
   2002    55-59   0.003070     0.006687     0.004871
   2002    60-64   0.004250     0.010041     0.007150
   2002    65-69   0.007498     0.016320     0.011859
   2002    70-74   0.012989     0.026964     0.019615
   2002    75-79   0.021584     0.042877     0.030793
   2002    80-84   0.040242     0.076033     0.052745
   2002    85-89   0.077797     0.127112     0.093879
   2002    90-94   0.139053     0.206913     0.157466
   2002    95-99   0.233758     0.301156     0.248681
   2002   100-104  0.359413     0.560882     0.392435
   2002   105-109  0.382166     1.000000     0.481283
   2002   110+     0.000000            .     0.000000
   2003     0      0.003044     0.003441     0.003247
   2003     1-4    0.000265     0.000199     0.000231
   2003     5-9    0.000104     0.000099     0.000101
   2003    10-14   0.000113     0.000082     0.000097
   2003    15-19   0.000203     0.000287     0.000247
   2003    20-24   0.000202     0.000487     0.000354
   2003    25-29   0.000303     0.000581     0.000450
   2003    30-34   0.000406     0.000781     0.000603
   2003    35-39   0.000552     0.000883     0.000728
   2003    40-44   0.000876     0.001503     0.001207
   2003    45-49   0.001305     0.002469     0.001905
   2003    50-54   0.002073     0.004388     0.003239
   2003    55-59   0.002928     0.006411     0.004661
   2003    60-64   0.004249     0.009920     0.007076
   2003    65-69   0.006655     0.015956     0.011264
   2003    70-74   0.011834     0.027255     0.019157
   2003    75-79   0.020713     0.042897     0.030499
   2003    80-84   0.038620     0.073688     0.050887
   2003    85-89   0.077267     0.127348     0.093460
   2003    90-94   0.135377     0.209108     0.155094
   2003    95-99   0.229843     0.304896     0.246332
   2003   100-104  0.316807     0.486683     0.342251
   2003   105-109  0.594059     0.000000     0.517241
   2003   110+     0.000000            .     0.000000
   2004     0      0.002707     0.002585     0.002644
   2004     1-4    0.000172     0.000328     0.000252
   2004     5-9    0.000046     0.000088     0.000068
   2004    10-14   0.000059     0.000128     0.000095
   2004    15-19   0.000160     0.000268     0.000217
   2004    20-24   0.000255     0.000454     0.000360
   2004    25-29   0.000298     0.000493     0.000401
   2004    30-34   0.000465     0.000692     0.000583
   2004    35-39   0.000551     0.000841     0.000706
   2004    40-44   0.000866     0.001421     0.001160
   2004    45-49   0.001286     0.002380     0.001853
   2004    50-54   0.002280     0.003976     0.003137
   2004    55-59   0.003021     0.006202     0.004604
   2004    60-64   0.004471     0.009855     0.007142
   2004    65-69   0.006413     0.015598     0.010972
   2004    70-74   0.011168     0.025536     0.018003
   2004    75-79   0.020669     0.042542     0.030433
   2004    80-84   0.037476     0.070355     0.049192
   2004    85-89   0.071505     0.121898     0.087489
   2004    90-94   0.133202     0.187038     0.147720
   2004    95-99   0.226121     0.289764     0.239859
   2004   100-104  0.349359     0.513469     0.374483
   2004   105-109  0.476190     0.206897     0.448399
   2004   110+     2.000000            .     2.000000
   2005     0      0.002891     0.003338     0.003120
   2005     1-4    0.000232     0.000332     0.000283
   2005     5-9    0.000062     0.000127     0.000095
   2005    10-14   0.000085     0.000127     0.000107
   2005    15-19   0.000147     0.000325     0.000240
   2005    20-24   0.000270     0.000475     0.000379
   2005    25-29   0.000342     0.000579     0.000467
   2005    30-34   0.000394     0.000686     0.000546
   2005    35-39   0.000612     0.000975     0.000804
   2005    40-44   0.000785     0.001542     0.001187
   2005    45-49   0.001204     0.002487     0.001871
   2005    50-54   0.002023     0.004013     0.003032
   2005    55-59   0.002858     0.006411     0.004628
   2005    60-64   0.004172     0.009836     0.006972
   2005    65-69   0.006508     0.014644     0.010543
   2005    70-74   0.011506     0.024836     0.017865
   2005    75-79   0.020483     0.042504     0.030384
   2005    80-84   0.038231     0.074705     0.051570
   2005    85-89   0.072572     0.130599     0.090576
   2005    90-94   0.135970     0.203924     0.154400
   2005    95-99   0.220174     0.330265     0.243330
   2005   100-104  0.366185     0.446076     0.378532
   2005   105-109  0.394030     0.514286     0.405405
   2005   110+            .            .            .
   2006     0      0.003069     0.003116     0.003093
   2006     1-4    0.000144     0.000244     0.000195
   2006     5-9    0.000091     0.000131     0.000112
   2006    10-14   0.000084     0.000080     0.000082
   2006    15-19   0.000171     0.000354     0.000266
   2006    20-24   0.000212     0.000456     0.000343
   2006    25-29   0.000361     0.000571     0.000472
   2006    30-34   0.000338     0.000639     0.000495
   2006    35-39   0.000521     0.000822     0.000680
   2006    40-44   0.000816     0.001383     0.001118
   2006    45-49   0.001364     0.002267     0.001835
   2006    50-54   0.001904     0.003777     0.002856
   2006    55-59   0.002861     0.006142     0.004498
   2006    60-64   0.003996     0.009768     0.006846
   2006    65-69   0.006109     0.014679     0.010344
   2006    70-74   0.010600     0.023536     0.016790
   2006    75-79   0.019478     0.041457     0.029382
   2006    80-84   0.036904     0.068332     0.048770
   2006    85-89   0.068744     0.121556     0.084808
   2006    90-94   0.130914     0.196741     0.148620
   2006    95-99   0.224842     0.298689     0.240128
   2006   100-104  0.355401     0.495182     0.376823
   2006   105-109  0.585000     1.371429     0.648276
   2006   110+            .            .            .
   2007     0      0.002831     0.002922     0.002878
   2007     1-4    0.000186     0.000253     0.000221
   2007     5-9    0.000081     0.000116     0.000099
   2007    10-14   0.000078     0.000084     0.000081
   2007    15-19   0.000140     0.000275     0.000211
   2007    20-24   0.000266     0.000422     0.000349
   2007    25-29   0.000264     0.000511     0.000394
   2007    30-34   0.000360     0.000688     0.000532
   2007    35-39   0.000551     0.000920     0.000744
   2007    40-44   0.000877     0.001437     0.001175
   2007    45-49   0.001263     0.002163     0.001734
   2007    50-54   0.002094     0.003644     0.002885
   2007    55-59   0.002779     0.006391     0.004584
   2007    60-64   0.004291     0.009772     0.006994
   2007    65-69   0.005977     0.014542     0.010189
   2007    70-74   0.010457     0.023423     0.016675
   2007    75-79   0.018896     0.040522     0.028627
   2007    80-84   0.035322     0.069203     0.048490
   2007    85-89   0.068324     0.116120     0.082726
   2007    90-94   0.132265     0.193285     0.148554
   2007    95-99   0.226239     0.290129     0.239464
   2007   100-104  0.328106     0.403857     0.339800
   2007   105-109  0.422907     0.157895     0.402439
   2007   110+     0.000000            .     0.000000
   2008     0      0.003040     0.002501     0.002763
   2008     1-4    0.000167     0.000184     0.000176
   2008     5-9    0.000046     0.000102     0.000075
   2008    10-14   0.000046     0.000128     0.000088
   2008    15-19   0.000189     0.000331     0.000264
   2008    20-24   0.000240     0.000508     0.000383
   2008    25-29   0.000300     0.000577     0.000446
   2008    30-34   0.000405     0.000666     0.000542
   2008    35-39   0.000517     0.000847     0.000689
   2008    40-44   0.000868     0.001443     0.001173
   2008    45-49   0.001292     0.002194     0.001765
   2008    50-54   0.001961     0.003584     0.002792
   2008    55-59   0.002698     0.005694     0.004198
   2008    60-64   0.003820     0.009282     0.006512
   2008    65-69   0.005726     0.014399     0.009970
   2008    70-74   0.010550     0.022667     0.016374
   2008    75-79   0.018942     0.040668     0.028722
   2008    80-84   0.034599     0.070691     0.048850
   2008    85-89   0.070107     0.119853     0.085185
   2008    90-94   0.135985     0.207106     0.154678
   2008    95-99   0.225816     0.307917     0.242776
   2008   100-104  0.370845     0.432056     0.380300
   2008   105-109  0.491429     0.888889     0.528497
   2008   110+     0.000000            .     0.000000
   2009     0      0.002475     0.002329     0.002400
   2009     1-4    0.000187     0.000235     0.000212
   2009     5-9    0.000118     0.000103     0.000110
   2009    10-14   0.000072     0.000092     0.000082
   2009    15-19   0.000129     0.000263     0.000199
   2009    20-24   0.000245     0.000536     0.000400
   2009    25-29   0.000354     0.000519     0.000441
   2009    30-34   0.000379     0.000552     0.000469
   2009    35-39   0.000600     0.000855     0.000733
   2009    40-44   0.000881     0.001429     0.001170
   2009    45-49   0.001283     0.002146     0.001737
   2009    50-54   0.001848     0.003662     0.002781
   2009    55-59   0.002615     0.005706     0.004169
   2009    60-64   0.003551     0.008826     0.006150
   2009    65-69   0.005835     0.013614     0.009623
   2009    70-74   0.009398     0.021975     0.015454
   2009    75-79   0.017854     0.038734     0.027269
   2009    80-84   0.032807     0.066814     0.046332
   2009    85-89   0.066703     0.115036     0.081708
   2009    90-94   0.127822     0.194973     0.145015
   2009    95-99   0.227198     0.329796     0.248321
   2009   100-104  0.367172     0.381154     0.369333
   2009   105-109  0.570362     0.300000     0.544534
   2009   110+     1.636364            .     1.636364
   2010     0      0.002556     0.002725     0.002642
   2010     1-4    0.000167     0.000153     0.000160
   2010     5-9    0.000031     0.000060     0.000046
   2010    10-14   0.000076     0.000068     0.000072
   2010    15-19   0.000204     0.000294     0.000251
   2010    20-24   0.000218     0.000523     0.000380
   2010    25-29   0.000206     0.000491     0.000356
   2010    30-34   0.000336     0.000619     0.000483
   2010    35-39   0.000536     0.000880     0.000714
   2010    40-44   0.000749     0.001402     0.001092
   2010    45-49   0.001168     0.002105     0.001662
   2010    50-54   0.001793     0.003326     0.002584
   2010    55-59   0.002751     0.005854     0.004315
   2010    60-64   0.004022     0.008863     0.006410
   2010    65-69   0.005752     0.014173     0.009841
   2010    70-74   0.009615     0.021974     0.015558
   2010    75-79   0.017615     0.038034     0.026855
   2010    80-84   0.033399     0.069025     0.047647
   2010    85-89   0.067764     0.120748     0.084711
   2010    90-94   0.137488     0.204634     0.154258
   2010    95-99   0.233260     0.316924     0.250363
   2010   100-104  0.393567     0.479041     0.406920
   2010   105-109  0.445729     0.461538     0.447498
   2010   110+     0.428571            .     0.428571
   2011     0      0.002561     0.002923     0.002746
   2011     1-4    0.000168     0.000211     0.000190
   2011     5-9    0.000090     0.000076     0.000083
   2011    10-14   0.000045     0.000111     0.000079
   2011    15-19   0.000134     0.000310     0.000225
   2011    20-24   0.000213     0.000508     0.000370
   2011    25-29   0.000305     0.000587     0.000453
   2011    30-34   0.000378     0.000646     0.000518
   2011    35-39   0.000613     0.000875     0.000749
   2011    40-44   0.000754     0.001400     0.001092
   2011    45-49   0.001203     0.002098     0.001675
   2011    50-54   0.001928     0.003697     0.002844
   2011    55-59   0.002776     0.005751     0.004279
   2011    60-64   0.004058     0.009065     0.006531
   2011    65-69   0.005742     0.014367     0.009925
   2011    70-74   0.009808     0.021830     0.015569
   2011    75-79   0.017843     0.038245     0.027122
   2011    80-84   0.033399     0.067800     0.047190
   2011    85-89   0.069813     0.117945     0.085733
   2011    90-94   0.136956     0.204072     0.153409
   2011    95-99   0.228572     0.308100     0.244666
   2011   100-104  0.394211     0.440680     0.401442
   2011   105-109  0.664944     0.527473     0.647427
   2011   110+     0.571429            .     0.571429
   2012     0      0.001999     0.002624     0.002320
   2012     1-4    0.000222     0.000237     0.000230
   2012     5-9    0.000069     0.000102     0.000086
   2012    10-14   0.000060     0.000062     0.000061
   2012    15-19   0.000128     0.000227     0.000180
   2012    20-24   0.000176     0.000463     0.000328
   2012    25-29   0.000292     0.000514     0.000409
   2012    30-34   0.000304     0.000549     0.000432
   2012    35-39   0.000463     0.000769     0.000622
   2012    40-44   0.000825     0.001313     0.001079
   2012    45-49   0.001150     0.001945     0.001570
   2012    50-54   0.001932     0.003397     0.002694
   2012    55-59   0.002571     0.005156     0.003881
   2012    60-64   0.003572     0.008777     0.006148
   2012    65-69   0.005506     0.014058     0.009650
   2012    70-74   0.009155     0.021358     0.014983
   2012    75-79   0.017155     0.036545     0.026013
   2012    80-84   0.033145     0.065735     0.046234
   2012    85-89   0.068724     0.120181     0.086244
   2012    90-94   0.132557     0.204021     0.149893
   2012    95-99   0.239227     0.331890     0.257734
   2012   100-104  0.392251     0.510478     0.409929
   2012   105-109  0.543720     0.923077     0.597544
   2012   110+     0.000000            .     0.000000
   2013     0      0.001881     0.002127     0.002007
   2013     1-4    0.000115     0.000220     0.000169
   2013     5-9    0.000070     0.000118     0.000095
   2013    10-14   0.000076     0.000097     0.000087
   2013    15-19   0.000149     0.000253     0.000203
   2013    20-24   0.000115     0.000411     0.000271
   2013    25-29   0.000239     0.000552     0.000403
   2013    30-34   0.000350     0.000535     0.000446
   2013    35-39   0.000492     0.000849     0.000677
   2013    40-44   0.000721     0.001278     0.001010
   2013    45-49   0.001245     0.001934     0.001608
   2013    50-54   0.001807     0.003249     0.002560
   2013    55-59   0.002591     0.005187     0.003913
   2013    60-64   0.003802     0.008653     0.006209
   2013    65-69   0.005525     0.013211     0.009247
   2013    70-74   0.008879     0.020413     0.014368
   2013    75-79   0.016551     0.034825     0.024935
   2013    80-84   0.032240     0.063607     0.044947
   2013    85-89   0.066093     0.115517     0.083182
   2013    90-94   0.132792     0.202268     0.149820
   2013    95-99   0.240217     0.331121     0.257973
   2013   100-104  0.389735     0.441084     0.396926
   2013   105-109  0.569832     1.230769     0.634761
   2013   110+     0.545455     0.000000     0.510638
   2014     0      0.002011     0.002089     0.002051
   2014     1-4    0.000131     0.000190     0.000161
   2014     5-9    0.000049     0.000108     0.000079
   2014    10-14   0.000071     0.000083     0.000077
   2014    15-19   0.000100     0.000242     0.000174
   2014    20-24   0.000194     0.000466     0.000337
   2014    25-29   0.000288     0.000492     0.000395
   2014    30-34   0.000366     0.000655     0.000516
   2014    35-39   0.000497     0.000769     0.000638
   2014    40-44   0.000769     0.001186     0.000985
   2014    45-49   0.001122     0.001969     0.001567
   2014    50-54   0.001699     0.003065     0.002414
   2014    55-59   0.002559     0.005046     0.003831
   2014    60-64   0.003829     0.008410     0.006109
   2014    65-69   0.005423     0.013134     0.009159
   2014    70-74   0.008850     0.020632     0.014432
   2014    75-79   0.016119     0.034800     0.024722
   2014    80-84   0.032095     0.062240     0.044450
   2014    85-89   0.064646     0.112939     0.081498
   2014    90-94   0.129161     0.188861     0.144211
   2014    95-99   0.228750     0.326574     0.247186
   2014   100-104  0.367954     0.436626     0.377644
   2014   105-109  0.581986     0.466667     0.571130
   2014   110+     0.307692     3.000000     0.439024
   2015     0      0.001499     0.002461     0.001993
   2015     1-4    0.000175     0.000207     0.000192
   2015     5-9    0.000060     0.000067     0.000064
   2015    10-14   0.000072     0.000109     0.000091
   2015    15-19   0.000129     0.000231     0.000182
   2015    20-24   0.000218     0.000382     0.000304
   2015    25-29   0.000239     0.000442     0.000346
   2015    30-34   0.000295     0.000539     0.000422
   2015    35-39   0.000492     0.000704     0.000602
   2015    40-44   0.000720     0.001148     0.000941
   2015    45-49   0.001142     0.001841     0.001508
   2015    50-54   0.001911     0.002980     0.002471
   2015    55-59   0.002503     0.004777     0.003670
   2015    60-64   0.003743     0.008447     0.006092
   2015    65-69   0.005273     0.012597     0.008827
   2015    70-74   0.008832     0.020562     0.014370
   2015    75-79   0.015534     0.033905     0.023999
   2015    80-84   0.031018     0.060267     0.043151
   2015    85-89   0.062922     0.108815     0.079079
   2015    90-94   0.127886     0.194041     0.145163
   2015    95-99   0.228016     0.313457     0.243693
   2015   100-104  0.377561     0.462982     0.389896
   2015   105-109  0.534161     0.709091     0.552045
   2015   110+     1.125000            .     1.125000
   2016     0      0.002132     0.002058     0.002094
   2016     1-4    0.000157     0.000191     0.000174
   2016     5-9    0.000027     0.000098     0.000064
   2016    10-14   0.000116     0.000065     0.000090
   2016    15-19   0.000134     0.000333     0.000236
   2016    20-24   0.000245     0.000428     0.000341
   2016    25-29   0.000160     0.000482     0.000328
   2016    30-34   0.000302     0.000464     0.000386
   2016    35-39   0.000514     0.000617     0.000568
   2016    40-44   0.000664     0.001071     0.000874
   2016    45-49   0.001106     0.001761     0.001447
   2016    50-54   0.001798     0.002951     0.002403
   2016    55-59   0.002485     0.004770     0.003662
   2016    60-64   0.003725     0.007625     0.005679
   2016    65-69   0.005404     0.012914     0.009053
   2016    70-74   0.008688     0.019942     0.013991
   2016    75-79   0.015152     0.032313     0.023036
   2016    80-84   0.030455     0.058261     0.042133
   2016    85-89   0.061768     0.108157     0.078203
   2016    90-94   0.124687     0.189077     0.142188
   2016    95-99   0.229394     0.311539     0.244270
   2016   100-104  0.377072     0.498765     0.394368
   2016   105-109  0.576385     1.135135     0.628803
   2016   110+     1.090909            .     1.090909
   2017     0      0.002142     0.002417     0.002283
   2017     1-4    0.000180     0.000192     0.000186
   2017     5-9    0.000027     0.000073     0.000051
   2017    10-14   0.000059     0.000066     0.000062
   2017    15-19   0.000095     0.000235     0.000167
   2017    20-24   0.000176     0.000350     0.000267
   2017    25-29   0.000292     0.000398     0.000347
   2017    30-34   0.000325     0.000500     0.000416
   2017    35-39   0.000381     0.000652     0.000521
   2017    40-44   0.000629     0.001070     0.000857
   2017    45-49   0.001038     0.001756     0.001411
   2017    50-54   0.001606     0.002803     0.002234
   2017    55-59   0.002450     0.004599     0.003561
   2017    60-64   0.003270     0.007366     0.005330
   2017    65-69   0.005360     0.013069     0.009111
   2017    70-74   0.008535     0.020451     0.014146
   2017    75-79   0.015043     0.032481     0.023021
   2017    80-84   0.030544     0.059186     0.042681
   2017    85-89   0.060230     0.106482     0.076706
   2017    90-94   0.126424     0.191132     0.144603
   2017    95-99   0.229859     0.324105     0.246754
   2017   100-104  0.383613     0.499755     0.399478
   2017   105-109  0.629306     0.709091     0.636097
   2017   110+     0.272727            .     0.272727
   2018     0      0.002085     0.001926     0.002004
   2018     1-4    0.000146     0.000160     0.000153
   2018     5-9    0.000072     0.000063     0.000067
   2018    10-14   0.000113     0.000102     0.000107
   2018    15-19   0.000143     0.000227     0.000186
   2018    20-24   0.000182     0.000354     0.000271
   2018    25-29   0.000225     0.000462     0.000348
   2018    30-34   0.000265     0.000510     0.000392
   2018    35-39   0.000395     0.000655     0.000529
   2018    40-44   0.000695     0.001081     0.000894
   2018    45-49   0.001023     0.001574     0.001308
   2018    50-54   0.001756     0.002687     0.002244
   2018    55-59   0.002327     0.004561     0.003486
   2018    60-64   0.003400     0.007697     0.005572
   2018    65-69   0.005530     0.012627     0.008993
   2018    70-74   0.008454     0.019679     0.013738
   2018    75-79   0.015044     0.031980     0.022752
   2018    80-84   0.029673     0.057186     0.041396
   2018    85-89   0.060758     0.105228     0.076777
   2018    90-94   0.122043     0.188242     0.140915
   2018    95-99   0.235338     0.302057     0.247584
   2018   100-104  0.380196     0.438533     0.387948
   2018   105-109  0.542297     0.709459     0.555879
   2018   110+     0.600000            .     0.600000
   2019     0      0.001925     0.002067     0.001998
   2019     1-4    0.000157     0.000107     0.000131
   2019     5-9    0.000056     0.000043     0.000049
   2019    10-14   0.000103     0.000072     0.000087
   2019    15-19   0.000145     0.000272     0.000210
   2019    20-24   0.000167     0.000394     0.000284
   2019    25-29   0.000210     0.000406     0.000312
   2019    30-34   0.000255     0.000587     0.000428
   2019    35-39   0.000430     0.000665     0.000551
   2019    40-44   0.000630     0.000944     0.000792
   2019    45-49   0.001056     0.001564     0.001317
   2019    50-54   0.001490     0.002721     0.002134
   2019    55-59   0.002373     0.004515     0.003487
   2019    60-64   0.003513     0.007469     0.005523
   2019    65-69   0.005214     0.012261     0.008666
   2019    70-74   0.008273     0.019204     0.013424
   2019    75-79   0.014031     0.032225     0.022258
   2019    80-84   0.029206     0.056113     0.040712
   2019    85-89   0.060230     0.102449     0.075630
   2019    90-94   0.122808     0.184137     0.140465
   2019    95-99   0.228187     0.308581     0.243544
   2019   100-104  0.365453     0.518507     0.384938
   2019   105-109  0.620504     0.691551     0.625567
   2019   110+     1.111111            .     1.111111
   2020     0      0.001482     0.001663     0.001575
   2020     1-4    0.000115     0.000095     0.000105
   2020     5-9    0.000062     0.000054     0.000058
   2020    10-14   0.000081     0.000082     0.000082
   2020    15-19   0.000144     0.000355     0.000252
   2020    20-24   0.000216     0.000491     0.000357
   2020    25-29   0.000259     0.000410     0.000338
   2020    30-34   0.000327     0.000488     0.000411
   2020    35-39   0.000463     0.000641     0.000555
   2020    40-44   0.000672     0.001096     0.000891
   2020    45-49   0.001085     0.001683     0.001393
   2020    50-54   0.001626     0.002959     0.002321
   2020    55-59   0.002227     0.004553     0.003438
   2020    60-64   0.003220     0.007359     0.005332
   2020    65-69   0.005363     0.012132     0.008693
   2020    70-74   0.008095     0.018929     0.013211
   2020    75-79   0.014223     0.031949     0.022197
   2020    80-84   0.028279     0.054566     0.039535
   2020    85-89   0.056766     0.099863     0.072676
   2020    90-94   0.114951     0.170094     0.131102
   2020    95-99   0.209359     0.287350     0.224802
   2020   100-104  0.367290     0.461729     0.379100
   2020   105-109  0.476636     0.752823     0.496889
   2020   110+     0.800000            .     0.800000
   2021     0      0.001479     0.001301     0.001388
   2021     1-4    0.000088     0.000129     0.000109
   2021     5-9    0.000080     0.000093     0.000087
   2021    10-14   0.000070     0.000077     0.000074
   2021    15-19   0.000165     0.000325     0.000247
   2021    20-24   0.000157     0.000356     0.000259
   2021    25-29   0.000234     0.000430     0.000336
   2021    30-34   0.000377     0.000568     0.000476
   2021    35-39   0.000400     0.000756     0.000584
   2021    40-44   0.000645     0.001045     0.000851
   2021    45-49   0.001027     0.001633     0.001339
   2021    50-54   0.001607     0.002759     0.002205
   2021    55-59   0.002315     0.004549     0.003481
   2021    60-64   0.003326     0.007101     0.005259
   2021    65-69   0.005338     0.012469     0.008862
   2021    70-74   0.008447     0.019977     0.013902
   2021    75-79   0.014670     0.032006     0.022460
   2021    80-84   0.028298     0.056194     0.040234
   2021    85-89   0.058218     0.099795     0.073772
   2021    90-94   0.118820     0.176364     0.135900
   2021    95-99   0.225315     0.293799     0.239610
   2021   100-104  0.367139     0.476179     0.380453
   2021   105-109  0.557164     0.437028     0.547483
   2021   110+     0.731707     6.000000     0.836653
   2022     0      0.001911     0.001826     0.001868
   2022     1-4    0.000141     0.000165     0.000154
   2022     5-9    0.000070     0.000061     0.000065
   2022    10-14   0.000049     0.000068     0.000059
   2022    15-19   0.000191     0.000237     0.000215
   2022    20-24   0.000301     0.000470     0.000387
   2022    25-29   0.000302     0.000378     0.000341
   2022    30-34   0.000226     0.000512     0.000374
   2022    35-39   0.000438     0.000651     0.000549
   2022    40-44   0.000679     0.000991     0.000840
   2022    45-49   0.001062     0.001820     0.001452
   2022    50-54   0.001733     0.002692     0.002229
   2022    55-59   0.002379     0.004677     0.003578
   2022    60-64   0.003583     0.007625     0.005660
   2022    65-69   0.005373     0.012416     0.008867
   2022    70-74   0.008696     0.021601     0.014814
   2022    75-79   0.015288     0.034507     0.023944
   2022    80-84   0.030618     0.059308     0.042870
   2022    85-89   0.062324     0.108830     0.079907
   2022    90-94   0.126901     0.195809     0.147524
   2022    95-99   0.237497     0.327328     0.257066
   2022   100-104  0.378564     0.477926     0.390765
   2022   105-109  0.600017     0.757193     0.612670
   2022   110+     1.107522     6.000000     1.217862
