20.Nagano.ken, Death Rates (period 5x1)     Last modified:2023-12-05, ver.004_004 JMD(IPSS)

   Year      Age       Female       Male         Total
   1947     0      0.069728     0.083312     0.076681
   1947     1-4    0.012864     0.013493     0.013183
   1947     5-9    0.002503     0.002872     0.002690
   1947    10-14   0.001915     0.001708     0.001808
   1947    15-19   0.003912     0.004329     0.004117
   1947    20-24   0.006290     0.007920     0.007048
   1947    25-29   0.007164     0.008329     0.007676
   1947    30-34   0.007442     0.007780     0.007595
   1947    35-39   0.007046     0.007998     0.007490
   1947    40-44   0.007719     0.008667     0.008178
   1947    45-49   0.008713     0.010174     0.009433
   1947    50-54   0.012409     0.016745     0.014556
   1947    55-59   0.017237     0.025301     0.021178
   1947    60-64   0.028392     0.041526     0.034533
   1947    65-69   0.045029     0.063922     0.053500
   1947    70-74   0.067992     0.099481     0.081330
   1947    75-79   0.111503     0.153772     0.128170
   1947    80-84   0.175806     0.211782     0.187977
   1947    85-89   0.263847     0.341046     0.286817
   1947    90-94   0.374642     0.375234     0.374801
   1947    95-99   0.364853     0.940071     0.458336
   1947   100-104  0.000000     0.000000     0.000000
   1947   105-109  0.000000     0.000000     0.000000
   1947   110+     0.000000     4.000000     3.846154
   1948     0      0.049038     0.061300     0.055292
   1948     1-4    0.008023     0.009204     0.008624
   1948     5-9    0.002011     0.002221     0.002117
   1948    10-14   0.001005     0.001456     0.001238
   1948    15-19   0.003185     0.003145     0.003165
   1948    20-24   0.006346     0.006590     0.006461
   1948    25-29   0.006556     0.007901     0.007148
   1948    30-34   0.006509     0.007638     0.007017
   1948    35-39   0.005588     0.005896     0.005731
   1948    40-44   0.006865     0.007462     0.007151
   1948    45-49   0.008025     0.008940     0.008475
   1948    50-54   0.012064     0.015081     0.013553
   1948    55-59   0.016316     0.020349     0.018290
   1948    60-64   0.024113     0.034144     0.028840
   1948    65-69   0.040660     0.053496     0.046391
   1948    70-74   0.063662     0.082924     0.071835
   1948    75-79   0.095342     0.119791     0.104924
   1948    80-84   0.159693     0.192221     0.170922
   1948    85-89   0.213568     0.316135     0.242342
   1948    90-94   0.273290     0.291588     0.278431
   1948    95-99   0.459653     0.715706     0.495077
   1948   100-104  0.000000     0.750000     0.281822
   1948   105-109  0.000000            .     0.000000
   1948   110+     0.000000            .     0.000000
   1949     0      0.052634     0.057839     0.055290
   1949     1-4    0.008628     0.008743     0.008687
   1949     5-9    0.001533     0.002061     0.001801
   1949    10-14   0.001038     0.001119     0.001079
   1949    15-19   0.002580     0.002427     0.002502
   1949    20-24   0.004634     0.005471     0.005030
   1949    25-29   0.005706     0.006471     0.006046
   1949    30-34   0.005553     0.005190     0.005391
   1949    35-39   0.005282     0.005966     0.005597
   1949    40-44   0.006473     0.006250     0.006367
   1949    45-49   0.007451     0.008618     0.008023
   1949    50-54   0.010524     0.012574     0.011534
   1949    55-59   0.014709     0.019706     0.017161
   1949    60-64   0.024816     0.031950     0.028203
   1949    65-69   0.038306     0.055104     0.045803
   1949    70-74   0.061281     0.081752     0.069979
   1949    75-79   0.093168     0.116127     0.102242
   1949    80-84   0.150151     0.188571     0.163604
   1949    85-89   0.238574     0.265070     0.246049
   1949    90-94   0.359707     0.342100     0.354742
   1949    95-99   0.501732     0.346721     0.475177
   1949   100-104  0.902935     3.000000     1.177240
   1949   105-109  0.000000            .     0.000000
   1949   110+     0.000000            .     0.000000
   1950     0      0.045480     0.050802     0.048213
   1950     1-4    0.007375     0.006596     0.006978
   1950     5-9    0.001782     0.001736     0.001759
   1950    10-14   0.000976     0.001073     0.001025
   1950    15-19   0.001986     0.002186     0.002090
   1950    20-24   0.003774     0.004283     0.004016
   1950    25-29   0.004200     0.005168     0.004636
   1950    30-34   0.004137     0.004891     0.004471
   1950    35-39   0.005026     0.005188     0.005100
   1950    40-44   0.005712     0.005866     0.005785
   1950    45-49   0.006349     0.008140     0.007222
   1950    50-54   0.008976     0.012384     0.010652
   1950    55-59   0.014808     0.019281     0.017005
   1950    60-64   0.022977     0.031949     0.027260
   1950    65-69   0.040697     0.055113     0.047157
   1950    70-74   0.063166     0.079725     0.070199
   1950    75-79   0.094337     0.120436     0.104719
   1950    80-84   0.158891     0.198604     0.172912
   1950    85-89   0.210934     0.277928     0.229838
   1950    90-94   0.387072     0.370411     0.382394
   1950    95-99   0.380667     0.410490     0.386687
   1950   100-104  0.000000            .     0.000000
   1950   105-109  0.000000            .     0.000000
   1950   110+     0.000000            .     0.000000
   1951     0      0.041977     0.046453     0.044264
   1951     1-4    0.004981     0.005536     0.005265
   1951     5-9    0.001258     0.001407     0.001334
   1951    10-14   0.000727     0.000812     0.000770
   1951    15-19   0.001442     0.001613     0.001530
   1951    20-24   0.002708     0.003396     0.003040
   1951    25-29   0.003264     0.003900     0.003556
   1951    30-34   0.003905     0.003903     0.003904
   1951    35-39   0.003726     0.003959     0.003832
   1951    40-44   0.004638     0.005532     0.005058
   1951    45-49   0.006790     0.007054     0.006919
   1951    50-54   0.008335     0.010904     0.009596
   1951    55-59   0.014531     0.018586     0.016523
   1951    60-64   0.022845     0.029176     0.025883
   1951    65-69   0.040111     0.051712     0.045341
   1951    70-74   0.060504     0.077362     0.067692
   1951    75-79   0.095030     0.118983     0.104548
   1951    80-84   0.149728     0.192360     0.164903
   1951    85-89   0.231778     0.267816     0.242076
   1951    90-94   0.348482     0.407989     0.364379
   1951    95-99   0.592885     0.666176     0.610471
   1951   100-104  0.924339            .     0.924339
   1951   105-109  0.857143            .     0.857143
   1951   110+     0.857143            .     0.857143
   1952     0      0.034085     0.039343     0.036758
   1952     1-4    0.004408     0.004166     0.004284
   1952     5-9    0.000941     0.001253     0.001100
   1952    10-14   0.000517     0.000798     0.000660
   1952    15-19   0.001164     0.001591     0.001381
   1952    20-24   0.002114     0.002541     0.002321
   1952    25-29   0.003097     0.003154     0.003124
   1952    30-34   0.002799     0.003265     0.003004
   1952    35-39   0.003389     0.003521     0.003449
   1952    40-44   0.003997     0.005024     0.004476
   1952    45-49   0.005203     0.007024     0.006084
   1952    50-54   0.009494     0.010649     0.010061
   1952    55-59   0.013321     0.017010     0.015132
   1952    60-64   0.020533     0.026376     0.023350
   1952    65-69   0.035926     0.048423     0.041607
   1952    70-74   0.056860     0.079237     0.066429
   1952    75-79   0.087463     0.116176     0.098857
   1952    80-84   0.138984     0.172452     0.151026
   1952    85-89   0.213709     0.244971     0.222870
   1952    90-94   0.308812     0.381560     0.326870
   1952    95-99   0.493921     0.268603     0.426950
   1952   100-104  0.683544            .     0.683544
   1952   105-109  0.346154            .     0.346154
   1952   110+     0.750000            .     0.750000
   1953     0      0.035924     0.039535     0.037773
   1953     1-4    0.004080     0.004051     0.004065
   1953     5-9    0.001190     0.001097     0.001143
   1953    10-14   0.000577     0.000792     0.000687
   1953    15-19   0.001040     0.001449     0.001246
   1953    20-24   0.001983     0.002561     0.002265
   1953    25-29   0.002646     0.003151     0.002885
   1953    30-34   0.003074     0.003048     0.003063
   1953    35-39   0.003120     0.003837     0.003443
   1953    40-44   0.004391     0.004820     0.004590
   1953    45-49   0.005792     0.006147     0.005962
   1953    50-54   0.008929     0.010891     0.009893
   1953    55-59   0.013166     0.018411     0.015736
   1953    60-64   0.022166     0.028588     0.025273
   1953    65-69   0.036878     0.051375     0.043549
   1953    70-74   0.061422     0.086156     0.071959
   1953    75-79   0.096472     0.135316     0.111839
   1953    80-84   0.150395     0.203558     0.169614
   1953    85-89   0.244249     0.307662     0.262988
   1953    90-94   0.300711     0.392053     0.321752
   1953    95-99   0.394652     0.660318     0.475669
   1953   100-104  0.931741            .     0.931741
   1953   105-109  0.393443            .     0.393443
   1953   110+     3.000000            .     3.000000
   1954     0      0.030626     0.034983     0.032861
   1954     1-4    0.003331     0.003425     0.003379
   1954     5-9    0.000998     0.001199     0.001101
   1954    10-14   0.000576     0.000650     0.000614
   1954    15-19   0.000909     0.001458     0.001186
   1954    20-24   0.001702     0.002657     0.002164
   1954    25-29   0.002043     0.002930     0.002466
   1954    30-34   0.002333     0.002562     0.002435
   1954    35-39   0.002839     0.003365     0.003075
   1954    40-44   0.003009     0.004533     0.003711
   1954    45-49   0.004782     0.006146     0.005433
   1954    50-54   0.008369     0.010248     0.009290
   1954    55-59   0.012111     0.017051     0.014528
   1954    60-64   0.019475     0.027909     0.023566
   1954    65-69   0.032562     0.044313     0.038028
   1954    70-74   0.053114     0.076379     0.063014
   1954    75-79   0.084149     0.121435     0.098843
   1954    80-84   0.131641     0.157915     0.141148
   1954    85-89   0.206893     0.261739     0.223284
   1954    90-94   0.327940     0.411282     0.346777
   1954    95-99   0.463389     0.254004     0.404160
   1954   100-104  0.000000            .     0.000000
   1954   105-109  0.000000            .     0.000000
   1954   110+     0.000000            .     0.000000
   1955     0      0.031765     0.035158     0.033504
   1955     1-4    0.003086     0.003201     0.003145
   1955     5-9    0.000850     0.001098     0.000976
   1955    10-14   0.000633     0.000776     0.000706
   1955    15-19   0.001170     0.001327     0.001250
   1955    20-24   0.001812     0.002605     0.002190
   1955    25-29   0.001956     0.002331     0.002136
   1955    30-34   0.002323     0.002652     0.002473
   1955    35-39   0.002753     0.003302     0.002998
   1955    40-44   0.003216     0.003627     0.003404
   1955    45-49   0.004767     0.005887     0.005299
   1955    50-54   0.007587     0.009514     0.008526
   1955    55-59   0.012494     0.016422     0.014414
   1955    60-64   0.018980     0.027592     0.023162
   1955    65-69   0.030755     0.045776     0.037790
   1955    70-74   0.053905     0.075632     0.063195
   1955    75-79   0.085616     0.108674     0.094692
   1955    80-84   0.138088     0.173327     0.150832
   1955    85-89   0.207283     0.221572     0.211678
   1955    90-94   0.300752     0.359508     0.314128
   1955    95-99   0.557354     0.881235     0.638904
   1955   100-104  0.486622            .     0.486622
   1955   105-109  0.176471            .     0.176471
   1955   110+     0.000000            .     0.000000
   1956     0      0.026949     0.034362     0.030740
   1956     1-4    0.002659     0.002912     0.002788
   1956     5-9    0.000729     0.000991     0.000863
   1956    10-14   0.000450     0.000482     0.000466
   1956    15-19   0.000911     0.001197     0.001056
   1956    20-24   0.001807     0.002519     0.002144
   1956    25-29   0.001851     0.002749     0.002282
   1956    30-34   0.002006     0.002231     0.002110
   1956    35-39   0.002341     0.003148     0.002699
   1956    40-44   0.003162     0.004126     0.003601
   1956    45-49   0.004604     0.005730     0.005134
   1956    50-54   0.007978     0.009837     0.008882
   1956    55-59   0.011761     0.015107     0.013396
   1956    60-64   0.017942     0.025973     0.021841
   1956    65-69   0.033601     0.047594     0.040183
   1956    70-74   0.056167     0.074900     0.064241
   1956    75-79   0.090272     0.113841     0.099614
   1956    80-84   0.148067     0.178602     0.159080
   1956    85-89   0.227507     0.277783     0.243279
   1956    90-94   0.343150     0.287358     0.329704
   1956    95-99   0.586713     0.472970     0.560965
   1956   100-104  0.000000            .     0.000000
   1956   105-109  0.000000            .     0.000000
   1956   110+     0.000000            .     0.000000
   1957     0      0.030531     0.035447     0.033046
   1957     1-4    0.002484     0.002936     0.002715
   1957     5-9    0.000749     0.000911     0.000831
   1957    10-14   0.000591     0.000702     0.000648
   1957    15-19   0.000942     0.001320     0.001131
   1957    20-24   0.001706     0.002609     0.002135
   1957    25-29   0.001912     0.002220     0.002060
   1957    30-34   0.001969     0.002057     0.002011
   1957    35-39   0.002579     0.002620     0.002597
   1957    40-44   0.003402     0.003678     0.003527
   1957    45-49   0.004633     0.005687     0.005125
   1957    50-54   0.007594     0.010168     0.008841
   1957    55-59   0.012347     0.016316     0.014290
   1957    60-64   0.019052     0.028089     0.023434
   1957    65-69   0.032953     0.049908     0.040947
   1957    70-74   0.058859     0.081415     0.068658
   1957    75-79   0.095573     0.128559     0.108691
   1957    80-84   0.151764     0.179224     0.161666
   1957    85-89   0.251413     0.291907     0.264272
   1957    90-94   0.347610     0.476558     0.379263
   1957    95-99   0.481072     0.570940     0.501892
   1957   100-104  0.679950            .     0.679950
   1957   105-109  2.142857            .     2.142857
   1957   110+     2.000000            .     2.000000
   1958     0      0.027437     0.032358     0.029956
   1958     1-4    0.002017     0.002438     0.002232
   1958     5-9    0.000570     0.000908     0.000743
   1958    10-14   0.000371     0.000548     0.000461
   1958    15-19   0.000763     0.001094     0.000927
   1958    20-24   0.001602     0.001804     0.001698
   1958    25-29   0.001516     0.002388     0.001935
   1958    30-34   0.001825     0.002291     0.002048
   1958    35-39   0.002272     0.002461     0.002357
   1958    40-44   0.003517     0.003739     0.003617
   1958    45-49   0.004540     0.006031     0.005232
   1958    50-54   0.006799     0.009402     0.008050
   1958    55-59   0.010752     0.014845     0.012755
   1958    60-64   0.017382     0.024823     0.020982
   1958    65-69   0.031309     0.041943     0.036334
   1958    70-74   0.050654     0.071036     0.059613
   1958    75-79   0.089834     0.113930     0.099406
   1958    80-84   0.129777     0.170767     0.144564
   1958    85-89   0.198610     0.225437     0.207309
   1958    90-94   0.293570     0.373387     0.312177
   1958    95-99   0.405533     0.193175     0.359092
   1958   100-104  0.275989     0.000000     0.242522
   1958   105-109         .            .            .
   1958   110+            .            .            .
   1959     0      0.025396     0.034943     0.030261
   1959     1-4    0.001927     0.002236     0.002085
   1959     5-9    0.000611     0.000880     0.000748
   1959    10-14   0.000378     0.000601     0.000492
   1959    15-19   0.000763     0.001088     0.000924
   1959    20-24   0.001154     0.002003     0.001551
   1959    25-29   0.001473     0.002150     0.001799
   1959    30-34   0.001664     0.002149     0.001898
   1959    35-39   0.002106     0.002299     0.002193
   1959    40-44   0.003220     0.003279     0.003246
   1959    45-49   0.003988     0.005069     0.004487
   1959    50-54   0.007243     0.009240     0.008197
   1959    55-59   0.010408     0.015671     0.012978
   1959    60-64   0.016972     0.025803     0.021244
   1959    65-69   0.028240     0.042376     0.034937
   1959    70-74   0.051750     0.072139     0.060810
   1959    75-79   0.084783     0.115995     0.097177
   1959    80-84   0.138905     0.180649     0.153958
   1959    85-89   0.211649     0.245628     0.222704
   1959    90-94   0.296412     0.293346     0.295663
   1959    95-99   0.419944     0.452432     0.426754
   1959   100-104  0.653239     0.000000     0.492409
   1959   105-109         .            .            .
   1959   110+            .            .            .
   1960     0      0.022790     0.028935     0.025926
   1960     1-4    0.001593     0.002310     0.001959
   1960     5-9    0.000589     0.000577     0.000583
   1960    10-14   0.000373     0.000460     0.000418
   1960    15-19   0.000635     0.001269     0.000951
   1960    20-24   0.001288     0.002286     0.001745
   1960    25-29   0.001328     0.001902     0.001602
   1960    30-34   0.001542     0.001952     0.001741
   1960    35-39   0.001858     0.002251     0.002038
   1960    40-44   0.002411     0.003342     0.002828
   1960    45-49   0.004311     0.006180     0.005169
   1960    50-54   0.006594     0.008404     0.007454
   1960    55-59   0.010529     0.014929     0.012667
   1960    60-64   0.017989     0.024980     0.021370
   1960    65-69   0.030837     0.041686     0.035987
   1960    70-74   0.051464     0.074520     0.061768
   1960    75-79   0.088197     0.123494     0.102239
   1960    80-84   0.146500     0.185954     0.160735
   1960    85-89   0.231612     0.303474     0.254478
   1960    90-94   0.339773     0.383711     0.351294
   1960    95-99   0.381584     0.498764     0.403869
   1960   100-104  1.089918     0.998336     1.057579
   1960   105-109  0.000000            .     0.000000
   1960   110+            .            .            .
   1961     0      0.022783     0.026603     0.024738
   1961     1-4    0.001572     0.001931     0.001755
   1961     5-9    0.000427     0.000920     0.000678
   1961    10-14   0.000417     0.000461     0.000439
   1961    15-19   0.000552     0.001099     0.000824
   1961    20-24   0.001287     0.002596     0.001883
   1961    25-29   0.001320     0.002048     0.001666
   1961    30-34   0.001380     0.001924     0.001646
   1961    35-39   0.001831     0.002047     0.001932
   1961    40-44   0.002444     0.003503     0.002915
   1961    45-49   0.003775     0.005154     0.004405
   1961    50-54   0.006165     0.008660     0.007342
   1961    55-59   0.009900     0.015134     0.012436
   1961    60-64   0.015935     0.022782     0.019249
   1961    65-69   0.029641     0.041898     0.035462
   1961    70-74   0.048923     0.067960     0.057490
   1961    75-79   0.089415     0.113968     0.099237
   1961    80-84   0.145218     0.193706     0.162707
   1961    85-89   0.213313     0.272821     0.231749
   1961    90-94   0.314282     0.317403     0.315133
   1961    95-99   0.464589     0.721925     0.508696
   1961   100-104  1.168452     3.592814     1.507538
   1961   105-109  0.000000            .     0.000000
   1961   110+            .            .            .
   1962     0      0.021248     0.026764     0.024077
   1962     1-4    0.001220     0.001815     0.001523
   1962     5-9    0.000423     0.000627     0.000527
   1962    10-14   0.000232     0.000355     0.000295
   1962    15-19   0.000434     0.001065     0.000744
   1962    20-24   0.000980     0.001677     0.001301
   1962    25-29   0.001264     0.001989     0.001607
   1962    30-34   0.001175     0.001770     0.001466
   1962    35-39   0.001641     0.002019     0.001821
   1962    40-44   0.002035     0.003276     0.002587
   1962    45-49   0.003983     0.005284     0.004575
   1962    50-54   0.006342     0.008545     0.007373
   1962    55-59   0.009555     0.015096     0.012230
   1962    60-64   0.015588     0.026033     0.020647
   1962    65-69   0.027615     0.042403     0.034623
   1962    70-74   0.050008     0.071717     0.059850
   1962    75-79   0.091120     0.114668     0.100624
   1962    80-84   0.154181     0.193827     0.168464
   1962    85-89   0.231891     0.291914     0.250213
   1962    90-94   0.365602     0.433150     0.384632
   1962    95-99   0.451483     0.747730     0.494266
   1962   100-104  1.235839            .     1.235839
   1962   105-109  1.500000            .     1.500000
   1962   110+            .            .            .
   1963     0      0.021177     0.022925     0.022073
   1963     1-4    0.001232     0.001715     0.001478
   1963     5-9    0.000414     0.000471     0.000443
   1963    10-14   0.000220     0.000390     0.000307
   1963    15-19   0.000464     0.001055     0.000752
   1963    20-24   0.001074     0.001971     0.001487
   1963    25-29   0.000927     0.001930     0.001401
   1963    30-34   0.001033     0.001983     0.001499
   1963    35-39   0.001649     0.002332     0.001979
   1963    40-44   0.002063     0.002961     0.002465
   1963    45-49   0.003023     0.004870     0.003860
   1963    50-54   0.006132     0.007846     0.006928
   1963    55-59   0.009519     0.014445     0.011883
   1963    60-64   0.013810     0.023325     0.018410
   1963    65-69   0.024439     0.040157     0.031874
   1963    70-74   0.045249     0.066990     0.055133
   1963    75-79   0.080499     0.111412     0.093180
   1963    80-84   0.132994     0.171788     0.146898
   1963    85-89   0.215938     0.267280     0.231592
   1963    90-94   0.305183     0.302831     0.304518
   1963    95-99   0.409673     0.284855     0.390653
   1963   100-104  2.146691            .     2.146691
   1963   105-109         .            .            .
   1963   110+            .            .            .
   1964     0      0.017065     0.019358     0.018236
   1964     1-4    0.001372     0.001469     0.001421
   1964     5-9    0.000410     0.000557     0.000485
   1964    10-14   0.000248     0.000441     0.000346
   1964    15-19   0.000458     0.001153     0.000798
   1964    20-24   0.000770     0.001704     0.001194
   1964    25-29   0.001149     0.002012     0.001557
   1964    30-34   0.001027     0.001470     0.001244
   1964    35-39   0.001797     0.002190     0.001988
   1964    40-44   0.002426     0.002935     0.002656
   1964    45-49   0.003622     0.004501     0.004018
   1964    50-54   0.005551     0.008299     0.006820
   1964    55-59   0.009270     0.013518     0.011299
   1964    60-64   0.014872     0.024690     0.019603
   1964    65-69   0.025223     0.040292     0.032353
   1964    70-74   0.047095     0.071870     0.058355
   1964    75-79   0.081832     0.114549     0.095404
   1964    80-84   0.142636     0.188040     0.158886
   1964    85-89   0.220450     0.252239     0.230298
   1964    90-94   0.347968     0.431178     0.370502
   1964    95-99   0.377428     0.709555     0.437684
   1964   100-104  0.398671            .     0.398671
   1964   105-109         .            .            .
   1964   110+            .            .            .
   1965     0      0.015062     0.021507     0.018354
   1965     1-4    0.001222     0.001818     0.001525
   1965     5-9    0.000356     0.000549     0.000454
   1965    10-14   0.000220     0.000353     0.000288
   1965    15-19   0.000409     0.000971     0.000686
   1965    20-24   0.001158     0.001468     0.001295
   1965    25-29   0.001004     0.001476     0.001227
   1965    30-34   0.001234     0.001992     0.001605
   1965    35-39   0.001719     0.002060     0.001886
   1965    40-44   0.002367     0.003111     0.002709
   1965    45-49   0.003647     0.005038     0.004270
   1965    50-54   0.005676     0.008338     0.006898
   1965    55-59   0.009482     0.013679     0.011476
   1965    60-64   0.014516     0.022639     0.018413
   1965    65-69   0.024984     0.042109     0.033075
   1965    70-74   0.047373     0.073593     0.059276
   1965    75-79   0.089054     0.111946     0.098600
   1965    80-84   0.157427     0.192521     0.170059
   1965    85-89   0.233322     0.313843     0.258411
   1965    90-94   0.360364     0.409241     0.372774
   1965    95-99   0.427498     0.720603     0.484516
   1965   100-104  0.450450            .     0.450450
   1965   105-109         .            .            .
   1965   110+            .            .            .
   1966     0      0.013644     0.016719     0.015224
   1966     1-4    0.001091     0.001355     0.001226
   1966     5-9    0.000364     0.000458     0.000412
   1966    10-14   0.000304     0.000432     0.000369
   1966    15-19   0.000423     0.000869     0.000643
   1966    20-24   0.000915     0.001308     0.001088
   1966    25-29   0.000900     0.001650     0.001254
   1966    30-34   0.000948     0.001901     0.001414
   1966    35-39   0.001462     0.002253     0.001852
   1966    40-44   0.001902     0.003389     0.002598
   1966    45-49   0.003019     0.004147     0.003522
   1966    50-54   0.005262     0.007875     0.006453
   1966    55-59   0.008568     0.012029     0.010199
   1966    60-64   0.013023     0.023234     0.017909
   1966    65-69   0.024102     0.036664     0.030033
   1966    70-74   0.044909     0.064673     0.053864
   1966    75-79   0.074406     0.103397     0.086577
   1966    80-84   0.134196     0.175487     0.149158
   1966    85-89   0.223153     0.238599     0.228004
   1966    90-94   0.258802     0.260153     0.259144
   1966    95-99   0.373716     0.455192     0.391217
   1966   100-104  1.085482     0.000000     0.955795
   1966   105-109         .            .            .
   1966   110+            .            .            .
   1967     0      0.014000     0.019332     0.016739
   1967     1-4    0.001099     0.001296     0.001199
   1967     5-9    0.000315     0.000437     0.000377
   1967    10-14   0.000233     0.000416     0.000326
   1967    15-19   0.000402     0.000963     0.000676
   1967    20-24   0.000616     0.001645     0.001079
   1967    25-29   0.000795     0.001537     0.001145
   1967    30-34   0.001029     0.001695     0.001353
   1967    35-39   0.001319     0.002197     0.001752
   1967    40-44   0.001775     0.002626     0.002180
   1967    45-49   0.003183     0.004468     0.003754
   1967    50-54   0.005173     0.007481     0.006219
   1967    55-59   0.007683     0.012185     0.009781
   1967    60-64   0.013660     0.022227     0.017742
   1967    65-69   0.023266     0.036704     0.029610
   1967    70-74   0.043727     0.059602     0.050923
   1967    75-79   0.077831     0.099924     0.087178
   1967    80-84   0.123669     0.173786     0.141897
   1967    85-89   0.208748     0.240913     0.218956
   1967    90-94   0.310467     0.416128     0.337585
   1967    95-99   0.401338     0.586389     0.443361
   1967   100-104  0.312826     0.000000     0.238284
   1967   105-109         .            .            .
   1967   110+            .            .            .
   1968     0      0.012124     0.017854     0.015061
   1968     1-4    0.001000     0.001165     0.001084
   1968     5-9    0.000248     0.000624     0.000440
   1968    10-14   0.000304     0.000319     0.000312
   1968    15-19   0.000380     0.000932     0.000648
   1968    20-24   0.000659     0.001479     0.001034
   1968    25-29   0.001078     0.001554     0.001302
   1968    30-34   0.001246     0.001346     0.001295
   1968    35-39   0.001263     0.002183     0.001716
   1968    40-44   0.002055     0.002689     0.002361
   1968    45-49   0.002709     0.004449     0.003484
   1968    50-54   0.004667     0.007572     0.005978
   1968    55-59   0.007388     0.012499     0.009748
   1968    60-64   0.012915     0.022032     0.017229
   1968    65-69   0.022937     0.035380     0.028795
   1968    70-74   0.038500     0.059887     0.048188
   1968    75-79   0.073621     0.108453     0.088407
   1968    80-84   0.135443     0.160949     0.144858
   1968    85-89   0.209601     0.262367     0.226068
   1968    90-94   0.297193     0.309545     0.300442
   1968    95-99   0.488627     0.428510     0.474459
   1968   100-104  0.189064     0.000000     0.159500
   1968   105-109         .            .            .
   1968   110+            .            .            .
   1969     0      0.009963     0.015538     0.012841
   1969     1-4    0.000968     0.001365     0.001171
   1969     5-9    0.000404     0.000389     0.000396
   1969    10-14   0.000323     0.000312     0.000318
   1969    15-19   0.000437     0.001028     0.000724
   1969    20-24   0.000658     0.001420     0.001007
   1969    25-29   0.000938     0.001603     0.001254
   1969    30-34   0.000841     0.001812     0.001313
   1969    35-39   0.001426     0.002339     0.001876
   1969    40-44   0.001765     0.002998     0.002364
   1969    45-49   0.002613     0.004001     0.003237
   1969    50-54   0.004545     0.006982     0.005637
   1969    55-59   0.007546     0.012336     0.009740
   1969    60-64   0.012528     0.021000     0.016507
   1969    65-69   0.022581     0.035320     0.028558
   1969    70-74   0.039036     0.060336     0.048679
   1969    75-79   0.066022     0.099936     0.080413
   1969    80-84   0.122546     0.158460     0.136039
   1969    85-89   0.194480     0.260647     0.214833
   1969    90-94   0.288035     0.344602     0.303160
   1969    95-99   0.330849     0.440912     0.356959
   1969   100-104  0.604839     0.000000     0.475436
   1969   105-109         .            .            .
   1969   110+            .            .            .
   1970     0      0.010515     0.014627     0.012631
   1970     1-4    0.000964     0.001103     0.001035
   1970     5-9    0.000444     0.000426     0.000435
   1970    10-14   0.000239     0.000282     0.000261
   1970    15-19   0.000511     0.001081     0.000790
   1970    20-24   0.000790     0.001367     0.001051
   1970    25-29   0.000911     0.001572     0.001228
   1970    30-34   0.001186     0.001460     0.001319
   1970    35-39   0.001341     0.002026     0.001678
   1970    40-44   0.001994     0.002973     0.002473
   1970    45-49   0.002655     0.004302     0.003406
   1970    50-54   0.004839     0.007270     0.005921
   1970    55-59   0.007509     0.012287     0.009684
   1970    60-64   0.012056     0.020211     0.015859
   1970    65-69   0.021425     0.035365     0.027926
   1970    70-74   0.038908     0.058153     0.047620
   1970    75-79   0.070166     0.103594     0.084333
   1970    80-84   0.127920     0.162110     0.140936
   1970    85-89   0.210237     0.260077     0.225638
   1970    90-94   0.308381     0.388224     0.329143
   1970    95-99   0.353098     0.505927     0.386814
   1970   100-104  0.675676     0.441176     0.610749
   1970   105-109         .            .            .
   1970   110+            .            .            .
   1971     0      0.009777     0.012820     0.011343
   1971     1-4    0.000914     0.001194     0.001057
   1971     5-9    0.000339     0.000460     0.000401
   1971    10-14   0.000246     0.000422     0.000335
   1971    15-19   0.000364     0.001030     0.000693
   1971    20-24   0.000863     0.001420     0.001116
   1971    25-29   0.000680     0.001341     0.000997
   1971    30-34   0.000979     0.001636     0.001302
   1971    35-39   0.000996     0.001974     0.001474
   1971    40-44   0.001863     0.002841     0.002343
   1971    45-49   0.002313     0.003954     0.003077
   1971    50-54   0.004821     0.006534     0.005578
   1971    55-59   0.006487     0.010700     0.008392
   1971    60-64   0.011107     0.018239     0.014405
   1971    65-69   0.020086     0.032563     0.025885
   1971    70-74   0.035129     0.055834     0.044484
   1971    75-79   0.068704     0.094732     0.079744
   1971    80-84   0.115286     0.153110     0.129775
   1971    85-89   0.184109     0.230159     0.198569
   1971    90-94   0.307834     0.330187     0.313585
   1971    95-99   0.495079     0.509053     0.498059
   1971   100-104  0.376766     0.000000     0.273660
   1971   105-109         .     0.000000     0.000000
   1971   110+            .            .            .
   1972     0      0.009059     0.011375     0.010254
   1972     1-4    0.000660     0.001177     0.000925
   1972     5-9    0.000353     0.000514     0.000435
   1972    10-14   0.000096     0.000332     0.000216
   1972    15-19   0.000414     0.000710     0.000559
   1972    20-24   0.000749     0.001424     0.001061
   1972    25-29   0.000657     0.001266     0.000948
   1972    30-34   0.000911     0.001727     0.001313
   1972    35-39   0.001010     0.001910     0.001450
   1972    40-44   0.001735     0.003027     0.002371
   1972    45-49   0.002427     0.003990     0.003167
   1972    50-54   0.003699     0.006552     0.004958
   1972    55-59   0.006389     0.010920     0.008427
   1972    60-64   0.010538     0.017023     0.013509
   1972    65-69   0.017398     0.032687     0.024467
   1972    70-74   0.032295     0.053070     0.041668
   1972    75-79   0.065235     0.091463     0.076368
   1972    80-84   0.109310     0.150359     0.125057
   1972    85-89   0.194869     0.202511     0.197341
   1972    90-94   0.299548     0.345283     0.311350
   1972    95-99   0.330079     0.508384     0.369829
   1972   100-104  0.750000     0.545455     0.711864
   1972   105-109         .     1.500000     1.500000
   1972   110+            .            .            .
   1973     0      0.008658     0.013035     0.010909
   1973     1-4    0.001045     0.001451     0.001253
   1973     5-9    0.000278     0.000414     0.000348
   1973    10-14   0.000124     0.000332     0.000230
   1973    15-19   0.000441     0.001004     0.000718
   1973    20-24   0.000633     0.001533     0.001053
   1973    25-29   0.000719     0.001226     0.000962
   1973    30-34   0.000880     0.001553     0.001212
   1973    35-39   0.001268     0.001867     0.001561
   1973    40-44   0.001606     0.003175     0.002379
   1973    45-49   0.002509     0.004309     0.003373
   1973    50-54   0.003605     0.006569     0.004918
   1973    55-59   0.006700     0.010361     0.008341
   1973    60-64   0.010438     0.018162     0.013951
   1973    65-69   0.018980     0.029782     0.023941
   1973    70-74   0.033762     0.052753     0.042322
   1973    75-79   0.062659     0.093881     0.075870
   1973    80-84   0.111459     0.146228     0.124869
   1973    85-89   0.203858     0.239680     0.215802
   1973    90-94   0.309067     0.357217     0.321451
   1973    95-99   0.507734     0.750600     0.557878
   1973   100-104  0.526316     0.000000     0.416667
   1973   105-109         .            .            .
   1973   110+            .            .            .
   1974     0      0.009408     0.011402     0.010434
   1974     1-4    0.000881     0.000970     0.000927
   1974     5-9    0.000192     0.000564     0.000383
   1974    10-14   0.000167     0.000267     0.000218
   1974    15-19   0.000377     0.000902     0.000636
   1974    20-24   0.000620     0.001178     0.000880
   1974    25-29   0.000667     0.000959     0.000808
   1974    30-34   0.000648     0.001362     0.001002
   1974    35-39   0.000984     0.001975     0.001470
   1974    40-44   0.001605     0.002670     0.002129
   1974    45-49   0.002478     0.004131     0.003278
   1974    50-54   0.004033     0.006169     0.004989
   1974    55-59   0.006170     0.009322     0.007575
   1974    60-64   0.009633     0.016648     0.012799
   1974    65-69   0.018039     0.030148     0.023576
   1974    70-74   0.032791     0.054674     0.042613
   1974    75-79   0.063789     0.093186     0.076218
   1974    80-84   0.116504     0.142435     0.126512
   1974    85-89   0.198475     0.231366     0.209638
   1974    90-94   0.338179     0.386671     0.350984
   1974    95-99   0.460302     0.486329     0.465350
   1974   100-104  0.327273     1.000000     0.447761
   1974   105-109  0.000000     6.000000     1.500000
   1974   110+            .            .            .
   1975     0      0.008455     0.008107     0.008276
   1975     1-4    0.000938     0.000876     0.000906
   1975     5-9    0.000287     0.000416     0.000353
   1975    10-14   0.000180     0.000186     0.000183
   1975    15-19   0.000288     0.000661     0.000473
   1975    20-24   0.000695     0.001240     0.000946
   1975    25-29   0.000746     0.000964     0.000853
   1975    30-34   0.000853     0.001394     0.001122
   1975    35-39   0.001168     0.001796     0.001477
   1975    40-44   0.001489     0.002601     0.002036
   1975    45-49   0.002191     0.003556     0.002856
   1975    50-54   0.003675     0.006068     0.004762
   1975    55-59   0.005983     0.010315     0.007899
   1975    60-64   0.009396     0.015709     0.012233
   1975    65-69   0.017179     0.028013     0.022108
   1975    70-74   0.030315     0.047978     0.038186
   1975    75-79   0.057988     0.083802     0.068930
   1975    80-84   0.109783     0.145070     0.123371
   1975    85-89   0.179172     0.216144     0.191829
   1975    90-94   0.279691     0.301684     0.285758
   1975    95-99   0.393767     0.459446     0.405543
   1975   100-104  1.297297     2.000000     1.395349
   1975   105-109  3.000000            .     3.000000
   1975   110+            .            .            .
   1976     0      0.007077     0.010275     0.008720
   1976     1-4    0.000635     0.000985     0.000815
   1976     5-9    0.000436     0.000314     0.000373
   1976    10-14   0.000155     0.000243     0.000200
   1976    15-19   0.000346     0.000863     0.000604
   1976    20-24   0.000580     0.001027     0.000786
   1976    25-29   0.000448     0.000903     0.000671
   1976    30-34   0.000673     0.001324     0.000998
   1976    35-39   0.000958     0.001934     0.001441
   1976    40-44   0.001614     0.002753     0.002173
   1976    45-49   0.002198     0.003669     0.002918
   1976    50-54   0.003382     0.005736     0.004472
   1976    55-59   0.005310     0.009428     0.007117
   1976    60-64   0.008545     0.015411     0.011615
   1976    65-69   0.015419     0.026208     0.020293
   1976    70-74   0.028683     0.046083     0.036415
   1976    75-79   0.053815     0.081586     0.065583
   1976    80-84   0.100932     0.134231     0.113808
   1976    85-89   0.187522     0.222390     0.199513
   1976    90-94   0.268335     0.320113     0.282780
   1976    95-99   0.332557     0.713051     0.398436
   1976   100-104  0.391304     0.750000     0.444444
   1976   105-109         .            .            .
   1976   110+            .            .            .
   1977     0      0.007222     0.010902     0.009121
   1977     1-4    0.000593     0.001037     0.000821
   1977     5-9    0.000296     0.000354     0.000326
   1977    10-14   0.000169     0.000242     0.000206
   1977    15-19   0.000228     0.000646     0.000436
   1977    20-24   0.000490     0.001234     0.000840
   1977    25-29   0.000660     0.001014     0.000833
   1977    30-34   0.000641     0.000989     0.000814
   1977    35-39   0.000975     0.001666     0.001319
   1977    40-44   0.001406     0.002718     0.002049
   1977    45-49   0.002091     0.003902     0.002980
   1977    50-54   0.003269     0.005259     0.004206
   1977    55-59   0.005292     0.008627     0.006751
   1977    60-64   0.008229     0.014672     0.011096
   1977    65-69   0.015701     0.026142     0.020373
   1977    70-74   0.028541     0.046808     0.036647
   1977    75-79   0.052865     0.076668     0.062956
   1977    80-84   0.101359     0.123469     0.109957
   1977    85-89   0.175376     0.212435     0.188118
   1977    90-94   0.253658     0.297977     0.266346
   1977    95-99   0.447553     0.425387     0.443199
   1977   100-104  0.514065     0.000000     0.423380
   1977   105-109         .            .            .
   1977   110+            .            .            .
   1978     0      0.006615     0.008451     0.007565
   1978     1-4    0.000624     0.000756     0.000692
   1978     5-9    0.000178     0.000421     0.000302
   1978    10-14   0.000193     0.000198     0.000196
   1978    15-19   0.000234     0.000964     0.000597
   1978    20-24   0.000444     0.001172     0.000791
   1978    25-29   0.000638     0.000672     0.000655
   1978    30-34   0.000689     0.001246     0.000967
   1978    35-39   0.000844     0.001762     0.001303
   1978    40-44   0.001392     0.002504     0.001937
   1978    45-49   0.001915     0.003402     0.002645
   1978    50-54   0.003606     0.005239     0.004385
   1978    55-59   0.005098     0.008485     0.006586
   1978    60-64   0.007408     0.014329     0.010475
   1978    65-69   0.013126     0.023686     0.017816
   1978    70-74   0.024770     0.040859     0.031887
   1978    75-79   0.049483     0.076005     0.060695
   1978    80-84   0.094151     0.129974     0.108098
   1978    85-89   0.174232     0.226515     0.192224
   1978    90-94   0.279018     0.338442     0.296274
   1978    95-99   0.367226     0.362989     0.366306
   1978   100-104  0.286360     0.375000     0.300540
   1978   105-109         .            .            .
   1978   110+            .            .            .
   1979     0      0.005328     0.006994     0.006185
   1979     1-4    0.000675     0.000763     0.000720
   1979     5-9    0.000149     0.000365     0.000260
   1979    10-14   0.000123     0.000156     0.000139
   1979    15-19   0.000333     0.000588     0.000460
   1979    20-24   0.000395     0.000760     0.000569
   1979    25-29   0.000461     0.000928     0.000689
   1979    30-34   0.000619     0.001129     0.000874
   1979    35-39   0.000991     0.001273     0.001132
   1979    40-44   0.001339     0.002496     0.001907
   1979    45-49   0.002005     0.003824     0.002897
   1979    50-54   0.003273     0.005560     0.004373
   1979    55-59   0.004256     0.008126     0.005974
   1979    60-64   0.007021     0.013110     0.009700
   1979    65-69   0.012326     0.023251     0.017150
   1979    70-74   0.025429     0.041971     0.032714
   1979    75-79   0.047975     0.069203     0.056927
   1979    80-84   0.086242     0.122239     0.100259
   1979    85-89   0.149192     0.176765     0.158710
   1979    90-94   0.234134     0.290016     0.250373
   1979    95-99   0.388937     0.416246     0.394812
   1979   100-104  0.339623     0.428571     0.350000
   1979   105-109  0.000000            .     0.000000
   1979   110+            .            .            .
   1980     0      0.007511     0.008747     0.008146
   1980     1-4    0.000527     0.000773     0.000653
   1980     5-9    0.000221     0.000279     0.000251
   1980    10-14   0.000095     0.000193     0.000145
   1980    15-19   0.000353     0.000623     0.000489
   1980    20-24   0.000377     0.000924     0.000635
   1980    25-29   0.000490     0.000978     0.000730
   1980    30-34   0.000576     0.001042     0.000810
   1980    35-39   0.000856     0.001398     0.001128
   1980    40-44   0.001235     0.001948     0.001586
   1980    45-49   0.002296     0.003507     0.002889
   1980    50-54   0.002758     0.004911     0.003801
   1980    55-59   0.004769     0.007696     0.006087
   1980    60-64   0.007563     0.012681     0.009796
   1980    65-69   0.012374     0.024518     0.017712
   1980    70-74   0.023601     0.039632     0.030621
   1980    75-79   0.047811     0.076849     0.060013
   1980    80-84   0.089776     0.121862     0.102324
   1980    85-89   0.164467     0.194040     0.174721
   1980    90-94   0.270898     0.322843     0.286209
   1980    95-99   0.340741     0.406719     0.355633
   1980   100-104  0.473684     1.800000     0.580645
   1980   105-109  0.000000            .     0.000000
   1980   110+            .            .            .
   1981     0      0.005026     0.006810     0.005947
   1981     1-4    0.000492     0.000816     0.000659
   1981     5-9    0.000148     0.000256     0.000203
   1981    10-14   0.000249     0.000236     0.000242
   1981    15-19   0.000243     0.000551     0.000399
   1981    20-24   0.000355     0.001032     0.000675
   1981    25-29   0.000441     0.000743     0.000590
   1981    30-34   0.000561     0.000979     0.000771
   1981    35-39   0.000695     0.001603     0.001150
   1981    40-44   0.001181     0.002393     0.001782
   1981    45-49   0.001742     0.003404     0.002554
   1981    50-54   0.003333     0.005249     0.004266
   1981    55-59   0.004164     0.006444     0.005211
   1981    60-64   0.006357     0.012067     0.008829
   1981    65-69   0.011680     0.022971     0.016616
   1981    70-74   0.021940     0.039240     0.029463
   1981    75-79   0.043804     0.071900     0.055575
   1981    80-84   0.081437     0.116429     0.095143
   1981    85-89   0.148478     0.191857     0.163541
   1981    90-94   0.244512     0.285882     0.256909
   1981    95-99   0.282655     0.380873     0.306180
   1981   100-104  0.517241     0.000000     0.491803
   1981   105-109  2.000000            .     2.000000
   1981   110+            .            .            .
   1982     0      0.005377     0.007032     0.006233
   1982     1-4    0.000511     0.000968     0.000746
   1982     5-9    0.000174     0.000331     0.000254
   1982    10-14   0.000077     0.000242     0.000161
   1982    15-19   0.000167     0.000600     0.000385
   1982    20-24   0.000316     0.000798     0.000547
   1982    25-29   0.000398     0.000928     0.000660
   1982    30-34   0.000437     0.001080     0.000760
   1982    35-39   0.000852     0.001282     0.001068
   1982    40-44   0.001113     0.001519     0.001316
   1982    45-49   0.001617     0.003131     0.002356
   1982    50-54   0.002685     0.004797     0.003715
   1982    55-59   0.004093     0.007057     0.005479
   1982    60-64   0.006329     0.012379     0.008941
   1982    65-69   0.011145     0.020481     0.015210
   1982    70-74   0.020871     0.036190     0.027469
   1982    75-79   0.040937     0.064687     0.050884
   1982    80-84   0.082268     0.106376     0.091733
   1982    85-89   0.145146     0.183738     0.158621
   1982    90-94   0.223889     0.235844     0.227520
   1982    95-99   0.357099     0.361580     0.358235
   1982   100-104  0.653465     0.666667     0.655462
   1982   105-109  0.000000            .     0.000000
   1982   110+            .            .            .
   1983     0      0.006249     0.007205     0.006742
   1983     1-4    0.000381     0.000702     0.000546
   1983     5-9    0.000127     0.000229     0.000180
   1983    10-14   0.000150     0.000249     0.000201
   1983    15-19   0.000167     0.000542     0.000356
   1983    20-24   0.000546     0.001008     0.000771
   1983    25-29   0.000520     0.001019     0.000767
   1983    30-34   0.000620     0.001007     0.000814
   1983    35-39   0.000826     0.001356     0.001093
   1983    40-44   0.001353     0.002268     0.001811
   1983    45-49   0.001801     0.003362     0.002564
   1983    50-54   0.002691     0.004955     0.003796
   1983    55-59   0.003842     0.006708     0.005199
   1983    60-64   0.006185     0.011732     0.008590
   1983    65-69   0.010293     0.020386     0.014675
   1983    70-74   0.019588     0.035198     0.026262
   1983    75-79   0.038989     0.065453     0.050044
   1983    80-84   0.075269     0.110763     0.089241
   1983    85-89   0.145029     0.178149     0.156592
   1983    90-94   0.241999     0.269164     0.250332
   1983    95-99   0.331510     0.463218     0.363903
   1983   100-104  1.066667     0.000000     0.800000
   1983   105-109  0.000000            .     0.000000
   1983   110+            .            .            .
   1984     0      0.004940     0.006484     0.005731
   1984     1-4    0.000393     0.000575     0.000486
   1984     5-9    0.000158     0.000262     0.000211
   1984    10-14   0.000111     0.000187     0.000150
   1984    15-19   0.000165     0.000647     0.000409
   1984    20-24   0.000424     0.000730     0.000573
   1984    25-29   0.000558     0.000944     0.000749
   1984    30-34   0.000482     0.000755     0.000619
   1984    35-39   0.000801     0.001338     0.001072
   1984    40-44   0.001161     0.001768     0.001466
   1984    45-49   0.001785     0.003383     0.002568
   1984    50-54   0.002647     0.005580     0.004079
   1984    55-59   0.004186     0.007568     0.005802
   1984    60-64   0.005762     0.011798     0.008407
   1984    65-69   0.010813     0.018665     0.014202
   1984    70-74   0.018805     0.034192     0.025358
   1984    75-79   0.037278     0.065425     0.048969
   1984    80-84   0.078536     0.112122     0.091685
   1984    85-89   0.138670     0.188584     0.156148
   1984    90-94   0.221110     0.294425     0.243379
   1984    95-99   0.336046     0.314521     0.330717
   1984   100-104  0.638298     0.285714     0.529412
   1984   105-109  0.750000            .     0.750000
   1984   110+            .            .            .
   1985     0      0.005883     0.006406     0.006151
   1985     1-4    0.000541     0.000513     0.000527
   1985     5-9    0.000122     0.000233     0.000179
   1985    10-14   0.000158     0.000196     0.000178
   1985    15-19   0.000321     0.000649     0.000488
   1985    20-24   0.000410     0.000815     0.000606
   1985    25-29   0.000322     0.000783     0.000551
   1985    30-34   0.000514     0.000921     0.000718
   1985    35-39   0.000783     0.001388     0.001089
   1985    40-44   0.001163     0.001984     0.001576
   1985    45-49   0.001657     0.002850     0.002244
   1985    50-54   0.002975     0.005231     0.004075
   1985    55-59   0.003474     0.007427     0.005374
   1985    60-64   0.005915     0.010943     0.008154
   1985    65-69   0.009892     0.019777     0.014122
   1985    70-74   0.018879     0.033167     0.024952
   1985    75-79   0.037649     0.063253     0.048218
   1985    80-84   0.071875     0.108796     0.086228
   1985    85-89   0.134086     0.174924     0.148388
   1985    90-94   0.218439     0.277078     0.235990
   1985    95-99   0.353577     0.476208     0.384978
   1985   100-104  0.813559     0.789474     0.807692
   1985   105-109  0.000000            .     0.000000
   1985   110+            .            .            .
   1986     0      0.005592     0.007697     0.006671
   1986     1-4    0.000427     0.000504     0.000466
   1986     5-9    0.000141     0.000282     0.000213
   1986    10-14   0.000110     0.000186     0.000149
   1986    15-19   0.000195     0.000619     0.000411
   1986    20-24   0.000509     0.000928     0.000713
   1986    25-29   0.000505     0.000889     0.000697
   1986    30-34   0.000655     0.000918     0.000788
   1986    35-39   0.000768     0.001442     0.001109
   1986    40-44   0.001079     0.001960     0.001522
   1986    45-49   0.001574     0.002885     0.002223
   1986    50-54   0.002709     0.004721     0.003687
   1986    55-59   0.003390     0.007114     0.005189
   1986    60-64   0.005397     0.009437     0.007233
   1986    65-69   0.009202     0.018318     0.013072
   1986    70-74   0.017073     0.030936     0.022941
   1986    75-79   0.033205     0.056219     0.042658
   1986    80-84   0.067475     0.102763     0.081119
   1986    85-89   0.127346     0.177612     0.144834
   1986    90-94   0.225220     0.255864     0.234461
   1986    95-99   0.392360     0.371858     0.387124
   1986   100-104  0.248276     0.324324     0.263736
   1986   105-109  0.000000            .     0.000000
   1986   110+     0.000000            .     0.000000
   1987     0      0.004846     0.005077     0.004965
   1987     1-4    0.000288     0.000394     0.000342
   1987     5-9    0.000147     0.000181     0.000164
   1987    10-14   0.000136     0.000141     0.000139
   1987    15-19   0.000152     0.000603     0.000381
   1987    20-24   0.000415     0.000572     0.000493
   1987    25-29   0.000327     0.000794     0.000559
   1987    30-34   0.000469     0.000815     0.000644
   1987    35-39   0.000525     0.001300     0.000917
   1987    40-44   0.001069     0.002088     0.001582
   1987    45-49   0.001573     0.002722     0.002145
   1987    50-54   0.002882     0.004866     0.003846
   1987    55-59   0.003281     0.006852     0.005009
   1987    60-64   0.005522     0.009989     0.007589
   1987    65-69   0.009517     0.016539     0.012491
   1987    70-74   0.016081     0.030648     0.022226
   1987    75-79   0.032771     0.056381     0.042416
   1987    80-84   0.066718     0.099613     0.079409
   1987    85-89   0.118898     0.167468     0.135705
   1987    90-94   0.210289     0.243033     0.220248
   1987    95-99   0.329254     0.352887     0.335668
   1987   100-104  0.319149     0.638298     0.382979
   1987   105-109  3.000000            .     3.000000
   1987   110+     0.000000            .     0.000000
   1988     0      0.005681     0.004844     0.005250
   1988     1-4    0.000399     0.000261     0.000328
   1988     5-9    0.000152     0.000230     0.000192
   1988    10-14   0.000101     0.000132     0.000117
   1988    15-19   0.000249     0.000593     0.000423
   1988    20-24   0.000300     0.000917     0.000605
   1988    25-29   0.000508     0.000581     0.000545
   1988    30-34   0.000560     0.000777     0.000670
   1988    35-39   0.000759     0.001223     0.000993
   1988    40-44   0.001020     0.001866     0.001447
   1988    45-49   0.001680     0.002955     0.002317
   1988    50-54   0.001999     0.004501     0.003217
   1988    55-59   0.003475     0.006735     0.005054
   1988    60-64   0.005283     0.009951     0.007471
   1988    65-69   0.009680     0.017538     0.013026
   1988    70-74   0.015886     0.031590     0.022487
   1988    75-79   0.032008     0.055379     0.041498
   1988    80-84   0.069134     0.101034     0.081447
   1988    85-89   0.130227     0.172730     0.144945
   1988    90-94   0.213180     0.266605     0.229289
   1988    95-99   0.353814     0.465346     0.382823
   1988   100-104  0.405063     1.024390     0.496403
   1988   105-109         .            .            .
   1988   110+     0.000000            .     0.000000
   1989     0      0.004433     0.004379     0.004405
   1989     1-4    0.000389     0.000247     0.000316
   1989     5-9    0.000047     0.000251     0.000152
   1989    10-14   0.000078     0.000124     0.000102
   1989    15-19   0.000383     0.000344     0.000363
   1989    20-24   0.000360     0.000833     0.000594
   1989    25-29   0.000397     0.000682     0.000539
   1989    30-34   0.000533     0.000666     0.000600
   1989    35-39   0.000569     0.000903     0.000738
   1989    40-44   0.001261     0.001855     0.001562
   1989    45-49   0.001452     0.002577     0.002016
   1989    50-54   0.002391     0.004501     0.003422
   1989    55-59   0.002886     0.006385     0.004580
   1989    60-64   0.005047     0.009940     0.007361
   1989    65-69   0.008704     0.016619     0.012116
   1989    70-74   0.016131     0.029718     0.021808
   1989    75-79   0.028837     0.054428     0.039181
   1989    80-84   0.061331     0.096578     0.074891
   1989    85-89   0.115374     0.160369     0.130932
   1989    90-94   0.209482     0.232440     0.216349
   1989    95-99   0.372047     0.392118     0.377021
   1989   100-104  0.435986     0.452830     0.438596
   1989   105-109  0.000000            .     0.000000
   1989   110+     0.000000            .     0.000000
   1990     0      0.003516     0.005264     0.004410
   1990     1-4    0.000377     0.000612     0.000498
   1990     5-9    0.000159     0.000197     0.000178
   1990    10-14   0.000135     0.000154     0.000145
   1990    15-19   0.000279     0.000523     0.000404
   1990    20-24   0.000397     0.001005     0.000697
   1990    25-29   0.000327     0.000668     0.000498
   1990    30-34   0.000541     0.000614     0.000578
   1990    35-39   0.000771     0.000944     0.000859
   1990    40-44   0.000926     0.001464     0.001199
   1990    45-49   0.001467     0.002775     0.002124
   1990    50-54   0.002124     0.004653     0.003365
   1990    55-59   0.003202     0.006616     0.004852
   1990    60-64   0.005371     0.011113     0.008102
   1990    65-69   0.007726     0.016019     0.011361
   1990    70-74   0.014864     0.029067     0.020752
   1990    75-79   0.029052     0.053585     0.038938
   1990    80-84   0.059272     0.094828     0.072858
   1990    85-89   0.113843     0.165018     0.131477
   1990    90-94   0.207864     0.255513     0.222124
   1990    95-99   0.334724     0.403039     0.351540
   1990   100-104  0.483871     0.300000     0.446154
   1990   105-109  0.461538            .     0.461538
   1990   110+     3.000000            .     3.000000
   1991     0      0.004746     0.004732     0.004739
   1991     1-4    0.000454     0.000389     0.000421
   1991     5-9    0.000065     0.000185     0.000126
   1991    10-14   0.000056     0.000147     0.000103
   1991    15-19   0.000184     0.000478     0.000334
   1991    20-24   0.000260     0.000679     0.000467
   1991    25-29   0.000380     0.000586     0.000484
   1991    30-34   0.000209     0.000780     0.000497
   1991    35-39   0.000837     0.001012     0.000926
   1991    40-44   0.000881     0.001744     0.001319
   1991    45-49   0.001559     0.002722     0.002144
   1991    50-54   0.002486     0.003885     0.003177
   1991    55-59   0.003508     0.006498     0.004950
   1991    60-64   0.004701     0.010426     0.007436
   1991    65-69   0.007734     0.016673     0.011729
   1991    70-74   0.014469     0.027907     0.020002
   1991    75-79   0.029055     0.049514     0.037270
   1991    80-84   0.056945     0.091636     0.070134
   1991    85-89   0.113933     0.159104     0.129392
   1991    90-94   0.198155     0.276590     0.221304
   1991    95-99   0.312798     0.355440     0.323720
   1991   100-104  0.501493     0.488372     0.498812
   1991   105-109  1.090909            .     1.090909
   1991   110+            .            .            .
   1992     0      0.004219     0.004941     0.004589
   1992     1-4    0.000301     0.000309     0.000305
   1992     5-9    0.000181     0.000235     0.000209
   1992    10-14   0.000088     0.000180     0.000135
   1992    15-19   0.000256     0.000687     0.000476
   1992    20-24   0.000280     0.000872     0.000577
   1992    25-29   0.000428     0.000648     0.000539
   1992    30-34   0.000549     0.000698     0.000624
   1992    35-39   0.000750     0.000959     0.000857
   1992    40-44   0.000979     0.001762     0.001376
   1992    45-49   0.001558     0.002848     0.002207
   1992    50-54   0.002240     0.004491     0.003357
   1992    55-59   0.003432     0.006543     0.004934
   1992    60-64   0.005651     0.010304     0.007879
   1992    65-69   0.007837     0.017187     0.012087
   1992    70-74   0.013788     0.027942     0.019602
   1992    75-79   0.027978     0.054846     0.038736
   1992    80-84   0.056528     0.093497     0.070497
   1992    85-89   0.115076     0.171935     0.134335
   1992    90-94   0.187346     0.273430     0.212192
   1992    95-99   0.311253     0.363994     0.325070
   1992   100-104  0.547380     0.486983     0.532514
   1992   105-109  0.857143            .     0.857143
   1992   110+            .            .            .
   1993     0      0.002826     0.003506     0.003176
   1993     1-4    0.000304     0.000671     0.000492
   1993     5-9    0.000101     0.000193     0.000148
   1993    10-14   0.000090     0.000114     0.000103
   1993    15-19   0.000213     0.000491     0.000355
   1993    20-24   0.000225     0.000659     0.000445
   1993    25-29   0.000337     0.000683     0.000512
   1993    30-34   0.000466     0.000727     0.000598
   1993    35-39   0.000646     0.001280     0.000970
   1993    40-44   0.001044     0.001466     0.001259
   1993    45-49   0.001497     0.002631     0.002069
   1993    50-54   0.002232     0.004413     0.003319
   1993    55-59   0.003101     0.006662     0.004824
   1993    60-64   0.004399     0.010417     0.007283
   1993    65-69   0.007363     0.015945     0.011313
   1993    70-74   0.014338     0.027313     0.019695
   1993    75-79   0.027056     0.051087     0.036644
   1993    80-84   0.054526     0.086040     0.066356
   1993    85-89   0.106826     0.155444     0.123160
   1993    90-94   0.201513     0.247016     0.214618
   1993    95-99   0.301894     0.399805     0.326355
   1993   100-104  0.518106     0.711864     0.566038
   1993   105-109  0.000000     0.000000     0.000000
   1993   110+            .            .            .
   1994     0      0.003700     0.004042     0.003876
   1994     1-4    0.000403     0.000384     0.000393
   1994     5-9    0.000034     0.000196     0.000117
   1994    10-14   0.000093     0.000176     0.000135
   1994    15-19   0.000133     0.000638     0.000391
   1994    20-24   0.000367     0.000728     0.000551
   1994    25-29   0.000346     0.000922     0.000638
   1994    30-34   0.000532     0.000817     0.000677
   1994    35-39   0.000680     0.000842     0.000762
   1994    40-44   0.000952     0.001618     0.001291
   1994    45-49   0.001514     0.002647     0.002088
   1994    50-54   0.002251     0.004133     0.003192
   1994    55-59   0.003225     0.006343     0.004737
   1994    60-64   0.004664     0.010548     0.007485
   1994    65-69   0.007068     0.017170     0.011755
   1994    70-74   0.013322     0.028223     0.019547
   1994    75-79   0.027165     0.049472     0.036021
   1994    80-84   0.053432     0.089933     0.067099
   1994    85-89   0.100380     0.146826     0.115938
   1994    90-94   0.201947     0.275391     0.223052
   1994    95-99   0.309755     0.338316     0.316651
   1994   100-104  0.540146     0.734694     0.577603
   1994   105-109  0.782609     0.000000     0.562500
   1994   110+            .            .            .
   1995     0      0.002840     0.003557     0.003206
   1995     1-4    0.000286     0.000341     0.000314
   1995     5-9    0.000105     0.000117     0.000111
   1995    10-14   0.000126     0.000165     0.000146
   1995    15-19   0.000165     0.000445     0.000308
   1995    20-24   0.000298     0.000671     0.000487
   1995    25-29   0.000326     0.000833     0.000585
   1995    30-34   0.000255     0.000898     0.000582
   1995    35-39   0.000734     0.001007     0.000872
   1995    40-44   0.000915     0.001328     0.001125
   1995    45-49   0.001281     0.002468     0.001884
   1995    50-54   0.002010     0.004026     0.003021
   1995    55-59   0.003384     0.006528     0.004916
   1995    60-64   0.004699     0.009977     0.007227
   1995    65-69   0.007255     0.016667     0.011648
   1995    70-74   0.012552     0.026315     0.018393
   1995    75-79   0.023609     0.049562     0.033823
   1995    80-84   0.050961     0.086826     0.064336
   1995    85-89   0.100155     0.142778     0.114403
   1995    90-94   0.188137     0.244197     0.204047
   1995    95-99   0.289919     0.374261     0.309788
   1995   100-104  0.478599     0.457627     0.474684
   1995   105-109  0.260870     0.000000     0.171429
   1995   110+            .            .            .
   1996     0      0.003620     0.001859     0.002717
   1996     1-4    0.000190     0.000522     0.000360
   1996     5-9    0.000090     0.000188     0.000140
   1996    10-14   0.000080     0.000215     0.000149
   1996    15-19   0.000291     0.000424     0.000359
   1996    20-24   0.000290     0.000524     0.000408
   1996    25-29   0.000403     0.000481     0.000443
   1996    30-34   0.000450     0.000728     0.000592
   1996    35-39   0.000568     0.001111     0.000843
   1996    40-44   0.000945     0.001577     0.001268
   1996    45-49   0.001459     0.002528     0.002002
   1996    50-54   0.002344     0.004469     0.003409
   1996    55-59   0.002862     0.005844     0.004324
   1996    60-64   0.004309     0.010776     0.007401
   1996    65-69   0.006654     0.016303     0.011180
   1996    70-74   0.011845     0.025767     0.017866
   1996    75-79   0.024302     0.046274     0.032886
   1996    80-84   0.049428     0.081645     0.061387
   1996    85-89   0.097720     0.146488     0.113928
   1996    90-94   0.180206     0.235715     0.195918
   1996    95-99   0.307066     0.357044     0.318358
   1996   100-104  0.459283     0.499904     0.467514
   1996   105-109  0.600000     0.545455     0.580645
   1996   110+            .            .            .
   1997     0      0.002436     0.003023     0.002739
   1997     1-4    0.000311     0.000274     0.000292
   1997     5-9    0.000164     0.000174     0.000169
   1997    10-14   0.000049     0.000125     0.000088
   1997    15-19   0.000161     0.000495     0.000332
   1997    20-24   0.000306     0.000669     0.000491
   1997    25-29   0.000379     0.000827     0.000610
   1997    30-34   0.000431     0.000860     0.000650
   1997    35-39   0.000539     0.001140     0.000844
   1997    40-44   0.000848     0.001618     0.001242
   1997    45-49   0.001342     0.002644     0.002004
   1997    50-54   0.002083     0.004346     0.003218
   1997    55-59   0.002552     0.005922     0.004214
   1997    60-64   0.004550     0.010225     0.007262
   1997    65-69   0.007050     0.015359     0.010955
   1997    70-74   0.012049     0.025293     0.017881
   1997    75-79   0.022189     0.043558     0.030527
   1997    80-84   0.047022     0.084763     0.060962
   1997    85-89   0.096375     0.142649     0.111671
   1997    90-94   0.172844     0.227522     0.188278
   1997    95-99   0.269134     0.355054     0.288677
   1997   100-104  0.454418     0.492298     0.462157
   1997   105-109  1.800000     1.333333     1.578947
   1997   110+            .            .            .
   1998     0      0.002928     0.003749     0.003352
   1998     1-4    0.000264     0.000479     0.000374
   1998     5-9    0.000148     0.000106     0.000127
   1998    10-14   0.000017     0.000159     0.000089
   1998    15-19   0.000292     0.000478     0.000387
   1998    20-24   0.000278     0.000698     0.000492
   1998    25-29   0.000431     0.000676     0.000557
   1998    30-34   0.000437     0.000616     0.000529
   1998    35-39   0.000600     0.001048     0.000827
   1998    40-44   0.000778     0.001645     0.001222
   1998    45-49   0.001563     0.002606     0.002093
   1998    50-54   0.001877     0.003999     0.002943
   1998    55-59   0.002746     0.006044     0.004378
   1998    60-64   0.004655     0.009857     0.007144
   1998    65-69   0.006913     0.015619     0.011012
   1998    70-74   0.010771     0.024609     0.016944
   1998    75-79   0.021941     0.043515     0.030408
   1998    80-84   0.047792     0.079372     0.059403
   1998    85-89   0.086951     0.134596     0.102620
   1998    90-94   0.164681     0.224573     0.181419
   1998    95-99   0.279775     0.308996     0.286544
   1998   100-104  0.417149     0.524625     0.437868
   1998   105-109  0.000000     0.000000     0.000000
   1998   110+            .            .            .
   1999     0      0.002557     0.002577     0.002568
   1999     1-4    0.000289     0.000228     0.000257
   1999     5-9    0.000112     0.000126     0.000119
   1999    10-14   0.000085     0.000097     0.000091
   1999    15-19   0.000213     0.000545     0.000382
   1999    20-24   0.000352     0.000833     0.000596
   1999    25-29   0.000212     0.000755     0.000492
   1999    30-34   0.000474     0.000978     0.000732
   1999    35-39   0.000571     0.001220     0.000901
   1999    40-44   0.000767     0.001680     0.001233
   1999    45-49   0.001444     0.002429     0.001944
   1999    50-54   0.002118     0.004083     0.003108
   1999    55-59   0.002776     0.006055     0.004401
   1999    60-64   0.004594     0.009801     0.007091
   1999    65-69   0.007415     0.015535     0.011243
   1999    70-74   0.011212     0.026056     0.017888
   1999    75-79   0.021386     0.043180     0.030041
   1999    80-84   0.047335     0.076163     0.057875
   1999    85-89   0.088139     0.139424     0.104953
   1999    90-94   0.160521     0.225165     0.178434
   1999    95-99   0.272709     0.401073     0.302011
   1999   100-104  0.370722     0.379776     0.372388
   1999   105-109  0.857143     0.000000     0.705882
   1999   110+            .     0.000000     0.000000
   2000     0      0.002587     0.002626     0.002607
   2000     1-4    0.000267     0.000390     0.000330
   2000     5-9    0.000263     0.000180     0.000221
   2000    10-14   0.000158     0.000150     0.000154
   2000    15-19   0.000159     0.000560     0.000364
   2000    20-24   0.000344     0.000769     0.000559
   2000    25-29   0.000306     0.000819     0.000571
   2000    30-34   0.000424     0.000759     0.000596
   2000    35-39   0.000487     0.001004     0.000750
   2000    40-44   0.000762     0.001652     0.001214
   2000    45-49   0.001206     0.002644     0.001937
   2000    50-54   0.002025     0.004240     0.003144
   2000    55-59   0.002423     0.006983     0.004684
   2000    60-64   0.003805     0.009680     0.006633
   2000    65-69   0.006655     0.014700     0.010445
   2000    70-74   0.010300     0.024853     0.016889
   2000    75-79   0.020528     0.041905     0.029159
   2000    80-84   0.041068     0.080344     0.055298
   2000    85-89   0.083406     0.126742     0.097594
   2000    90-94   0.153358     0.219835     0.171604
   2000    95-99   0.258599     0.368368     0.282544
   2000   100-104  0.358115     0.718380     0.412843
   2000   105-109  0.529412     1.200000     0.615385
   2000   110+            .     3.000000     3.000000
   2001     0      0.002184     0.001861     0.002017
   2001     1-4    0.000245     0.000369     0.000309
   2001     5-9    0.000133     0.000054     0.000093
   2001    10-14   0.000108     0.000120     0.000114
   2001    15-19   0.000194     0.000508     0.000355
   2001    20-24   0.000427     0.000937     0.000686
   2001    25-29   0.000419     0.000771     0.000601
   2001    30-34   0.000394     0.000785     0.000595
   2001    35-39   0.000652     0.001118     0.000890
   2001    40-44   0.000771     0.001748     0.001266
   2001    45-49   0.001539     0.002302     0.001928
   2001    50-54   0.001793     0.003715     0.002764
   2001    55-59   0.002699     0.005995     0.004333
   2001    60-64   0.003814     0.008811     0.006234
   2001    65-69   0.006217     0.013944     0.009849
   2001    70-74   0.010808     0.024749     0.017156
   2001    75-79   0.019637     0.040853     0.028382
   2001    80-84   0.038645     0.072083     0.050650
   2001    85-89   0.081749     0.123172     0.095276
   2001    90-94   0.155172     0.206825     0.169340
   2001    95-99   0.260451     0.322347     0.273891
   2001   100-104  0.377915     0.526279     0.397057
   2001   105-109  0.610169     0.000000     0.529412
   2001   110+            .            .            .
   2002     0      0.001904     0.001605     0.001750
   2002     1-4    0.000172     0.000393     0.000286
   2002     5-9    0.000095     0.000109     0.000102
   2002    10-14   0.000055     0.000105     0.000080
   2002    15-19   0.000274     0.000367     0.000322
   2002    20-24   0.000325     0.000907     0.000621
   2002    25-29   0.000315     0.000713     0.000520
   2002    30-34   0.000299     0.000750     0.000532
   2002    35-39   0.000665     0.000914     0.000792
   2002    40-44   0.000821     0.001468     0.001149
   2002    45-49   0.001166     0.002632     0.001914
   2002    50-54   0.001792     0.004036     0.002924
   2002    55-59   0.002671     0.005884     0.004265
   2002    60-64   0.003669     0.008735     0.006138
   2002    65-69   0.006240     0.014670     0.010202
   2002    70-74   0.010694     0.023336     0.016468
   2002    75-79   0.018490     0.040796     0.027856
   2002    80-84   0.036300     0.072598     0.049319
   2002    85-89   0.075160     0.130452     0.093083
   2002    90-94   0.144803     0.202262     0.160580
   2002    95-99   0.232335     0.344393     0.256674
   2002   100-104  0.420993     0.741271     0.460281
   2002   105-109  0.394737     2.000000     0.512195
   2002   110+            .            .            .
   2003     0      0.001952     0.002554     0.002260
   2003     1-4    0.000198     0.000233     0.000216
   2003     5-9    0.000134     0.000145     0.000140
   2003    10-14   0.000055     0.000124     0.000090
   2003    15-19   0.000212     0.000442     0.000329
   2003    20-24   0.000253     0.000764     0.000514
   2003    25-29   0.000252     0.000590     0.000426
   2003    30-34   0.000479     0.000725     0.000607
   2003    35-39   0.000465     0.000894     0.000684
   2003    40-44   0.000790     0.001809     0.001307
   2003    45-49   0.001104     0.002482     0.001806
   2003    50-54   0.001893     0.004033     0.002971
   2003    55-59   0.002691     0.005901     0.004287
   2003    60-64   0.003825     0.008816     0.006267
   2003    65-69   0.006034     0.013434     0.009522
   2003    70-74   0.009817     0.022927     0.015820
   2003    75-79   0.017711     0.038337     0.026480
   2003    80-84   0.037219     0.067272     0.048076
   2003    85-89   0.073240     0.125957     0.090161
   2003    90-94   0.144985     0.208476     0.162286
   2003    95-99   0.219777     0.353150     0.247957
   2003   100-104  0.372420     0.514340     0.391493
   2003   105-109  0.420000            .     0.420000
   2003   110+            .            .            .
   2004     0      0.001473     0.002720     0.002111
   2004     1-4    0.000226     0.000403     0.000317
   2004     5-9    0.000135     0.000182     0.000159
   2004    10-14   0.000112     0.000144     0.000128
   2004    15-19   0.000099     0.000379     0.000242
   2004    20-24   0.000341     0.000554     0.000450
   2004    25-29   0.000310     0.000589     0.000453
   2004    30-34   0.000446     0.000845     0.000653
   2004    35-39   0.000487     0.001079     0.000790
   2004    40-44   0.000874     0.001552     0.001218
   2004    45-49   0.001389     0.002397     0.001900
   2004    50-54   0.001890     0.004391     0.003149
   2004    55-59   0.002881     0.005935     0.004403
   2004    60-64   0.003704     0.009196     0.006397
   2004    65-69   0.005259     0.012823     0.008836
   2004    70-74   0.010148     0.022757     0.015933
   2004    75-79   0.018411     0.040275     0.027781
   2004    80-84   0.035982     0.065057     0.046657
   2004    85-89   0.071707     0.124739     0.088546
   2004    90-94   0.140478     0.203387     0.157499
   2004    95-99   0.234638     0.329508     0.254318
   2004   100-104  0.415544     0.597082     0.441143
   2004   105-109  0.335664     6.000000     0.375000
   2004   110+            .            .            .
   2005     0      0.002410     0.002078     0.002240
   2005     1-4    0.000204     0.000291     0.000249
   2005     5-9    0.000019     0.000055     0.000038
   2005    10-14   0.000075     0.000144     0.000111
   2005    15-19   0.000337     0.000455     0.000398
   2005    20-24   0.000383     0.000974     0.000686
   2005    25-29   0.000276     0.000817     0.000554
   2005    30-34   0.000400     0.000801     0.000608
   2005    35-39   0.000528     0.001313     0.000930
   2005    40-44   0.000771     0.001822     0.001305
   2005    45-49   0.001254     0.002189     0.001727
   2005    50-54   0.002022     0.003628     0.002830
   2005    55-59   0.002643     0.005498     0.004068
   2005    60-64   0.003822     0.009421     0.006570
   2005    65-69   0.005527     0.012553     0.008865
   2005    70-74   0.009427     0.023471     0.015869
   2005    75-79   0.018072     0.038175     0.026750
   2005    80-84   0.035920     0.071843     0.049369
   2005    85-89   0.072070     0.124021     0.088382
   2005    90-94   0.143606     0.219690     0.163986
   2005    95-99   0.235909     0.327506     0.254781
   2005   100-104  0.356820     0.460687     0.370835
   2005   105-109  0.820144     6.000000     0.857143
   2005   110+     0.000000            .     0.000000
   2006     0      0.001226     0.002962     0.002116
   2006     1-4    0.000131     0.000199     0.000166
   2006     5-9    0.000078     0.000000     0.000038
   2006    10-14   0.000133     0.000127     0.000130
   2006    15-19   0.000199     0.000343     0.000273
   2006    20-24   0.000355     0.000640     0.000500
   2006    25-29   0.000325     0.000742     0.000540
   2006    30-34   0.000347     0.000562     0.000458
   2006    35-39   0.000379     0.001249     0.000826
   2006    40-44   0.000812     0.001313     0.001067
   2006    45-49   0.001062     0.002328     0.001701
   2006    50-54   0.001662     0.003802     0.002742
   2006    55-59   0.002403     0.005680     0.004039
   2006    60-64   0.004000     0.008930     0.006419
   2006    65-69   0.005425     0.012413     0.008768
   2006    70-74   0.009524     0.020448     0.014529
   2006    75-79   0.017999     0.037273     0.026383
   2006    80-84   0.034700     0.065762     0.046598
   2006    85-89   0.069255     0.114313     0.083326
   2006    90-94   0.135619     0.208534     0.154893
   2006    95-99   0.240341     0.317186     0.256213
   2006   100-104  0.361114     0.495664     0.378546
   2006   105-109  0.619048     6.000000     0.661417
   2006   110+     4.000000            .     4.000000
   2007     0      0.001882     0.001986     0.001936
   2007     1-4    0.000215     0.000077     0.000144
   2007     5-9    0.000079     0.000074     0.000077
   2007    10-14   0.000115     0.000109     0.000112
   2007    15-19   0.000165     0.000198     0.000181
   2007    20-24   0.000312     0.000579     0.000448
   2007    25-29   0.000397     0.000475     0.000437
   2007    30-34   0.000326     0.000628     0.000482
   2007    35-39   0.000471     0.000820     0.000651
   2007    40-44   0.000762     0.001442     0.001108
   2007    45-49   0.001064     0.002158     0.001616
   2007    50-54   0.001651     0.003238     0.002454
   2007    55-59   0.002649     0.005618     0.004130
   2007    60-64   0.003559     0.008759     0.006115
   2007    65-69   0.005389     0.012895     0.009002
   2007    70-74   0.009139     0.021195     0.014671
   2007    75-79   0.017457     0.037260     0.026109
   2007    80-84   0.033153     0.067822     0.046670
   2007    85-89   0.071146     0.118090     0.085869
   2007    90-94   0.138330     0.209694     0.157050
   2007    95-99   0.234676     0.326243     0.253440
   2007   100-104  0.399743     0.412678     0.401455
   2007   105-109  0.475610     1.500000     0.500000
   2007   110+            .            .            .
   2008     0      0.001571     0.002136     0.001860
   2008     1-4    0.000219     0.000234     0.000227
   2008     5-9    0.000040     0.000075     0.000058
   2008    10-14   0.000058     0.000073     0.000065
   2008    15-19   0.000171     0.000413     0.000294
   2008    20-24   0.000313     0.000727     0.000524
   2008    25-29   0.000322     0.000625     0.000478
   2008    30-34   0.000382     0.000874     0.000635
   2008    35-39   0.000408     0.001148     0.000790
   2008    40-44   0.000621     0.001532     0.001085
   2008    45-49   0.001269     0.002327     0.001803
   2008    50-54   0.001864     0.003464     0.002673
   2008    55-59   0.002617     0.005319     0.003965
   2008    60-64   0.003746     0.008911     0.006291
   2008    65-69   0.005277     0.013427     0.009212
   2008    70-74   0.008864     0.020423     0.014188
   2008    75-79   0.017742     0.037353     0.026340
   2008    80-84   0.033192     0.066322     0.046297
   2008    85-89   0.067834     0.117939     0.083701
   2008    90-94   0.142585     0.203397     0.158446
   2008    95-99   0.246133     0.331948     0.263261
   2008   100-104  0.417014     0.471562     0.425137
   2008   105-109  0.591133     0.750000     0.597156
   2008   110+     0.000000            .     0.000000
   2009     0      0.001624     0.002664     0.002156
   2009     1-4    0.000111     0.000238     0.000176
   2009     5-9    0.000041     0.000038     0.000040
   2009    10-14   0.000077     0.000091     0.000084
   2009    15-19   0.000173     0.000376     0.000277
   2009    20-24   0.000367     0.000941     0.000661
   2009    25-29   0.000355     0.000613     0.000488
   2009    30-34   0.000415     0.000756     0.000590
   2009    35-39   0.000362     0.000911     0.000646
   2009    40-44   0.000778     0.001688     0.001242
   2009    45-49   0.001263     0.002271     0.001773
   2009    50-54   0.001691     0.003109     0.002406
   2009    55-59   0.002356     0.005473     0.003913
   2009    60-64   0.003524     0.008073     0.005771
   2009    65-69   0.004987     0.012068     0.008415
   2009    70-74   0.008994     0.019109     0.013671
   2009    75-79   0.015906     0.036069     0.024763
   2009    80-84   0.031406     0.063911     0.044430
   2009    85-89   0.064770     0.113237     0.080334
   2009    90-94   0.130656     0.193875     0.147071
   2009    95-99   0.226395     0.301188     0.241146
   2009   100-104  0.378050     0.456489     0.390232
   2009   105-109  0.768473     0.352941     0.736364
   2009   110+     3.000000            .     3.000000
   2010     0      0.001085     0.001823     0.001464
   2010     1-4    0.000254     0.000323     0.000290
   2010     5-9    0.000021     0.000118     0.000071
   2010    10-14   0.000020     0.000055     0.000038
   2010    15-19   0.000106     0.000365     0.000238
   2010    20-24   0.000244     0.000586     0.000418
   2010    25-29   0.000344     0.000802     0.000580
   2010    30-34   0.000340     0.000810     0.000582
   2010    35-39   0.000496     0.001023     0.000768
   2010    40-44   0.000771     0.001459     0.001123
   2010    45-49   0.001029     0.001994     0.001518
   2010    50-54   0.001874     0.002968     0.002424
   2010    55-59   0.002462     0.004982     0.003722
   2010    60-64   0.003297     0.007828     0.005542
   2010    65-69   0.004779     0.011530     0.008054
   2010    70-74   0.008501     0.019234     0.013490
   2010    75-79   0.016094     0.034870     0.024353
   2010    80-84   0.032032     0.064156     0.045001
   2010    85-89   0.066988     0.116750     0.083318
   2010    90-94   0.136132     0.203815     0.153562
   2010    95-99   0.248013     0.298884     0.258152
   2010   100-104  0.400194     0.527020     0.418967
   2010   105-109  0.527937     0.342857     0.505210
   2010   110+            .            .            .
   2011     0      0.002319     0.001488     0.001890
   2011     1-4    0.000260     0.000192     0.000225
   2011     5-9    0.000064     0.000121     0.000093
   2011    10-14   0.000099     0.000149     0.000125
   2011    15-19   0.000251     0.000358     0.000306
   2011    20-24   0.000356     0.000986     0.000677
   2011    25-29   0.000352     0.000824     0.000595
   2011    30-34   0.000356     0.000821     0.000596
   2011    35-39   0.000582     0.001008     0.000802
   2011    40-44   0.000746     0.001462     0.001113
   2011    45-49   0.001155     0.001931     0.001549
   2011    50-54   0.001643     0.003018     0.002334
   2011    55-59   0.002616     0.004871     0.003747
   2011    60-64   0.003610     0.007507     0.005541
   2011    65-69   0.005357     0.011846     0.008507
   2011    70-74   0.008971     0.019205     0.013763
   2011    75-79   0.016271     0.034653     0.024363
   2011    80-84   0.033617     0.062237     0.045241
   2011    85-89   0.065815     0.116284     0.082792
   2011    90-94   0.134379     0.197007     0.150364
   2011    95-99   0.244766     0.325718     0.260801
   2011   100-104  0.390960     0.539223     0.412164
   2011   105-109  0.598289     0.486486     0.585678
   2011   110+            .            .            .
   2012     0      0.002349     0.001398     0.001859
   2012     1-4    0.000176     0.000140     0.000158
   2012     5-9    0.000065     0.000103     0.000084
   2012    10-14   0.000000     0.000074     0.000038
   2012    15-19   0.000258     0.000303     0.000281
   2012    20-24   0.000355     0.000880     0.000622
   2012    25-29   0.000362     0.000524     0.000445
   2012    30-34   0.000445     0.000605     0.000527
   2012    35-39   0.000636     0.001059     0.000854
   2012    40-44   0.000684     0.001143     0.000920
   2012    45-49   0.001100     0.002241     0.001680
   2012    50-54   0.001819     0.003194     0.002510
   2012    55-59   0.002224     0.005062     0.003651
   2012    60-64   0.003283     0.007650     0.005447
   2012    65-69   0.005032     0.012018     0.008430
   2012    70-74   0.008535     0.018594     0.013278
   2012    75-79   0.015488     0.034717     0.023982
   2012    80-84   0.030776     0.064556     0.044546
   2012    85-89   0.068926     0.115201     0.084828
   2012    90-94   0.132788     0.205737     0.151337
   2012    95-99   0.242004     0.340744     0.261598
   2012   100-104  0.378468     0.446352     0.388152
   2012   105-109  0.657534     0.692308     0.659847
   2012   110+     0.000000            .     0.000000
   2013     0      0.002118     0.002272     0.002197
   2013     1-4    0.000150     0.000228     0.000190
   2013     5-9    0.000088     0.000042     0.000064
   2013    10-14   0.000080     0.000150     0.000116
   2013    15-19   0.000220     0.000413     0.000319
   2013    20-24   0.000275     0.000790     0.000538
   2013    25-29   0.000198     0.000580     0.000394
   2013    30-34   0.000241     0.000457     0.000353
   2013    35-39   0.000526     0.000874     0.000705
   2013    40-44   0.000731     0.001176     0.000961
   2013    45-49   0.001030     0.001635     0.001338
   2013    50-54   0.001421     0.002619     0.002024
   2013    55-59   0.002331     0.004431     0.003387
   2013    60-64   0.002925     0.008176     0.005527
   2013    65-69   0.004935     0.011935     0.008349
   2013    70-74   0.007813     0.018213     0.012741
   2013    75-79   0.014218     0.031943     0.022091
   2013    80-84   0.030949     0.061174     0.043280
   2013    85-89   0.065457     0.113634     0.082311
   2013    90-94   0.132473     0.193895     0.148236
   2013    95-99   0.239605     0.341842     0.259600
   2013   100-104  0.405922     0.427060     0.409006
   2013   105-109  0.590164     0.972973     0.620690
   2013   110+     0.000000            .     0.000000
   2014     0      0.001286     0.001601     0.001447
   2014     1-4    0.000184     0.000349     0.000268
   2014     5-9    0.000022     0.000213     0.000120
   2014    10-14   0.000061     0.000192     0.000128
   2014    15-19   0.000287     0.000330     0.000309
   2014    20-24   0.000176     0.000696     0.000443
   2014    25-29   0.000226     0.000766     0.000504
   2014    30-34   0.000499     0.000746     0.000626
   2014    35-39   0.000657     0.000784     0.000722
   2014    40-44   0.000707     0.001067     0.000893
   2014    45-49   0.001316     0.001768     0.001547
   2014    50-54   0.001624     0.003291     0.002465
   2014    55-59   0.002394     0.004722     0.003562
   2014    60-64   0.003580     0.007473     0.005512
   2014    65-69   0.004959     0.011549     0.008182
   2014    70-74   0.007939     0.019201     0.013292
   2014    75-79   0.015519     0.031621     0.022712
   2014    80-84   0.029405     0.059527     0.041708
   2014    85-89   0.064544     0.107459     0.079794
   2014    90-94   0.133505     0.190383     0.148474
   2014    95-99   0.231342     0.329145     0.250129
   2014   100-104  0.373453     0.434575     0.382532
   2014   105-109  0.591006     0.800000     0.609375
   2014   110+     1.500000            .     1.500000
   2015     0      0.001068     0.001528     0.001303
   2015     1-4    0.000188     0.000179     0.000183
   2015     5-9    0.000091     0.000065     0.000078
   2015    10-14   0.000124     0.000118     0.000121
   2015    15-19   0.000174     0.000241     0.000209
   2015    20-24   0.000105     0.000494     0.000305
   2015    25-29   0.000278     0.000786     0.000540
   2015    30-34   0.000336     0.000470     0.000405
   2015    35-39   0.000433     0.000913     0.000679
   2015    40-44   0.000646     0.001087     0.000873
   2015    45-49   0.001122     0.002151     0.001649
   2015    50-54   0.001401     0.002786     0.002103
   2015    55-59   0.001955     0.004605     0.003281
   2015    60-64   0.002977     0.007267     0.005110
   2015    65-69   0.004163     0.010631     0.007336
   2015    70-74   0.008215     0.019153     0.013420
   2015    75-79   0.013415     0.029249     0.020538
   2015    80-84   0.030295     0.056761     0.041152
   2015    85-89   0.062300     0.108081     0.078753
   2015    90-94   0.124300     0.184779     0.140649
   2015    95-99   0.240836     0.334127     0.258646
   2015   100-104  0.386176     0.397711     0.387813
   2015   105-109  0.627049     0.656250     0.630435
   2015   110+     0.000000            .     0.000000
   2016     0      0.001913     0.001940     0.001927
   2016     1-4    0.000256     0.000123     0.000188
   2016     5-9    0.000046     0.000044     0.000045
   2016    10-14   0.000127     0.000121     0.000124
   2016    15-19   0.000107     0.000316     0.000216
   2016    20-24   0.000295     0.000553     0.000428
   2016    25-29   0.000260     0.000667     0.000470
   2016    30-34   0.000202     0.000443     0.000326
   2016    35-39   0.000403     0.000796     0.000605
   2016    40-44   0.000635     0.001227     0.000939
   2016    45-49   0.001084     0.001589     0.001343
   2016    50-54   0.001951     0.002821     0.002393
   2016    55-59   0.002344     0.004280     0.003313
   2016    60-64   0.002719     0.006869     0.004785
   2016    65-69   0.004689     0.011772     0.008166
   2016    70-74   0.008203     0.018308     0.013011
   2016    75-79   0.014883     0.030155     0.021804
   2016    80-84   0.029283     0.057108     0.040762
   2016    85-89   0.061063     0.106959     0.077677
   2016    90-94   0.124291     0.180645     0.140019
   2016    95-99   0.227940     0.332496     0.247584
   2016   100-104  0.352928     0.487530     0.371081
   2016   105-109  0.728745     0.610169     0.716094
   2016   110+     0.000000            .     0.000000
   2017     0      0.001116     0.001053     0.001084
   2017     1-4    0.000196     0.000125     0.000160
   2017     5-9    0.000071     0.000067     0.000069
   2017    10-14   0.000043     0.000062     0.000053
   2017    15-19   0.000195     0.000362     0.000282
   2017    20-24   0.000318     0.000663     0.000497
   2017    25-29   0.000314     0.000522     0.000422
   2017    30-34   0.000227     0.000689     0.000464
   2017    35-39   0.000476     0.000862     0.000675
   2017    40-44   0.000745     0.001107     0.000931
   2017    45-49   0.001055     0.001455     0.001261
   2017    50-54   0.001603     0.002705     0.002163
   2017    55-59   0.002287     0.004245     0.003268
   2017    60-64   0.003068     0.007173     0.005118
   2017    65-69   0.004795     0.011168     0.007919
   2017    70-74   0.007278     0.018400     0.012581
   2017    75-79   0.013296     0.029714     0.020786
   2017    80-84   0.029110     0.055632     0.040126
   2017    85-89   0.061340     0.105219     0.077301
   2017    90-94   0.124380     0.185101     0.141763
   2017    95-99   0.241518     0.324563     0.257161
   2017   100-104  0.421522     0.557599     0.440332
   2017   105-109  0.676975     0.782609     0.686237
   2017   110+     0.000000            .     0.000000
   2018     0      0.001575     0.001367     0.001469
   2018     1-4    0.000200     0.000127     0.000163
   2018     5-9    0.000048     0.000092     0.000070
   2018    10-14   0.000044     0.000062     0.000053
   2018    15-19   0.000267     0.000270     0.000268
   2018    20-24   0.000389     0.000593     0.000496
   2018    25-29   0.000247     0.000510     0.000383
   2018    30-34   0.000426     0.000643     0.000538
   2018    35-39   0.000419     0.000569     0.000496
   2018    40-44   0.000522     0.001045     0.000791
   2018    45-49   0.000898     0.001793     0.001360
   2018    50-54   0.001425     0.002325     0.001882
   2018    55-59   0.001998     0.004072     0.003039
   2018    60-64   0.003192     0.007504     0.005346
   2018    65-69   0.004967     0.010997     0.007922
   2018    70-74   0.007789     0.016620     0.012015
   2018    75-79   0.012684     0.029316     0.020304
   2018    80-84   0.028176     0.052683     0.038439
   2018    85-89   0.058167     0.102875     0.074472
   2018    90-94   0.122296     0.179810     0.139170
   2018    95-99   0.230108     0.309502     0.245389
   2018   100-104  0.392486     0.503107     0.407126
   2018   105-109  0.551427     0.625000     0.557865
   2018   110+     0.352941            .     0.352941
   2019     0      0.001782     0.001139     0.001453
   2019     1-4    0.000171     0.000097     0.000133
   2019     5-9    0.000098     0.000023     0.000060
   2019    10-14   0.000045     0.000042     0.000043
   2019    15-19   0.000113     0.000338     0.000229
   2019    20-24   0.000414     0.000774     0.000603
   2019    25-29   0.000202     0.000401     0.000305
   2019    30-34   0.000241     0.000412     0.000329
   2019    35-39   0.000263     0.000910     0.000596
   2019    40-44   0.000831     0.001146     0.000993
   2019    45-49   0.001078     0.001386     0.001237
   2019    50-54   0.001795     0.002884     0.002350
   2019    55-59   0.002237     0.003918     0.003083
   2019    60-64   0.002750     0.006285     0.004511
   2019    65-69   0.004579     0.010848     0.007657
   2019    70-74   0.007035     0.017522     0.012070
   2019    75-79   0.012540     0.028164     0.019716
   2019    80-84   0.029293     0.053515     0.039491
   2019    85-89   0.058553     0.099896     0.073701
   2019    90-94   0.123413     0.183123     0.141250
   2019    95-99   0.234956     0.328960     0.253615
   2019   100-104  0.393320     0.593494     0.417417
   2019   105-109  0.691763     0.800000     0.702472
   2019   110+     0.705882            .     0.705882
   2020     0      0.000936     0.003006     0.001990
   2020     1-4    0.000071     0.000168     0.000121
   2020     5-9    0.000075     0.000190     0.000133
   2020    10-14   0.000090     0.000151     0.000121
   2020    15-19   0.000112     0.000483     0.000303
   2020    20-24   0.000531     0.000552     0.000542
   2020    25-29   0.000332     0.000657     0.000502
   2020    30-34   0.000270     0.000762     0.000524
   2020    35-39   0.000407     0.000955     0.000688
   2020    40-44   0.000615     0.000808     0.000714
   2020    45-49   0.001081     0.001105     0.001093
   2020    50-54   0.001519     0.002615     0.002080
   2020    55-59   0.002071     0.003717     0.002902
   2020    60-64   0.003137     0.006143     0.004633
   2020    65-69   0.004584     0.010962     0.007722
   2020    70-74   0.006618     0.017124     0.011676
   2020    75-79   0.013514     0.027608     0.019992
   2020    80-84   0.025898     0.050009     0.036123
   2020    85-89   0.055611     0.096390     0.070672
   2020    90-94   0.116657     0.180976     0.136049
   2020    95-99   0.218100     0.302785     0.235472
   2020   100-104  0.368456     0.424444     0.374989
   2020   105-109  0.565766     0.487013     0.557987
   2020   110+     1.333333            .     1.333333
   2021     0      0.000661     0.001255     0.000966
   2021     1-4    0.000332     0.000246     0.000288
   2021     5-9    0.000076     0.000048     0.000062
   2021    10-14   0.000091     0.000065     0.000078
   2021    15-19   0.000132     0.000289     0.000213
   2021    20-24   0.000401     0.000510     0.000458
   2021    25-29   0.000260     0.000377     0.000321
   2021    30-34   0.000371     0.000500     0.000438
   2021    35-39   0.000357     0.000755     0.000561
   2021    40-44   0.000596     0.001126     0.000869
   2021    45-49   0.001057     0.001632     0.001353
   2021    50-54   0.001849     0.002479     0.002172
   2021    55-59   0.002293     0.003677     0.002994
   2021    60-64   0.003004     0.006735     0.004861
   2021    65-69   0.004565     0.010290     0.007387
   2021    70-74   0.006879     0.015849     0.011200
   2021    75-79   0.012308     0.029107     0.020023
   2021    80-84   0.026250     0.050062     0.036447
   2021    85-89   0.055439     0.096160     0.070599
   2021    90-94   0.120958     0.175139     0.137418
   2021    95-99   0.219143     0.298385     0.236086
   2021   100-104  0.383006     0.438275     0.389627
   2021   105-109  0.562387     0.548231     0.560851
   2021   110+     2.000000            .     2.000000
   2022     0      0.001509     0.001562     0.001536
   2022     1-4    0.000115     0.000110     0.000113
   2022     5-9    0.000131     0.000074     0.000102
   2022    10-14   0.000047     0.000089     0.000068
   2022    15-19   0.000261     0.000226     0.000243
   2022    20-24   0.000389     0.000548     0.000472
   2022    25-29   0.000315     0.000544     0.000436
   2022    30-34   0.000453     0.000447     0.000450
   2022    35-39   0.000529     0.000716     0.000625
   2022    40-44   0.000556     0.001032     0.000801
   2022    45-49   0.001050     0.001617     0.001341
   2022    50-54   0.001702     0.002470     0.002097
   2022    55-59   0.002156     0.004129     0.003155
   2022    60-64   0.003036     0.006356     0.004689
   2022    65-69   0.004100     0.010941     0.007480
   2022    70-74   0.007076     0.018081     0.012367
   2022    75-79   0.013286     0.030137     0.021047
   2022    80-84   0.025627     0.053681     0.037727
   2022    85-89   0.060196     0.105882     0.077374
   2022    90-94   0.133344     0.194475     0.152043
   2022    95-99   0.241299     0.333889     0.261677
   2022   100-104  0.419250     0.558068     0.436553
   2022   105-109  0.677662     0.835887     0.693477
   2022   110+     0.789474            .     0.789474
