15.Niigata.ken, Death Rates (period 5x1)     Last modified:2023-12-05, ver.004_004 JMD(IPSS)

   Year      Age       Female       Male         Total
   1947     0      0.084243     0.097805     0.091158
   1947     1-4    0.015840     0.016028     0.015935
   1947     5-9    0.003111     0.003334     0.003224
   1947    10-14   0.002191     0.001957     0.002072
   1947    15-19   0.005419     0.005002     0.005212
   1947    20-24   0.008097     0.008487     0.008279
   1947    25-29   0.008186     0.008628     0.008382
   1947    30-34   0.007494     0.008041     0.007746
   1947    35-39   0.007601     0.008374     0.007965
   1947    40-44   0.008307     0.010224     0.009251
   1947    45-49   0.009778     0.012645     0.011197
   1947    50-54   0.013568     0.020496     0.016975
   1947    55-59   0.018600     0.029237     0.023709
   1947    60-64   0.030401     0.047057     0.038013
   1947    65-69   0.045889     0.074814     0.058334
   1947    70-74   0.077268     0.105547     0.088474
   1947    75-79   0.119524     0.157717     0.132990
   1947    80-84   0.185682     0.213737     0.194292
   1947    85-89   0.239551     0.301734     0.257756
   1947    90-94   0.366473     0.390896     0.372715
   1947    95-99   0.605602     0.882786     0.699767
   1947   100-104  0.000000            .     0.000000
   1947   105-109  0.000000            .     0.000000
   1947   110+            .            .            .
   1948     0      0.067122     0.073928     0.070599
   1948     1-4    0.011480     0.012838     0.012168
   1948     5-9    0.002469     0.002662     0.002567
   1948    10-14   0.001750     0.001664     0.001706
   1948    15-19   0.004200     0.003779     0.003989
   1948    20-24   0.007289     0.007951     0.007604
   1948    25-29   0.007496     0.007787     0.007624
   1948    30-34   0.007100     0.007878     0.007457
   1948    35-39   0.007233     0.008056     0.007619
   1948    40-44   0.007800     0.009080     0.008426
   1948    45-49   0.009467     0.011674     0.010558
   1948    50-54   0.012453     0.016977     0.014678
   1948    55-59   0.018313     0.025469     0.021759
   1948    60-64   0.027731     0.044084     0.035219
   1948    65-69   0.046055     0.060849     0.052436
   1948    70-74   0.069521     0.094628     0.079524
   1948    75-79   0.105825     0.132476     0.115260
   1948    80-84   0.166693     0.189601     0.173816
   1948    85-89   0.236022     0.282644     0.248927
   1948    90-94   0.307249     0.373165     0.325400
   1948    95-99   0.823045     0.410537     0.704984
   1948   100-104  0.000000            .     0.000000
   1948   105-109  0.000000            .     0.000000
   1948   110+            .            .            .
   1949     0      0.064917     0.075245     0.070171
   1949     1-4    0.013830     0.013919     0.013875
   1949     5-9    0.002384     0.002624     0.002505
   1949    10-14   0.001404     0.001331     0.001367
   1949    15-19   0.003443     0.003269     0.003355
   1949    20-24   0.005733     0.006574     0.006139
   1949    25-29   0.006831     0.006465     0.006671
   1949    30-34   0.005863     0.006728     0.006257
   1949    35-39   0.005975     0.007406     0.006642
   1949    40-44   0.007123     0.007850     0.007475
   1949    45-49   0.008872     0.010139     0.009498
   1949    50-54   0.011405     0.015409     0.013377
   1949    55-59   0.016276     0.023639     0.019826
   1949    60-64   0.026300     0.037722     0.031557
   1949    65-69   0.042462     0.059305     0.049767
   1949    70-74   0.062422     0.085149     0.071502
   1949    75-79   0.097465     0.131596     0.109582
   1949    80-84   0.164373     0.178045     0.168705
   1949    85-89   0.238051     0.321724     0.260081
   1949    90-94   0.361411     0.441194     0.383560
   1949    95-99   0.555556     0.754006     0.608982
   1949   100-104  1.815431            .     1.815431
   1949   105-109  0.000000            .     0.000000
   1949   110+            .            .            .
   1950     0      0.052196     0.063680     0.058036
   1950     1-4    0.010857     0.011278     0.011071
   1950     5-9    0.002323     0.002354     0.002338
   1950    10-14   0.001359     0.001143     0.001250
   1950    15-19   0.002651     0.002490     0.002569
   1950    20-24   0.004769     0.004939     0.004852
   1950    25-29   0.004989     0.006200     0.005527
   1950    30-34   0.005297     0.005541     0.005408
   1950    35-39   0.005487     0.005520     0.005502
   1950    40-44   0.006329     0.007116     0.006707
   1950    45-49   0.008356     0.010009     0.009171
   1950    50-54   0.009821     0.015403     0.012571
   1950    55-59   0.015633     0.023513     0.019440
   1950    60-64   0.024754     0.035038     0.029519
   1950    65-69   0.040744     0.061367     0.049712
   1950    70-74   0.064380     0.088350     0.073979
   1950    75-79   0.104474     0.132763     0.114599
   1950    80-84   0.159020     0.200740     0.172319
   1950    85-89   0.230657     0.271634     0.241508
   1950    90-94   0.349457     0.452673     0.377123
   1950    95-99   0.396727     0.842993     0.481734
   1950   100-104  0.000000     0.000000     0.000000
   1950   105-109  0.000000            .     0.000000
   1950   110+            .            .            .
   1951     0      0.051329     0.061935     0.056727
   1951     1-4    0.009462     0.009834     0.009651
   1951     5-9    0.001756     0.001992     0.001875
   1951    10-14   0.001228     0.000966     0.001096
   1951    15-19   0.001807     0.001746     0.001776
   1951    20-24   0.003463     0.003237     0.003352
   1951    25-29   0.003863     0.003968     0.003911
   1951    30-34   0.004511     0.004088     0.004322
   1951    35-39   0.004507     0.004793     0.004639
   1951    40-44   0.005734     0.006073     0.005895
   1951    45-49   0.007050     0.008541     0.007784
   1951    50-54   0.009630     0.013582     0.011575
   1951    55-59   0.014414     0.021745     0.017960
   1951    60-64   0.023525     0.034050     0.028432
   1951    65-69   0.037578     0.057518     0.046264
   1951    70-74   0.065708     0.089489     0.075264
   1951    75-79   0.097205     0.126125     0.107652
   1951    80-84   0.163190     0.202381     0.175623
   1951    85-89   0.241034     0.225997     0.236937
   1951    90-94   0.421582     0.454698     0.429727
   1951    95-99   0.183072     0.392450     0.216136
   1951   100-104  0.000000     0.000000     0.000000
   1951   105-109  0.000000            .     0.000000
   1951   110+     0.000000            .     0.000000
   1952     0      0.048211     0.053730     0.051026
   1952     1-4    0.006912     0.007025     0.006969
   1952     5-9    0.001599     0.001820     0.001711
   1952    10-14   0.000903     0.001145     0.001025
   1952    15-19   0.001668     0.001636     0.001652
   1952    20-24   0.002330     0.002816     0.002569
   1952    25-29   0.002812     0.003009     0.002904
   1952    30-34   0.003000     0.003659     0.003292
   1952    35-39   0.003832     0.004079     0.003946
   1952    40-44   0.005115     0.005735     0.005407
   1952    45-49   0.007291     0.008257     0.007765
   1952    50-54   0.009244     0.013203     0.011190
   1952    55-59   0.013213     0.019826     0.016415
   1952    60-64   0.022408     0.032768     0.027273
   1952    65-69   0.038010     0.054844     0.045374
   1952    70-74   0.061620     0.083563     0.070489
   1952    75-79   0.092901     0.118025     0.102055
   1952    80-84   0.149618     0.181857     0.159888
   1952    85-89   0.229897     0.228490     0.229500
   1952    90-94   0.327183     0.555697     0.380351
   1952    95-99   0.552251     0.291545     0.504718
   1952   100-104  0.000000     0.000000     0.000000
   1952   105-109  0.000000            .     0.000000
   1952   110+     0.000000            .     0.000000
   1953     0      0.041706     0.051038     0.046497
   1953     1-4    0.005645     0.006038     0.005844
   1953     5-9    0.001375     0.001289     0.001331
   1953    10-14   0.000654     0.000821     0.000738
   1953    15-19   0.001370     0.001529     0.001449
   1953    20-24   0.002226     0.002691     0.002454
   1953    25-29   0.002713     0.002818     0.002763
   1953    30-34   0.003156     0.003345     0.003239
   1953    35-39   0.003532     0.003742     0.003628
   1953    40-44   0.004377     0.004920     0.004631
   1953    45-49   0.006297     0.007288     0.006780
   1953    50-54   0.009392     0.013533     0.011427
   1953    55-59   0.014405     0.020827     0.017518
   1953    60-64   0.021708     0.034305     0.027642
   1953    65-69   0.037696     0.055626     0.045596
   1953    70-74   0.063890     0.087035     0.073293
   1953    75-79   0.101441     0.135381     0.113866
   1953    80-84   0.176070     0.209035     0.186625
   1953    85-89   0.261442     0.301088     0.272697
   1953    90-94   0.419476     0.408741     0.417022
   1953    95-99   0.361367     0.368667     0.362915
   1953   100-104  0.400587     0.000000     0.378904
   1953   105-109  0.292683            .     0.292683
   1953   110+     3.000000            .     3.000000
   1954     0      0.037508     0.046527     0.042139
   1954     1-4    0.005137     0.005246     0.005193
   1954     5-9    0.001288     0.001512     0.001402
   1954    10-14   0.000690     0.000803     0.000747
   1954    15-19   0.001042     0.001494     0.001266
   1954    20-24   0.001942     0.002890     0.002404
   1954    25-29   0.002232     0.002853     0.002533
   1954    30-34   0.002918     0.002856     0.002890
   1954    35-39   0.003239     0.004004     0.003586
   1954    40-44   0.003538     0.005330     0.004371
   1954    45-49   0.005410     0.007050     0.006201
   1954    50-54   0.008765     0.011557     0.010139
   1954    55-59   0.012103     0.018712     0.015312
   1954    60-64   0.020457     0.029575     0.024756
   1954    65-69   0.033273     0.050644     0.041004
   1954    70-74   0.055700     0.077689     0.064676
   1954    75-79   0.084567     0.112539     0.094838
   1954    80-84   0.131355     0.181436     0.147345
   1954    85-89   0.208710     0.244123     0.218730
   1954    90-94   0.350403     0.299750     0.337501
   1954    95-99   0.242831     0.498355     0.293139
   1954   100-104  0.849558     0.000000     0.782077
   1954   105-109  0.272727            .     0.272727
   1954   110+     0.000000            .     0.000000
   1955     0      0.035807     0.042819     0.039392
   1955     1-4    0.004395     0.004349     0.004372
   1955     5-9    0.001155     0.001695     0.001429
   1955    10-14   0.000591     0.000732     0.000662
   1955    15-19   0.000949     0.001362     0.001153
   1955    20-24   0.001865     0.002865     0.002346
   1955    25-29   0.002231     0.002372     0.002300
   1955    30-34   0.002316     0.002623     0.002453
   1955    35-39   0.002977     0.003420     0.003177
   1955    40-44   0.003604     0.004461     0.004001
   1955    45-49   0.005364     0.007499     0.006385
   1955    50-54   0.009001     0.011732     0.010342
   1955    55-59   0.012141     0.017738     0.014862
   1955    60-64   0.019064     0.030731     0.024577
   1955    65-69   0.031552     0.051453     0.040481
   1955    70-74   0.054923     0.084023     0.066821
   1955    75-79   0.090893     0.116229     0.100230
   1955    80-84   0.142874     0.184879     0.156251
   1955    85-89   0.235053     0.277815     0.247002
   1955    90-94   0.313619     0.400815     0.336504
   1955    95-99   0.339425     0.434845     0.355081
   1955   100-104  0.417504     0.000000     0.342353
   1955   105-109  0.155844     0.000000     0.124352
   1955   110+     0.000000            .     0.000000
   1956     0      0.036747     0.043067     0.039976
   1956     1-4    0.003566     0.004363     0.003973
   1956     5-9    0.000999     0.001367     0.001186
   1956    10-14   0.000590     0.000794     0.000693
   1956    15-19   0.000908     0.001462     0.001182
   1956    20-24   0.001768     0.002399     0.002069
   1956    25-29   0.001755     0.002428     0.002084
   1956    30-34   0.002208     0.002725     0.002444
   1956    35-39   0.002862     0.002913     0.002885
   1956    40-44   0.003439     0.004473     0.003916
   1956    45-49   0.005247     0.007112     0.006130
   1956    50-54   0.007943     0.012171     0.010014
   1956    55-59   0.012612     0.019181     0.015807
   1956    60-64   0.020000     0.032039     0.025698
   1956    65-69   0.033476     0.050708     0.041255
   1956    70-74   0.059272     0.079536     0.067589
   1956    75-79   0.091974     0.127250     0.105034
   1956    80-84   0.156863     0.194801     0.169069
   1956    85-89   0.227601     0.267469     0.238592
   1956    90-94   0.307458     0.308015     0.307602
   1956    95-99   0.406288     0.829349     0.469606
   1956   100-104  0.695341     2.215768     0.886684
   1956   105-109  0.142857     1.500000     0.539326
   1956   110+     0.300000            .     0.300000
   1957     0      0.037447     0.041825     0.039690
   1957     1-4    0.003348     0.003559     0.003456
   1957     5-9    0.001061     0.001246     0.001155
   1957    10-14   0.000652     0.000700     0.000676
   1957    15-19   0.001058     0.001337     0.001195
   1957    20-24   0.001684     0.002407     0.002029
   1957    25-29   0.002051     0.002304     0.002175
   1957    30-34   0.002236     0.002507     0.002363
   1957    35-39   0.002545     0.002749     0.002635
   1957    40-44   0.003317     0.004457     0.003841
   1957    45-49   0.005342     0.007549     0.006378
   1957    50-54   0.007629     0.011857     0.009693
   1957    55-59   0.013477     0.020750     0.017012
   1957    60-64   0.019579     0.032730     0.025808
   1957    65-69   0.034184     0.057184     0.044609
   1957    70-74   0.062093     0.087289     0.072496
   1957    75-79   0.105699     0.143126     0.119608
   1957    80-84   0.168339     0.213441     0.182928
   1957    85-89   0.264002     0.329656     0.281881
   1957    90-94   0.367663     0.506895     0.402042
   1957    95-99   0.570391     0.751884     0.597808
   1957   100-104  0.938144            .     0.938144
   1957   105-109  2.142857            .     2.142857
   1957   110+     2.000000            .     2.000000
   1958     0      0.036318     0.041905     0.039190
   1958     1-4    0.002903     0.003370     0.003142
   1958     5-9    0.000886     0.001102     0.000996
   1958    10-14   0.000404     0.000750     0.000579
   1958    15-19   0.000778     0.001291     0.001030
   1958    20-24   0.001355     0.002692     0.001991
   1958    25-29   0.001764     0.002104     0.001930
   1958    30-34   0.001891     0.002307     0.002091
   1958    35-39   0.002300     0.002861     0.002547
   1958    40-44   0.002873     0.003909     0.003347
   1958    45-49   0.004922     0.007217     0.005992
   1958    50-54   0.007864     0.011314     0.009537
   1958    55-59   0.011745     0.019676     0.015600
   1958    60-64   0.018846     0.029429     0.023867
   1958    65-69   0.029075     0.047387     0.037380
   1958    70-74   0.053129     0.078984     0.063880
   1958    75-79   0.093430     0.118022     0.102637
   1958    80-84   0.144041     0.173956     0.153753
   1958    85-89   0.222426     0.266658     0.234410
   1958    90-94   0.310727     0.340707     0.317845
   1958    95-99   0.372376     0.343741     0.367664
   1958   100-104  0.000000     0.000000     0.000000
   1958   105-109         .            .            .
   1958   110+            .            .            .
   1959     0      0.029532     0.037676     0.033719
   1959     1-4    0.002662     0.003151     0.002912
   1959     5-9    0.000684     0.001048     0.000870
   1959    10-14   0.000477     0.000818     0.000650
   1959    15-19   0.001064     0.001288     0.001174
   1959    20-24   0.001560     0.002176     0.001851
   1959    25-29   0.001510     0.002245     0.001869
   1959    30-34   0.001677     0.002222     0.001944
   1959    35-39   0.002225     0.002406     0.002305
   1959    40-44   0.002994     0.003670     0.003301
   1959    45-49   0.004762     0.006073     0.005371
   1959    50-54   0.006922     0.010437     0.008613
   1959    55-59   0.011023     0.017856     0.014349
   1959    60-64   0.017883     0.027828     0.022613
   1959    65-69   0.031405     0.046646     0.038328
   1959    70-74   0.052161     0.078625     0.063251
   1959    75-79   0.083911     0.121294     0.097967
   1959    80-84   0.150220     0.183259     0.161044
   1959    85-89   0.217106     0.262388     0.229413
   1959    90-94   0.351873     0.284535     0.335114
   1959    95-99   0.687060     0.366823     0.619461
   1959   100-104  0.762389     0.000000     0.607903
   1959   105-109         .            .            .
   1959   110+            .            .            .
   1960     0      0.028286     0.035871     0.032153
   1960     1-4    0.002101     0.002719     0.002417
   1960     5-9    0.000708     0.000959     0.000836
   1960    10-14   0.000418     0.000457     0.000438
   1960    15-19   0.000704     0.001447     0.001069
   1960    20-24   0.001323     0.001965     0.001622
   1960    25-29   0.001511     0.001930     0.001715
   1960    30-34   0.001452     0.002092     0.001767
   1960    35-39   0.001866     0.002213     0.002022
   1960    40-44   0.002746     0.003237     0.002968
   1960    45-49   0.004142     0.006138     0.005066
   1960    50-54   0.007096     0.010269     0.008610
   1960    55-59   0.010216     0.017543     0.013775
   1960    60-64   0.017142     0.029224     0.022896
   1960    65-69   0.029413     0.047204     0.037526
   1960    70-74   0.050322     0.074172     0.060383
   1960    75-79   0.091766     0.125534     0.104441
   1960    80-84   0.141202     0.186789     0.156188
   1960    85-89   0.220371     0.252195     0.229134
   1960    90-94   0.285358     0.322040     0.294542
   1960    95-99   0.528771     0.641613     0.557362
   1960   100-104  0.000000     0.000000     0.000000
   1960   105-109         .            .            .
   1960   110+            .            .            .
   1961     0      0.025637     0.034209     0.030002
   1961     1-4    0.001925     0.002537     0.002238
   1961     5-9    0.000586     0.000822     0.000706
   1961    10-14   0.000416     0.000616     0.000517
   1961    15-19   0.000644     0.001126     0.000882
   1961    20-24   0.001162     0.001934     0.001520
   1961    25-29   0.001196     0.002026     0.001598
   1961    30-34   0.001453     0.001855     0.001652
   1961    35-39   0.001798     0.002544     0.002141
   1961    40-44   0.002937     0.004158     0.003485
   1961    45-49   0.004423     0.006634     0.005443
   1961    50-54   0.007428     0.010729     0.008988
   1961    55-59   0.010433     0.018513     0.014347
   1961    60-64   0.017450     0.028065     0.022508
   1961    65-69   0.030260     0.046972     0.037904
   1961    70-74   0.053414     0.077844     0.063791
   1961    75-79   0.090509     0.123459     0.102916
   1961    80-84   0.148431     0.190762     0.162330
   1961    85-89   0.228967     0.258675     0.237358
   1961    90-94   0.384248     0.410035     0.390412
   1961    95-99   0.555369     0.357953     0.503904
   1961   100-104  0.902256     0.000000     0.618557
   1961   105-109         .            .            .
   1961   110+            .            .            .
   1962     0      0.024972     0.028935     0.027005
   1962     1-4    0.001612     0.002145     0.001884
   1962     5-9    0.000462     0.000750     0.000609
   1962    10-14   0.000491     0.000549     0.000520
   1962    15-19   0.000422     0.001026     0.000721
   1962    20-24   0.001201     0.001903     0.001531
   1962    25-29   0.001274     0.002196     0.001719
   1962    30-34   0.001505     0.002068     0.001784
   1962    35-39   0.001912     0.002391     0.002138
   1962    40-44   0.002205     0.003639     0.002842
   1962    45-49   0.003911     0.005293     0.004547
   1962    50-54   0.006586     0.009362     0.007887
   1962    55-59   0.010084     0.017406     0.013621
   1962    60-64   0.016278     0.027488     0.021618
   1962    65-69   0.029161     0.045183     0.036506
   1962    70-74   0.052877     0.078752     0.063940
   1962    75-79   0.093066     0.127397     0.106072
   1962    80-84   0.151941     0.195346     0.166196
   1962    85-89   0.220277     0.273838     0.235508
   1962    90-94   0.389756     0.304931     0.369048
   1962    95-99   0.629799     0.950408     0.707328
   1962   100-104  0.000000     0.000000     0.000000
   1962   105-109  0.000000            .     0.000000
   1962   110+            .            .            .
   1963     0      0.022831     0.029444     0.026219
   1963     1-4    0.001673     0.002083     0.001882
   1963     5-9    0.000399     0.000785     0.000596
   1963    10-14   0.000246     0.000474     0.000362
   1963    15-19   0.000557     0.000965     0.000760
   1963    20-24   0.001077     0.001555     0.001303
   1963    25-29   0.001088     0.001581     0.001325
   1963    30-34   0.001275     0.002036     0.001652
   1963    35-39   0.001626     0.002305     0.001954
   1963    40-44   0.002083     0.003479     0.002699
   1963    45-49   0.003884     0.005139     0.004458
   1963    50-54   0.005953     0.009521     0.007615
   1963    55-59   0.009357     0.016181     0.012639
   1963    60-64   0.014976     0.026374     0.020401
   1963    65-69   0.027435     0.044487     0.035268
   1963    70-74   0.047352     0.072558     0.058179
   1963    75-79   0.083453     0.114141     0.095209
   1963    80-84   0.135086     0.172090     0.147284
   1963    85-89   0.207448     0.275411     0.226485
   1963    90-94   0.315301     0.371501     0.329160
   1963    95-99   0.276527     0.440146     0.313449
   1963   100-104  0.539084     1.043478     0.795404
   1963   105-109  0.000000            .     0.000000
   1963   110+            .            .            .
   1964     0      0.022009     0.025126     0.023602
   1964     1-4    0.001657     0.001930     0.001796
   1964     5-9    0.000490     0.000747     0.000621
   1964    10-14   0.000188     0.000375     0.000283
   1964    15-19   0.000443     0.000773     0.000608
   1964    20-24   0.001022     0.001477     0.001237
   1964    25-29   0.001070     0.001506     0.001280
   1964    30-34   0.001131     0.001907     0.001515
   1964    35-39   0.001460     0.002493     0.001967
   1964    40-44   0.002060     0.003894     0.002870
   1964    45-49   0.003933     0.005466     0.004631
   1964    50-54   0.005702     0.009637     0.007526
   1964    55-59   0.008655     0.014994     0.011682
   1964    60-64   0.016303     0.027207     0.021499
   1964    65-69   0.025251     0.044098     0.033919
   1964    70-74   0.049255     0.074168     0.059985
   1964    75-79   0.082428     0.114426     0.094833
   1964    80-84   0.139939     0.181254     0.153688
   1964    85-89   0.207624     0.264988     0.223531
   1964    90-94   0.286983     0.389036     0.310750
   1964    95-99   0.449991     0.489996     0.459077
   1964   100-104  0.710900     2.500000     1.107011
   1964   105-109  0.000000            .     0.000000
   1964   110+            .            .            .
   1965     0      0.020256     0.024436     0.022385
   1965     1-4    0.001398     0.001372     0.001385
   1965     5-9    0.000407     0.000607     0.000509
   1965    10-14   0.000373     0.000492     0.000434
   1965    15-19   0.000400     0.000876     0.000640
   1965    20-24   0.000946     0.001565     0.001236
   1965    25-29   0.001093     0.001464     0.001273
   1965    30-34   0.001303     0.001989     0.001643
   1965    35-39   0.001640     0.002385     0.002009
   1965    40-44   0.001932     0.003216     0.002508
   1965    45-49   0.004296     0.006011     0.005072
   1965    50-54   0.005856     0.009741     0.007651
   1965    55-59   0.009060     0.015781     0.012245
   1965    60-64   0.016161     0.027375     0.021493
   1965    65-69   0.027673     0.049455     0.037690
   1965    70-74   0.049276     0.078534     0.061897
   1965    75-79   0.089279     0.128398     0.104519
   1965    80-84   0.153724     0.199355     0.168967
   1965    85-89   0.241079     0.294973     0.255945
   1965    90-94   0.389226     0.354515     0.381099
   1965    95-99   0.565076     0.822791     0.616560
   1965   100-104  1.100917            .     1.100917
   1965   105-109  0.000000            .     0.000000
   1965   110+            .            .            .
   1966     0      0.014393     0.020234     0.017377
   1966     1-4    0.001714     0.001636     0.001674
   1966     5-9    0.000496     0.000652     0.000575
   1966    10-14   0.000269     0.000393     0.000332
   1966    15-19   0.000439     0.000905     0.000674
   1966    20-24   0.000997     0.001667     0.001311
   1966    25-29   0.000964     0.001527     0.001238
   1966    30-34   0.001140     0.001833     0.001482
   1966    35-39   0.001403     0.002324     0.001860
   1966    40-44   0.001777     0.003552     0.002592
   1966    45-49   0.003001     0.005398     0.004075
   1966    50-54   0.005367     0.008372     0.006751
   1966    55-59   0.008218     0.015281     0.011534
   1966    60-64   0.013874     0.027544     0.020350
   1966    65-69   0.025058     0.041655     0.032690
   1966    70-74   0.043479     0.069782     0.054829
   1966    75-79   0.081678     0.107484     0.091766
   1966    80-84   0.139022     0.171062     0.149822
   1966    85-89   0.209624     0.268693     0.225949
   1966    90-94   0.326982     0.345488     0.331448
   1966    95-99   0.525103     0.439292     0.508546
   1966   100-104  0.000000            .     0.000000
   1966   105-109  0.666667            .     0.666667
   1966   110+            .            .            .
   1967     0      0.015280     0.020050     0.017723
   1967     1-4    0.001321     0.001337     0.001329
   1967     5-9    0.000386     0.000722     0.000557
   1967    10-14   0.000339     0.000519     0.000431
   1967    15-19   0.000463     0.000870     0.000667
   1967    20-24   0.000747     0.001548     0.001128
   1967    25-29   0.000992     0.001667     0.001320
   1967    30-34   0.000856     0.002124     0.001479
   1967    35-39   0.001258     0.002363     0.001807
   1967    40-44   0.001989     0.003546     0.002723
   1967    45-49   0.003221     0.004981     0.004001
   1967    50-54   0.005380     0.008998     0.007040
   1967    55-59   0.008147     0.014896     0.011285
   1967    60-64   0.013831     0.024248     0.018749
   1967    65-69   0.023713     0.038672     0.030588
   1967    70-74   0.045035     0.070819     0.056175
   1967    75-79   0.079464     0.112931     0.092627
   1967    80-84   0.132834     0.172522     0.146354
   1967    85-89   0.206261     0.250880     0.218792
   1967    90-94   0.300765     0.386690     0.320564
   1967    95-99   0.491559     0.160157     0.409547
   1967   100-104  0.809171            .     0.809171
   1967   105-109  0.000000            .     0.000000
   1967   110+     0.000000            .     0.000000
   1968     0      0.014692     0.017651     0.016209
   1968     1-4    0.001245     0.001590     0.001421
   1968     5-9    0.000427     0.000729     0.000581
   1968    10-14   0.000247     0.000457     0.000354
   1968    15-19   0.000345     0.000910     0.000626
   1968    20-24   0.000510     0.001402     0.000940
   1968    25-29   0.000782     0.001461     0.001113
   1968    30-34   0.000918     0.001978     0.001437
   1968    35-39   0.001310     0.002527     0.001913
   1968    40-44   0.002073     0.003376     0.002702
   1968    45-49   0.002857     0.005279     0.003921
   1968    50-54   0.005051     0.008109     0.006446
   1968    55-59   0.007879     0.014654     0.011004
   1968    60-64   0.013024     0.024289     0.018322
   1968    65-69   0.024788     0.040298     0.031908
   1968    70-74   0.045441     0.070336     0.056220
   1968    75-79   0.077859     0.107673     0.089639
   1968    80-84   0.134844     0.172700     0.147826
   1968    85-89   0.226333     0.261030     0.236254
   1968    90-94   0.357142     0.413765     0.369507
   1968    95-99   0.488562     0.452111     0.478670
   1968   100-104  0.000000     0.000000     0.000000
   1968   105-109         .            .            .
   1968   110+     0.000000            .     0.000000
   1969     0      0.011819     0.017361     0.014687
   1969     1-4    0.001024     0.001737     0.001388
   1969     5-9    0.000426     0.000483     0.000456
   1969    10-14   0.000180     0.000373     0.000279
   1969    15-19   0.000442     0.001059     0.000750
   1969    20-24   0.000767     0.001623     0.001179
   1969    25-29   0.000674     0.001564     0.001110
   1969    30-34   0.001242     0.001542     0.001389
   1969    35-39   0.001127     0.002523     0.001818
   1969    40-44   0.002076     0.003363     0.002707
   1969    45-49   0.003241     0.004744     0.003901
   1969    50-54   0.004745     0.008443     0.006421
   1969    55-59   0.008355     0.014379     0.011117
   1969    60-64   0.013188     0.024167     0.018318
   1969    65-69   0.022812     0.038797     0.030154
   1969    70-74   0.042950     0.066362     0.053113
   1969    75-79   0.075304     0.118057     0.092198
   1969    80-84   0.121973     0.166788     0.137442
   1969    85-89   0.197698     0.256507     0.214585
   1969    90-94   0.284117     0.350022     0.298626
   1969    95-99   0.349813     0.460742     0.376359
   1969   100-104  1.146351     1.380410     1.179974
   1969   105-109         .            .            .
   1969   110+     1.500000            .     1.500000
   1970     0      0.011620     0.015419     0.013592
   1970     1-4    0.001046     0.001726     0.001394
   1970     5-9    0.000463     0.000614     0.000540
   1970    10-14   0.000246     0.000417     0.000333
   1970    15-19   0.000476     0.001186     0.000833
   1970    20-24   0.000729     0.001614     0.001150
   1970    25-29   0.000703     0.001726     0.001206
   1970    30-34   0.001073     0.001803     0.001433
   1970    35-39   0.001233     0.002533     0.001875
   1970    40-44   0.001909     0.003371     0.002631
   1970    45-49   0.002915     0.004914     0.003805
   1970    50-54   0.004436     0.008298     0.006174
   1970    55-59   0.007561     0.013382     0.010222
   1970    60-64   0.013016     0.023825     0.018030
   1970    65-69   0.021379     0.042059     0.030841
   1970    70-74   0.040956     0.067682     0.052559
   1970    75-79   0.077787     0.105017     0.088560
   1970    80-84   0.131629     0.169739     0.144888
   1970    85-89   0.217333     0.248238     0.226222
   1970    90-94   0.325910     0.317647     0.323993
   1970    95-99   0.418598     0.307456     0.393007
   1970   100-104  1.021566     0.000000     0.676183
   1970   105-109         .            .            .
   1970   110+            .            .            .
   1971     0      0.013163     0.014077     0.013635
   1971     1-4    0.001235     0.001064     0.001147
   1971     5-9    0.000430     0.000542     0.000487
   1971    10-14   0.000299     0.000297     0.000298
   1971    15-19   0.000341     0.001074     0.000710
   1971    20-24   0.000652     0.001530     0.001071
   1971    25-29   0.000658     0.001553     0.001099
   1971    30-34   0.001066     0.001727     0.001393
   1971    35-39   0.001206     0.002295     0.001743
   1971    40-44   0.001561     0.003809     0.002675
   1971    45-49   0.002621     0.004871     0.003647
   1971    50-54   0.004469     0.007766     0.005936
   1971    55-59   0.006503     0.012712     0.009332
   1971    60-64   0.011920     0.021603     0.016370
   1971    65-69   0.020260     0.036071     0.027472
   1971    70-74   0.035965     0.057696     0.045401
   1971    75-79   0.067549     0.100067     0.080455
   1971    80-84   0.121944     0.144797     0.129998
   1971    85-89   0.202660     0.206298     0.203737
   1971    90-94   0.325341     0.327083     0.325771
   1971    95-99   0.358952     0.427677     0.374261
   1971   100-104  0.712166     0.000000     0.376766
   1971   105-109         .            .            .
   1971   110+            .            .            .
   1972     0      0.010094     0.012615     0.011392
   1972     1-4    0.001131     0.001286     0.001211
   1972     5-9    0.000250     0.000621     0.000439
   1972    10-14   0.000256     0.000438     0.000349
   1972    15-19   0.000413     0.001357     0.000888
   1972    20-24   0.000642     0.001561     0.001086
   1972    25-29   0.000889     0.001491     0.001186
   1972    30-34   0.000982     0.001659     0.001319
   1972    35-39   0.001348     0.002396     0.001864
   1972    40-44   0.001638     0.003214     0.002418
   1972    45-49   0.002802     0.004792     0.003736
   1972    50-54   0.004406     0.007542     0.005786
   1972    55-59   0.006337     0.012051     0.008930
   1972    60-64   0.010733     0.020163     0.015026
   1972    65-69   0.018930     0.034809     0.026157
   1972    70-74   0.036460     0.058107     0.045870
   1972    75-79   0.067305     0.090444     0.076520
   1972    80-84   0.113617     0.153901     0.127995
   1972    85-89   0.186503     0.233000     0.200538
   1972    90-94   0.275855     0.318911     0.286927
   1972    95-99   0.344780     0.276893     0.330319
   1972   100-104  0.000000     0.857143     0.352941
   1972   105-109         .            .            .
   1972   110+            .            .            .
   1973     0      0.008679     0.012750     0.010762
   1973     1-4    0.000887     0.001263     0.001081
   1973     5-9    0.000247     0.000507     0.000380
   1973    10-14   0.000229     0.000343     0.000287
   1973    15-19   0.000390     0.001256     0.000826
   1973    20-24   0.000648     0.001280     0.000955
   1973    25-29   0.000723     0.001337     0.001028
   1973    30-34   0.000827     0.001487     0.001157
   1973    35-39   0.000888     0.002263     0.001565
   1973    40-44   0.001558     0.003380     0.002459
   1973    45-49   0.002480     0.004613     0.003505
   1973    50-54   0.003767     0.007015     0.005185
   1973    55-59   0.006213     0.011282     0.008501
   1973    60-64   0.010084     0.020053     0.014591
   1973    65-69   0.018158     0.033731     0.025219
   1973    70-74   0.034377     0.055796     0.043698
   1973    75-79   0.066890     0.101165     0.080589
   1973    80-84   0.119733     0.151936     0.131337
   1973    85-89   0.193347     0.245431     0.208931
   1973    90-94   0.319704     0.364383     0.331044
   1973    95-99   0.433208     0.279986     0.401026
   1973   100-104  0.393443     0.249201     0.351464
   1973   105-109         .            .            .
   1973   110+            .            .            .
   1974     0      0.008938     0.013856     0.011447
   1974     1-4    0.000892     0.001178     0.001039
   1974     5-9    0.000235     0.000439     0.000339
   1974    10-14   0.000277     0.000318     0.000298
   1974    15-19   0.000549     0.001225     0.000890
   1974    20-24   0.000529     0.001192     0.000850
   1974    25-29   0.000768     0.001123     0.000945
   1974    30-34   0.000840     0.001265     0.001053
   1974    35-39   0.001187     0.002362     0.001767
   1974    40-44   0.001560     0.003391     0.002466
   1974    45-49   0.002064     0.004389     0.003199
   1974    50-54   0.003915     0.005911     0.004787
   1974    55-59   0.005711     0.011031     0.008099
   1974    60-64   0.009506     0.019623     0.014053
   1974    65-69   0.018862     0.031540     0.024582
   1974    70-74   0.034517     0.055293     0.043574
   1974    75-79   0.068269     0.094607     0.078840
   1974    80-84   0.125576     0.149555     0.134266
   1974    85-89   0.195265     0.256631     0.213602
   1974    90-94   0.328468     0.324764     0.327534
   1974    95-99   0.488659     0.480423     0.486864
   1974   100-104  0.422535     0.782609     0.510638
   1974   105-109         .            .            .
   1974   110+            .            .            .
   1975     0      0.008681     0.012240     0.010496
   1975     1-4    0.000604     0.001140     0.000878
   1975     5-9    0.000271     0.000526     0.000402
   1975    10-14   0.000189     0.000181     0.000185
   1975    15-19   0.000322     0.001036     0.000685
   1975    20-24   0.000625     0.001279     0.000939
   1975    25-29   0.000545     0.001125     0.000837
   1975    30-34   0.000843     0.001488     0.001167
   1975    35-39   0.000930     0.002287     0.001602
   1975    40-44   0.001324     0.003259     0.002281
   1975    45-49   0.002158     0.004338     0.003230
   1975    50-54   0.003507     0.007160     0.005127
   1975    55-59   0.006157     0.011716     0.008634
   1975    60-64   0.009117     0.017431     0.012845
   1975    65-69   0.015869     0.032067     0.023131
   1975    70-74   0.032417     0.054560     0.042043
   1975    75-79   0.061276     0.087801     0.071978
   1975    80-84   0.107469     0.141236     0.119747
   1975    85-89   0.187293     0.231665     0.200728
   1975    90-94   0.293172     0.373625     0.313746
   1975    95-99   0.380745     0.460030     0.398128
   1975   100-104  0.461538     0.272727     0.420000
   1975   105-109         .     0.000000     0.000000
   1975   110+            .            .            .
   1976     0      0.008409     0.011382     0.009920
   1976     1-4    0.000742     0.000931     0.000838
   1976     5-9    0.000310     0.000387     0.000350
   1976    10-14   0.000240     0.000241     0.000240
   1976    15-19   0.000276     0.000980     0.000635
   1976    20-24   0.000430     0.001484     0.000937
   1976    25-29   0.000625     0.000941     0.000784
   1976    30-34   0.000564     0.001426     0.000998
   1976    35-39   0.001262     0.002246     0.001752
   1976    40-44   0.001338     0.002814     0.002066
   1976    45-49   0.002071     0.004390     0.003215
   1976    50-54   0.003086     0.006906     0.004823
   1976    55-59   0.004884     0.009605     0.006963
   1976    60-64   0.009299     0.018024     0.013201
   1976    65-69   0.015777     0.029752     0.021992
   1976    70-74   0.030634     0.052210     0.039976
   1976    75-79   0.058623     0.085660     0.069569
   1976    80-84   0.112024     0.141507     0.122713
   1976    85-89   0.189114     0.215694     0.197418
   1976    90-94   0.303033     0.335348     0.311205
   1976    95-99   0.390706     0.508755     0.413845
   1976   100-104  0.322581     1.058824     0.436364
   1976   105-109         .     0.000000     0.000000
   1976   110+            .            .            .
   1977     0      0.007915     0.010363     0.009163
   1977     1-4    0.000742     0.000974     0.000860
   1977     5-9    0.000274     0.000558     0.000420
   1977    10-14   0.000126     0.000318     0.000224
   1977    15-19   0.000272     0.000843     0.000563
   1977    20-24   0.000486     0.001075     0.000773
   1977    25-29   0.000604     0.001050     0.000827
   1977    30-34   0.000718     0.001120     0.000922
   1977    35-39   0.000807     0.001687     0.001246
   1977    40-44   0.001393     0.002813     0.002092
   1977    45-49   0.001835     0.004285     0.003043
   1977    50-54   0.003640     0.005811     0.004653
   1977    55-59   0.004629     0.009655     0.006816
   1977    60-64   0.008682     0.015214     0.011597
   1977    65-69   0.015137     0.028536     0.021050
   1977    70-74   0.028319     0.049129     0.037316
   1977    75-79   0.058166     0.083698     0.068532
   1977    80-84   0.103665     0.129725     0.113172
   1977    85-89   0.172511     0.212404     0.185356
   1977    90-94   0.279431     0.313201     0.287843
   1977    95-99   0.396404     0.380406     0.393132
   1977   100-104  0.308992     0.448096     0.325851
   1977   105-109         .     0.000000     0.000000
   1977   110+            .            .            .
   1978     0      0.007776     0.009250     0.008530
   1978     1-4    0.000793     0.001067     0.000932
   1978     5-9    0.000174     0.000453     0.000318
   1978    10-14   0.000259     0.000216     0.000237
   1978    15-19   0.000373     0.000802     0.000592
   1978    20-24   0.000560     0.001150     0.000851
   1978    25-29   0.000687     0.001178     0.000932
   1978    30-34   0.000710     0.001105     0.000912
   1978    35-39   0.001141     0.001575     0.001359
   1978    40-44   0.001361     0.003052     0.002193
   1978    45-49   0.002025     0.004120     0.003057
   1978    50-54   0.003207     0.006639     0.004844
   1978    55-59   0.005188     0.009786     0.007172
   1978    60-64   0.008267     0.016351     0.011858
   1978    65-69   0.013564     0.026915     0.019419
   1978    70-74   0.029705     0.044758     0.036211
   1978    75-79   0.054961     0.084464     0.066922
   1978    80-84   0.110579     0.131955     0.118469
   1978    85-89   0.172179     0.204592     0.182741
   1978    90-94   0.276018     0.256137     0.270947
   1978    95-99   0.392816     0.409091     0.396301
   1978   100-104  0.707231     1.042414     0.743177
   1978   105-109  0.000000     1.500000     0.857143
   1978   110+            .            .            .
   1979     0      0.006828     0.009726     0.008314
   1979     1-4    0.000481     0.000585     0.000534
   1979     5-9    0.000161     0.000409     0.000288
   1979    10-14   0.000213     0.000278     0.000246
   1979    15-19   0.000290     0.000930     0.000618
   1979    20-24   0.000506     0.001128     0.000813
   1979    25-29   0.000404     0.001079     0.000740
   1979    30-34   0.000644     0.001110     0.000882
   1979    35-39   0.000971     0.001806     0.001391
   1979    40-44   0.001058     0.002287     0.001664
   1979    45-49   0.002041     0.004775     0.003386
   1979    50-54   0.002941     0.005995     0.004419
   1979    55-59   0.004888     0.009521     0.006887
   1979    60-64   0.007264     0.014242     0.010347
   1979    65-69   0.011851     0.027290     0.018589
   1979    70-74   0.026076     0.044548     0.034041
   1979    75-79   0.046433     0.078094     0.059269
   1979    80-84   0.094049     0.123816     0.105092
   1979    85-89   0.162770     0.194312     0.173153
   1979    90-94   0.245454     0.288315     0.256648
   1979    95-99   0.346112     0.369781     0.351378
   1979   100-104  0.828232     0.000000     0.676186
   1979   105-109  0.857143            .     0.857143
   1979   110+            .            .            .
   1980     0      0.006216     0.008884     0.007580
   1980     1-4    0.000791     0.000626     0.000707
   1980     5-9    0.000201     0.000376     0.000291
   1980    10-14   0.000090     0.000268     0.000182
   1980    15-19   0.000193     0.000781     0.000495
   1980    20-24   0.000353     0.000955     0.000651
   1980    25-29   0.000415     0.000924     0.000669
   1980    30-34   0.000333     0.000965     0.000658
   1980    35-39   0.000841     0.001680     0.001264
   1980    40-44   0.001314     0.002233     0.001769
   1980    45-49   0.002008     0.004301     0.003135
   1980    50-54   0.002917     0.005776     0.004312
   1980    55-59   0.004292     0.008594     0.006174
   1980    60-64   0.006786     0.014989     0.010382
   1980    65-69   0.012820     0.025171     0.018205
   1980    70-74   0.025214     0.046282     0.034241
   1980    75-79   0.049748     0.080569     0.062204
   1980    80-84   0.098836     0.129189     0.110073
   1980    85-89   0.166159     0.205074     0.179075
   1980    90-94   0.292840     0.289717     0.292000
   1980    95-99   0.482020     0.420712     0.466520
   1980   100-104  0.575342     0.600000     0.580645
   1980   105-109  0.000000            .     0.000000
   1980   110+            .            .            .
   1981     0      0.007553     0.009227     0.008411
   1981     1-4    0.000553     0.000784     0.000671
   1981     5-9    0.000190     0.000356     0.000275
   1981    10-14   0.000144     0.000284     0.000216
   1981    15-19   0.000294     0.000622     0.000462
   1981    20-24   0.000403     0.001011     0.000706
   1981    25-29   0.000425     0.000761     0.000593
   1981    30-34   0.000576     0.001104     0.000847
   1981    35-39   0.000804     0.001559     0.001185
   1981    40-44   0.001210     0.002256     0.001730
   1981    45-49   0.001723     0.003726     0.002705
   1981    50-54   0.003013     0.005964     0.004456
   1981    55-59   0.004296     0.009201     0.006497
   1981    60-64   0.006600     0.014470     0.010009
   1981    65-69   0.012634     0.024550     0.017829
   1981    70-74   0.024763     0.043658     0.032792
   1981    75-79   0.047529     0.076273     0.059106
   1981    80-84   0.091088     0.129641     0.105358
   1981    85-89   0.175859     0.208660     0.186711
   1981    90-94   0.281383     0.301373     0.287031
   1981    95-99   0.393225     0.395898     0.393945
   1981   100-104  0.727273     0.000000     0.571429
   1981   105-109  3.000000            .     3.000000
   1981   110+            .            .            .
   1982     0      0.004836     0.006847     0.005863
   1982     1-4    0.000544     0.000738     0.000643
   1982     5-9    0.000138     0.000298     0.000219
   1982    10-14   0.000143     0.000280     0.000213
   1982    15-19   0.000308     0.000620     0.000467
   1982    20-24   0.000419     0.000923     0.000672
   1982    25-29   0.000338     0.000907     0.000622
   1982    30-34   0.000488     0.001117     0.000809
   1982    35-39   0.000828     0.001524     0.001181
   1982    40-44   0.001176     0.002414     0.001794
   1982    45-49   0.001815     0.004117     0.002942
   1982    50-54   0.002380     0.005506     0.003907
   1982    55-59   0.003810     0.008460     0.005952
   1982    60-64   0.006709     0.012921     0.009368
   1982    65-69   0.011701     0.023625     0.016892
   1982    70-74   0.021675     0.042212     0.030328
   1982    75-79   0.044998     0.071014     0.055489
   1982    80-84   0.085390     0.120581     0.098394
   1982    85-89   0.156708     0.173642     0.162357
   1982    90-94   0.245129     0.238062     0.243063
   1982    95-99   0.314950     0.388950     0.334095
   1982   100-104  0.433735     1.071429     0.594595
   1982   105-109         .            .            .
   1982   110+            .            .            .
   1983     0      0.006171     0.007133     0.006660
   1983     1-4    0.000407     0.000660     0.000536
   1983     5-9    0.000183     0.000167     0.000175
   1983    10-14   0.000087     0.000113     0.000101
   1983    15-19   0.000181     0.000791     0.000490
   1983    20-24   0.000473     0.001008     0.000742
   1983    25-29   0.000480     0.000935     0.000708
   1983    30-34   0.000615     0.000980     0.000801
   1983    35-39   0.000711     0.001412     0.001070
   1983    40-44   0.001357     0.002300     0.001829
   1983    45-49   0.001606     0.004019     0.002786
   1983    50-54   0.002347     0.005764     0.004016
   1983    55-59   0.003570     0.009038     0.006147
   1983    60-64   0.006771     0.013507     0.009630
   1983    65-69   0.011315     0.022924     0.016348
   1983    70-74   0.021877     0.042121     0.030348
   1983    75-79   0.042023     0.074590     0.055153
   1983    80-84   0.081360     0.119278     0.095306
   1983    85-89   0.159154     0.198247     0.172338
   1983    90-94   0.254528     0.293923     0.265994
   1983    95-99   0.414663     0.423182     0.416748
   1983   100-104  0.371681     1.071429     0.510638
   1983   105-109  0.000000            .     0.000000
   1983   110+            .            .            .
   1984     0      0.004974     0.006697     0.005853
   1984     1-4    0.000450     0.000757     0.000607
   1984     5-9    0.000177     0.000300     0.000240
   1984    10-14   0.000129     0.000215     0.000173
   1984    15-19   0.000296     0.000608     0.000455
   1984    20-24   0.000385     0.000771     0.000578
   1984    25-29   0.000455     0.000996     0.000727
   1984    30-34   0.000412     0.001032     0.000726
   1984    35-39   0.000645     0.001530     0.001099
   1984    40-44   0.001109     0.002575     0.001845
   1984    45-49   0.001728     0.003623     0.002657
   1984    50-54   0.002459     0.005841     0.004110
   1984    55-59   0.003616     0.009090     0.006232
   1984    60-64   0.006211     0.013299     0.009221
   1984    65-69   0.010488     0.022767     0.015784
   1984    70-74   0.019620     0.038311     0.027411
   1984    75-79   0.042144     0.067324     0.052264
   1984    80-84   0.080788     0.121176     0.095634
   1984    85-89   0.146813     0.174077     0.155918
   1984    90-94   0.239546     0.286096     0.253035
   1984    95-99   0.314619     0.252982     0.298991
   1984   100-104  0.620690     0.600000     0.616438
   1984   105-109  3.000000            .     3.000000
   1984   110+            .            .            .
   1985     0      0.006162     0.006132     0.006146
   1985     1-4    0.000542     0.000600     0.000572
   1985     5-9    0.000183     0.000276     0.000230
   1985    10-14   0.000117     0.000224     0.000172
   1985    15-19   0.000215     0.000761     0.000495
   1985    20-24   0.000332     0.000797     0.000563
   1985    25-29   0.000348     0.000953     0.000653
   1985    30-34   0.000481     0.001015     0.000751
   1985    35-39   0.000708     0.001424     0.001075
   1985    40-44   0.001190     0.002509     0.001853
   1985    45-49   0.001510     0.004058     0.002764
   1985    50-54   0.002585     0.005415     0.003965
   1985    55-59   0.003620     0.008842     0.006134
   1985    60-64   0.005632     0.013365     0.008961
   1985    65-69   0.010497     0.021615     0.015260
   1985    70-74   0.018720     0.037014     0.026345
   1985    75-79   0.035605     0.067739     0.048432
   1985    80-84   0.078023     0.117876     0.092663
   1985    85-89   0.148321     0.181717     0.159331
   1985    90-94   0.253367     0.284476     0.262640
   1985    95-99   0.427353     0.449607     0.432954
   1985   100-104  0.483221     0.654545     0.529412
   1985   105-109         .            .            .
   1985   110+            .            .            .
   1986     0      0.004599     0.005591     0.005105
   1986     1-4    0.000519     0.000515     0.000517
   1986     5-9    0.000118     0.000182     0.000151
   1986    10-14   0.000106     0.000185     0.000146
   1986    15-19   0.000208     0.000628     0.000423
   1986    20-24   0.000361     0.001020     0.000688
   1986    25-29   0.000634     0.000885     0.000761
   1986    30-34   0.000562     0.001125     0.000847
   1986    35-39   0.000767     0.001288     0.001034
   1986    40-44   0.001101     0.002067     0.001587
   1986    45-49   0.001493     0.003365     0.002418
   1986    50-54   0.002454     0.005482     0.003928
   1986    55-59   0.003158     0.008678     0.005823
   1986    60-64   0.005163     0.012297     0.008311
   1986    65-69   0.009181     0.019627     0.013608
   1986    70-74   0.018677     0.035842     0.025844
   1986    75-79   0.037397     0.066285     0.048809
   1986    80-84   0.076219     0.111126     0.088992
   1986    85-89   0.133980     0.174877     0.147386
   1986    90-94   0.232264     0.300853     0.252456
   1986    95-99   0.345283     0.390012     0.356486
   1986   100-104  0.440678     0.369231     0.421488
   1986   105-109         .            .            .
   1986   110+            .            .            .
   1987     0      0.004072     0.004512     0.004296
   1987     1-4    0.000308     0.000492     0.000402
   1987     5-9    0.000159     0.000223     0.000192
   1987    10-14   0.000160     0.000227     0.000194
   1987    15-19   0.000232     0.000595     0.000417
   1987    20-24   0.000356     0.000827     0.000591
   1987    25-29   0.000324     0.000963     0.000645
   1987    30-34   0.000468     0.000776     0.000624
   1987    35-39   0.000707     0.001273     0.000996
   1987    40-44   0.001147     0.002102     0.001631
   1987    45-49   0.001620     0.003553     0.002580
   1987    50-54   0.002297     0.005575     0.003888
   1987    55-59   0.003280     0.008025     0.005571
   1987    60-64   0.005136     0.012350     0.008402
   1987    65-69   0.008350     0.019051     0.012831
   1987    70-74   0.016187     0.034494     0.023836
   1987    75-79   0.032502     0.060818     0.043602
   1987    80-84   0.070843     0.103311     0.082680
   1987    85-89   0.125030     0.175511     0.141493
   1987    90-94   0.210120     0.225438     0.214633
   1987    95-99   0.319315     0.362034     0.329880
   1987   100-104  0.372881     0.500000     0.405063
   1987   105-109  0.000000            .     0.000000
   1987   110+            .            .            .
   1988     0      0.004352     0.003593     0.003965
   1988     1-4    0.000334     0.000505     0.000422
   1988     5-9    0.000189     0.000230     0.000210
   1988    10-14   0.000119     0.000157     0.000138
   1988    15-19   0.000308     0.000637     0.000476
   1988    20-24   0.000358     0.000917     0.000636
   1988    25-29   0.000402     0.000773     0.000588
   1988    30-34   0.000689     0.000894     0.000793
   1988    35-39   0.000557     0.000962     0.000763
   1988    40-44   0.001035     0.002099     0.001578
   1988    45-49   0.001754     0.003170     0.002460
   1988    50-54   0.002792     0.005012     0.003868
   1988    55-59   0.003186     0.008451     0.005728
   1988    60-64   0.005232     0.012277     0.008494
   1988    65-69   0.008207     0.018915     0.012649
   1988    70-74   0.017399     0.033829     0.024245
   1988    75-79   0.033076     0.061632     0.044228
   1988    80-84   0.073746     0.104362     0.084943
   1988    85-89   0.132208     0.172515     0.145280
   1988    90-94   0.237344     0.246826     0.240216
   1988    95-99   0.307727     0.367887     0.322100
   1988   100-104  0.625000     0.774194     0.661417
   1988   105-109  0.750000            .     0.750000
   1988   110+            .            .            .
   1989     0      0.004522     0.003506     0.004003
   1989     1-4    0.000492     0.000401     0.000446
   1989     5-9    0.000194     0.000285     0.000240
   1989    10-14   0.000100     0.000107     0.000104
   1989    15-19   0.000146     0.000559     0.000357
   1989    20-24   0.000398     0.000955     0.000675
   1989    25-29   0.000381     0.000792     0.000587
   1989    30-34   0.000541     0.000881     0.000714
   1989    35-39   0.000681     0.001131     0.000909
   1989    40-44   0.001058     0.002111     0.001598
   1989    45-49   0.001441     0.003167     0.002303
   1989    50-54   0.002206     0.005103     0.003615
   1989    55-59   0.003281     0.008416     0.005758
   1989    60-64   0.004875     0.010837     0.007679
   1989    65-69   0.008844     0.019240     0.013153
   1989    70-74   0.015202     0.032520     0.022387
   1989    75-79   0.030498     0.059015     0.041610
   1989    80-84   0.068604     0.104391     0.081707
   1989    85-89   0.126865     0.162160     0.138335
   1989    90-94   0.215016     0.277608     0.233669
   1989    95-99   0.314558     0.376616     0.329574
   1989   100-104  0.383562     0.763636     0.459854
   1989   105-109  1.500000            .     1.500000
   1989   110+            .            .            .
   1990     0      0.003092     0.003637     0.003372
   1990     1-4    0.000321     0.000525     0.000425
   1990     5-9    0.000159     0.000228     0.000194
   1990    10-14   0.000126     0.000177     0.000152
   1990    15-19   0.000283     0.000620     0.000455
   1990    20-24   0.000334     0.000876     0.000603
   1990    25-29   0.000308     0.000604     0.000456
   1990    30-34   0.000467     0.000871     0.000672
   1990    35-39   0.000752     0.001239     0.000998
   1990    40-44   0.000929     0.001877     0.001415
   1990    45-49   0.001651     0.002855     0.002253
   1990    50-54   0.002397     0.004571     0.003458
   1990    55-59   0.002972     0.007722     0.005260
   1990    60-64   0.005342     0.011828     0.008419
   1990    65-69   0.008197     0.018092     0.012358
   1990    70-74   0.015237     0.031006     0.021735
   1990    75-79   0.029616     0.057835     0.040636
   1990    80-84   0.063532     0.102128     0.077551
   1990    85-89   0.128538     0.158794     0.138410
   1990    90-94   0.207869     0.272465     0.226207
   1990    95-99   0.331771     0.398984     0.349048
   1990   100-104  0.481928     0.792453     0.536424
   1990   105-109  0.375000            .     0.375000
   1990   110+            .            .            .
   1991     0      0.003598     0.003686     0.003643
   1991     1-4    0.000332     0.000337     0.000335
   1991     5-9    0.000122     0.000142     0.000132
   1991    10-14   0.000166     0.000205     0.000186
   1991    15-19   0.000265     0.000764     0.000519
   1991    20-24   0.000269     0.000808     0.000538
   1991    25-29   0.000254     0.000746     0.000500
   1991    30-34   0.000549     0.000935     0.000745
   1991    35-39   0.000606     0.001041     0.000826
   1991    40-44   0.000962     0.001646     0.001312
   1991    45-49   0.001565     0.002938     0.002254
   1991    50-54   0.002084     0.004564     0.003301
   1991    55-59   0.003249     0.007641     0.005363
   1991    60-64   0.005086     0.011206     0.008000
   1991    65-69   0.008024     0.019658     0.013041
   1991    70-74   0.014655     0.031507     0.021525
   1991    75-79   0.029098     0.057382     0.040172
   1991    80-84   0.064015     0.099702     0.076825
   1991    85-89   0.114149     0.160964     0.129383
   1991    90-94   0.196376     0.261057     0.214425
   1991    95-99   0.314981     0.418892     0.339917
   1991   100-104  0.329897     0.777778     0.400000
   1991   105-109  1.285714            .     1.285714
   1991   110+            .            .            .
   1992     0      0.003370     0.005518     0.004469
   1992     1-4    0.000303     0.000638     0.000474
   1992     5-9    0.000235     0.000159     0.000196
   1992    10-14   0.000172     0.000235     0.000204
   1992    15-19   0.000186     0.000695     0.000445
   1992    20-24   0.000331     0.000863     0.000600
   1992    25-29   0.000388     0.000734     0.000561
   1992    30-34   0.000351     0.000899     0.000629
   1992    35-39   0.000707     0.001461     0.001090
   1992    40-44   0.001097     0.001796     0.001454
   1992    45-49   0.001590     0.003211     0.002410
   1992    50-54   0.002202     0.005051     0.003610
   1992    55-59   0.003153     0.007936     0.005450
   1992    60-64   0.004536     0.012582     0.008367
   1992    65-69   0.008154     0.019547     0.013195
   1992    70-74   0.014120     0.031725     0.021207
   1992    75-79   0.029007     0.057106     0.040012
   1992    80-84   0.060431     0.098099     0.073858
   1992    85-89   0.118310     0.168457     0.134435
   1992    90-94   0.192058     0.260629     0.211041
   1992    95-99   0.336551     0.363815     0.343003
   1992   100-104  0.465833     0.642857     0.488885
   1992   105-109  0.857143            .     0.857143
   1992   110+            .            .            .
   1993     0      0.004486     0.004988     0.004744
   1993     1-4    0.000269     0.000475     0.000374
   1993     5-9    0.000171     0.000218     0.000195
   1993    10-14   0.000126     0.000097     0.000111
   1993    15-19   0.000289     0.000519     0.000406
   1993    20-24   0.000333     0.000752     0.000546
   1993    25-29   0.000278     0.000808     0.000543
   1993    30-34   0.000340     0.000763     0.000554
   1993    35-39   0.000636     0.001191     0.000918
   1993    40-44   0.000853     0.001880     0.001375
   1993    45-49   0.001402     0.002811     0.002121
   1993    50-54   0.001910     0.004735     0.003312
   1993    55-59   0.003204     0.007223     0.005136
   1993    60-64   0.004453     0.012058     0.008072
   1993    65-69   0.007105     0.018369     0.012204
   1993    70-74   0.013138     0.030765     0.020165
   1993    75-79   0.027939     0.055621     0.038746
   1993    80-84   0.061068     0.102612     0.075799
   1993    85-89   0.119236     0.161877     0.132911
   1993    90-94   0.199440     0.231363     0.208302
   1993    95-99   0.284126     0.359540     0.302671
   1993   100-104  0.453401     0.562500     0.468547
   1993   105-109  0.428571            .     0.428571
   1993   110+            .            .            .
   1994     0      0.003745     0.003896     0.003823
   1994     1-4    0.000381     0.000506     0.000445
   1994     5-9    0.000117     0.000266     0.000194
   1994    10-14   0.000090     0.000198     0.000145
   1994    15-19   0.000186     0.000506     0.000350
   1994    20-24   0.000298     0.000851     0.000579
   1994    25-29   0.000331     0.000733     0.000533
   1994    30-34   0.000488     0.000886     0.000689
   1994    35-39   0.000577     0.001019     0.000802
   1994    40-44   0.000889     0.001876     0.001390
   1994    45-49   0.001456     0.002722     0.002104
   1994    50-54   0.002174     0.004378     0.003271
   1994    55-59   0.003218     0.007469     0.005269
   1994    60-64   0.004996     0.012034     0.008345
   1994    65-69   0.007232     0.019141     0.012706
   1994    70-74   0.012177     0.030765     0.019583
   1994    75-79   0.026806     0.056321     0.038257
   1994    80-84   0.056329     0.095261     0.070103
   1994    85-89   0.110791     0.160530     0.126664
   1994    90-94   0.199861     0.273426     0.220140
   1994    95-99   0.343294     0.351990     0.345414
   1994   100-104  0.479419     0.667160     0.518339
   1994   105-109  0.857143     0.000000     0.750000
   1994   110+            .            .            .
   1995     0      0.003600     0.003104     0.003346
   1995     1-4    0.000236     0.000410     0.000325
   1995     5-9    0.000106     0.000334     0.000222
   1995    10-14   0.000092     0.000227     0.000161
   1995    15-19   0.000250     0.000473     0.000365
   1995    20-24   0.000244     0.000776     0.000514
   1995    25-29   0.000229     0.000732     0.000483
   1995    30-34   0.000501     0.000944     0.000725
   1995    35-39   0.000501     0.001096     0.000805
   1995    40-44   0.001057     0.001927     0.001498
   1995    45-49   0.001509     0.002732     0.002136
   1995    50-54   0.002259     0.005288     0.003769
   1995    55-59   0.003389     0.006912     0.005097
   1995    60-64   0.004512     0.011826     0.007991
   1995    65-69   0.007171     0.018228     0.012295
   1995    70-74   0.013838     0.031906     0.021142
   1995    75-79   0.027401     0.054298     0.037763
   1995    80-84   0.055583     0.095570     0.069730
   1995    85-89   0.108591     0.164789     0.126239
   1995    90-94   0.192835     0.233565     0.203962
   1995    95-99   0.261391     0.355884     0.283108
   1995   100-104  0.295688     0.500000     0.339257
   1995   105-109  0.315789     2.400000     0.750000
   1995   110+            .            .            .
   1996     0      0.004293     0.004170     0.004230
   1996     1-4    0.000302     0.000393     0.000349
   1996     5-9    0.000125     0.000105     0.000115
   1996    10-14   0.000081     0.000129     0.000106
   1996    15-19   0.000153     0.000399     0.000280
   1996    20-24   0.000339     0.000827     0.000587
   1996    25-29   0.000307     0.000853     0.000584
   1996    30-34   0.000465     0.000786     0.000627
   1996    35-39   0.000623     0.001073     0.000852
   1996    40-44   0.000995     0.001641     0.001323
   1996    45-49   0.001410     0.002845     0.002145
   1996    50-54   0.002289     0.004944     0.003617
   1996    55-59   0.002845     0.006974     0.004858
   1996    60-64   0.004217     0.011182     0.007527
   1996    65-69   0.006980     0.018755     0.012455
   1996    70-74   0.012215     0.029040     0.019192
   1996    75-79   0.024123     0.049311     0.033735
   1996    80-84   0.048862     0.090556     0.063618
   1996    85-89   0.096112     0.145954     0.111521
   1996    90-94   0.174807     0.242429     0.193076
   1996    95-99   0.271894     0.348710     0.288676
   1996   100-104  0.271451     0.377622     0.290816
   1996   105-109  1.142857            .     1.142857
   1996   110+            .            .            .
   1997     0      0.003520     0.003984     0.003757
   1997     1-4    0.000175     0.000377     0.000279
   1997     5-9    0.000113     0.000201     0.000158
   1997    10-14   0.000097     0.000172     0.000135
   1997    15-19   0.000267     0.000534     0.000404
   1997    20-24   0.000215     0.000671     0.000448
   1997    25-29   0.000467     0.000664     0.000567
   1997    30-34   0.000291     0.000955     0.000626
   1997    35-39   0.000539     0.001215     0.000883
   1997    40-44   0.000945     0.001827     0.001394
   1997    45-49   0.001503     0.003060     0.002298
   1997    50-54   0.002530     0.005151     0.003851
   1997    55-59   0.002719     0.007239     0.004935
   1997    60-64   0.004271     0.011219     0.007569
   1997    65-69   0.006445     0.017899     0.011772
   1997    70-74   0.012469     0.028957     0.019491
   1997    75-79   0.023429     0.050284     0.033556
   1997    80-84   0.048454     0.085926     0.061753
   1997    85-89   0.093831     0.146049     0.109813
   1997    90-94   0.165520     0.231934     0.183020
   1997    95-99   0.251685     0.311302     0.264840
   1997   100-104  0.417112     0.472641     0.427149
   1997   105-109  0.600000     0.000000     0.521739
   1997   110+            .            .            .
   1998     0      0.002902     0.004906     0.003921
   1998     1-4    0.000398     0.000401     0.000400
   1998     5-9    0.000132     0.000158     0.000145
   1998    10-14   0.000127     0.000163     0.000145
   1998    15-19   0.000280     0.000666     0.000478
   1998    20-24   0.000189     0.000809     0.000507
   1998    25-29   0.000271     0.000836     0.000560
   1998    30-34   0.000442     0.001024     0.000736
   1998    35-39   0.000574     0.001077     0.000830
   1998    40-44   0.000884     0.001946     0.001425
   1998    45-49   0.001402     0.003063     0.002247
   1998    50-54   0.002033     0.005078     0.003581
   1998    55-59   0.002811     0.007507     0.005123
   1998    60-64   0.004529     0.011594     0.007883
   1998    65-69   0.006484     0.016869     0.011316
   1998    70-74   0.011749     0.028738     0.019158
   1998    75-79   0.021383     0.046178     0.030645
   1998    80-84   0.046544     0.085143     0.060202
   1998    85-89   0.089901     0.143714     0.106323
   1998    90-94   0.165252     0.213192     0.177774
   1998    95-99   0.276284     0.357081     0.293874
   1998   100-104  0.402353     0.362588     0.394322
   1998   105-109  0.827586     1.200000     0.882353
   1998   110+            .            .            .
   1999     0      0.002498     0.004245     0.003391
   1999     1-4    0.000402     0.000321     0.000360
   1999     5-9    0.000118     0.000161     0.000140
   1999    10-14   0.000088     0.000084     0.000086
   1999    15-19   0.000215     0.000545     0.000384
   1999    20-24   0.000180     0.000870     0.000535
   1999    25-29   0.000334     0.000811     0.000578
   1999    30-34   0.000425     0.000938     0.000684
   1999    35-39   0.000526     0.001234     0.000885
   1999    40-44   0.000856     0.001951     0.001414
   1999    45-49   0.001518     0.003037     0.002289
   1999    50-54   0.001904     0.004769     0.003366
   1999    55-59   0.002735     0.007828     0.005246
   1999    60-64   0.004602     0.011236     0.007763
   1999    65-69   0.006252     0.018485     0.011944
   1999    70-74   0.011694     0.029991     0.019796
   1999    75-79   0.021326     0.049028     0.031684
   1999    80-84   0.046948     0.086447     0.060828
   1999    85-89   0.091400     0.147738     0.108512
   1999    90-94   0.169146     0.252474     0.190644
   1999    95-99   0.295933     0.334290     0.304210
   1999   100-104  0.425926     0.623092     0.465115
   1999   105-109  0.000000     0.600000     0.109091
   1999   110+            .            .            .
   2000     0      0.002465     0.003257     0.002871
   2000     1-4    0.000295     0.000348     0.000322
   2000     5-9    0.000102     0.000163     0.000133
   2000    10-14   0.000060     0.000159     0.000111
   2000    15-19   0.000172     0.000396     0.000287
   2000    20-24   0.000264     0.000526     0.000399
   2000    25-29   0.000276     0.000720     0.000503
   2000    30-34   0.000495     0.001067     0.000786
   2000    35-39   0.000538     0.001400     0.000975
   2000    40-44   0.000950     0.001886     0.001428
   2000    45-49   0.001567     0.002868     0.002227
   2000    50-54   0.001958     0.004994     0.003508
   2000    55-59   0.002740     0.007523     0.005100
   2000    60-64   0.004270     0.009877     0.006953
   2000    65-69   0.006500     0.017225     0.011488
   2000    70-74   0.010301     0.028305     0.018339
   2000    75-79   0.020530     0.047059     0.030604
   2000    80-84   0.042706     0.079860     0.055700
   2000    85-89   0.087580     0.136910     0.102523
   2000    90-94   0.147092     0.219312     0.165278
   2000    95-99   0.241236     0.308798     0.255775
   2000   100-104  0.404844     0.381689     0.400289
   2000   105-109  0.711864     1.333333     0.794118
   2000   110+            .            .            .
   2001     0      0.003071     0.003813     0.003453
   2001     1-4    0.000184     0.000419     0.000304
   2001     5-9    0.000069     0.000083     0.000076
   2001    10-14   0.000063     0.000135     0.000100
   2001    15-19   0.000232     0.000483     0.000361
   2001    20-24   0.000279     0.000813     0.000555
   2001    25-29   0.000275     0.000755     0.000520
   2001    30-34   0.000468     0.000967     0.000723
   2001    35-39   0.000563     0.001086     0.000828
   2001    40-44   0.000976     0.001638     0.001314
   2001    45-49   0.001578     0.003015     0.002307
   2001    50-54   0.002080     0.004555     0.003342
   2001    55-59   0.002567     0.007641     0.005078
   2001    60-64   0.003716     0.010409     0.006935
   2001    65-69   0.006178     0.017305     0.011352
   2001    70-74   0.010889     0.028310     0.018696
   2001    75-79   0.018785     0.045629     0.029244
   2001    80-84   0.040711     0.078929     0.053964
   2001    85-89   0.082620     0.131043     0.097366
   2001    90-94   0.150174     0.223627     0.168381
   2001    95-99   0.240731     0.312238     0.255382
   2001   100-104  0.342735     0.468949     0.365080
   2001   105-109  0.305085     0.000000     0.276923
   2001   110+            .            .            .
   2002     0      0.003164     0.003295     0.003231
   2002     1-4    0.000351     0.000246     0.000297
   2002     5-9    0.000070     0.000117     0.000094
   2002    10-14   0.000081     0.000108     0.000095
   2002    15-19   0.000179     0.000457     0.000321
   2002    20-24   0.000317     0.000671     0.000500
   2002    25-29   0.000239     0.000648     0.000448
   2002    30-34   0.000339     0.000831     0.000591
   2002    35-39   0.000476     0.001270     0.000878
   2002    40-44   0.000802     0.002080     0.001452
   2002    45-49   0.001374     0.002891     0.002145
   2002    50-54   0.002006     0.004661     0.003355
   2002    55-59   0.003128     0.006990     0.005056
   2002    60-64   0.004065     0.010545     0.007199
   2002    65-69   0.006125     0.015601     0.010530
   2002    70-74   0.009665     0.025941     0.016962
   2002    75-79   0.019640     0.044192     0.029476
   2002    80-84   0.038942     0.075306     0.051380
   2002    85-89   0.077083     0.129803     0.093215
   2002    90-94   0.145194     0.208362     0.160815
   2002    95-99   0.224027     0.315303     0.242130
   2002   100-104  0.351200     0.471533     0.369948
   2002   105-109  0.493151     0.000000     0.423529
   2002   110+            .            .            .
   2003     0      0.002458     0.003074     0.002771
   2003     1-4    0.000358     0.000250     0.000303
   2003     5-9    0.000035     0.000085     0.000061
   2003    10-14   0.000066     0.000047     0.000056
   2003    15-19   0.000234     0.000462     0.000351
   2003    20-24   0.000258     0.000760     0.000516
   2003    25-29   0.000353     0.000560     0.000459
   2003    30-34   0.000390     0.000913     0.000658
   2003    35-39   0.000668     0.001267     0.000971
   2003    40-44   0.000786     0.001611     0.001205
   2003    45-49   0.001404     0.002834     0.002131
   2003    50-54   0.001930     0.004797     0.003381
   2003    55-59   0.002959     0.006993     0.004992
   2003    60-64   0.004107     0.010037     0.006988
   2003    65-69   0.005802     0.014960     0.010070
   2003    70-74   0.009212     0.027122     0.017240
   2003    75-79   0.019139     0.044536     0.029563
   2003    80-84   0.039739     0.078546     0.052848
   2003    85-89   0.078500     0.131459     0.094616
   2003    90-94   0.144679     0.215864     0.162285
   2003    95-99   0.227096     0.311544     0.243634
   2003   100-104  0.325625     0.425197     0.339636
   2003   105-109  0.620690     0.230769     0.530973
   2003   110+     6.000000            .     6.000000
   2004     0      0.002719     0.003013     0.002869
   2004     1-4    0.000343     0.000420     0.000382
   2004     5-9    0.000072     0.000069     0.000070
   2004    10-14   0.000067     0.000177     0.000123
   2004    15-19   0.000208     0.000429     0.000321
   2004    20-24   0.000297     0.000610     0.000458
   2004    25-29   0.000411     0.000794     0.000607
   2004    30-34   0.000292     0.000861     0.000584
   2004    35-39   0.000464     0.001264     0.000869
   2004    40-44   0.001025     0.001908     0.001473
   2004    45-49   0.001480     0.002938     0.002221
   2004    50-54   0.001867     0.004390     0.003141
   2004    55-59   0.003029     0.006376     0.004724
   2004    60-64   0.003935     0.010121     0.006949
   2004    65-69   0.006166     0.015941     0.010744
   2004    70-74   0.010361     0.026368     0.017540
   2004    75-79   0.017592     0.042832     0.028111
   2004    80-84   0.036095     0.075987     0.049580
   2004    85-89   0.075818     0.131018     0.092498
   2004    90-94   0.138356     0.211043     0.156272
   2004    95-99   0.241385     0.311538     0.254904
   2004   100-104  0.409457     0.383057     0.405586
   2004   105-109  0.551020     1.500000     0.761905
   2004   110+     0.000000            .     0.000000
   2005     0      0.003057     0.002282     0.002660
   2005     1-4    0.000201     0.000240     0.000221
   2005     5-9    0.000110     0.000209     0.000161
   2005    10-14   0.000017     0.000180     0.000100
   2005    15-19   0.000147     0.000452     0.000303
   2005    20-24   0.000309     0.000816     0.000569
   2005    25-29   0.000280     0.000896     0.000597
   2005    30-34   0.000340     0.000764     0.000557
   2005    35-39   0.000481     0.001027     0.000759
   2005    40-44   0.000895     0.001969     0.001438
   2005    45-49   0.001342     0.002839     0.002103
   2005    50-54   0.001910     0.004551     0.003242
   2005    55-59   0.002581     0.006358     0.004495
   2005    60-64   0.003706     0.010284     0.006917
   2005    65-69   0.005978     0.015421     0.010420
   2005    70-74   0.009838     0.024836     0.016576
   2005    75-79   0.017788     0.044622     0.029070
   2005    80-84   0.038471     0.076661     0.051630
   2005    85-89   0.075679     0.133221     0.092972
   2005    90-94   0.138774     0.221008     0.158678
   2005    95-99   0.241627     0.304418     0.253567
   2005   100-104  0.369791     0.474914     0.385813
   2005   105-109  0.600000     0.857143     0.626866
   2005   110+     0.000000            .     0.000000
   2006     0      0.002329     0.002646     0.002491
   2006     1-4    0.000233     0.000298     0.000266
   2006     5-9    0.000074     0.000106     0.000090
   2006    10-14   0.000052     0.000149     0.000102
   2006    15-19   0.000302     0.000400     0.000352
   2006    20-24   0.000352     0.000586     0.000472
   2006    25-29   0.000354     0.000551     0.000455
   2006    30-34   0.000352     0.000966     0.000665
   2006    35-39   0.000593     0.001140     0.000873
   2006    40-44   0.000869     0.002005     0.001444
   2006    45-49   0.001173     0.002971     0.002086
   2006    50-54   0.001985     0.004099     0.003052
   2006    55-59   0.002690     0.006661     0.004700
   2006    60-64   0.003879     0.009811     0.006784
   2006    65-69   0.005411     0.014526     0.009720
   2006    70-74   0.009189     0.023840     0.015782
   2006    75-79   0.016319     0.041001     0.026743
   2006    80-84   0.034682     0.071198     0.047633
   2006    85-89   0.071241     0.124948     0.087219
   2006    90-94   0.140784     0.199283     0.154938
   2006    95-99   0.228148     0.307099     0.242870
   2006   100-104  0.322021     0.460813     0.342772
   2006   105-109  0.616438     0.000000     0.548780
   2006   110+     3.000000            .     3.000000
   2007     0      0.002955     0.001660     0.002290
   2007     1-4    0.000187     0.000205     0.000196
   2007     5-9    0.000076     0.000126     0.000102
   2007    10-14   0.000141     0.000100     0.000120
   2007    15-19   0.000210     0.000318     0.000265
   2007    20-24   0.000408     0.000844     0.000631
   2007    25-29   0.000319     0.000691     0.000511
   2007    30-34   0.000330     0.000760     0.000550
   2007    35-39   0.000530     0.001178     0.000862
   2007    40-44   0.000826     0.001790     0.001313
   2007    45-49   0.001460     0.002842     0.002161
   2007    50-54   0.001894     0.004008     0.002963
   2007    55-59   0.002486     0.006694     0.004609
   2007    60-64   0.003621     0.010463     0.007002
   2007    65-69   0.005727     0.014956     0.010114
   2007    70-74   0.009314     0.023684     0.015788
   2007    75-79   0.017708     0.042703     0.028275
   2007    80-84   0.033612     0.073947     0.048340
   2007    85-89   0.069630     0.126759     0.086319
   2007    90-94   0.136884     0.206496     0.153885
   2007    95-99   0.247331     0.316808     0.260244
   2007   100-104  0.378153     0.491784     0.394155
   2007   105-109  0.433333     0.444444     0.434783
   2007   110+     0.000000     6.000000     1.500000
   2008     0      0.002581     0.002616     0.002599
   2008     1-4    0.000081     0.000181     0.000132
   2008     5-9    0.000058     0.000148     0.000104
   2008    10-14   0.000089     0.000085     0.000087
   2008    15-19   0.000146     0.000331     0.000240
   2008    20-24   0.000180     0.000615     0.000404
   2008    25-29   0.000297     0.000748     0.000529
   2008    30-34   0.000447     0.000816     0.000636
   2008    35-39   0.000524     0.001086     0.000812
   2008    40-44   0.000741     0.001270     0.001009
   2008    45-49   0.001284     0.002559     0.001930
   2008    50-54   0.001958     0.004259     0.003123
   2008    55-59   0.002627     0.006292     0.004470
   2008    60-64   0.003809     0.008884     0.006341
   2008    65-69   0.005706     0.014386     0.009850
   2008    70-74   0.008898     0.022475     0.015033
   2008    75-79   0.016017     0.041868     0.026955
   2008    80-84   0.032850     0.071039     0.047147
   2008    85-89   0.068652     0.121773     0.083935
   2008    90-94   0.131722     0.200237     0.148342
   2008    95-99   0.228049     0.306059     0.242569
   2008   100-104  0.351783     0.475406     0.368323
   2008   105-109  0.435897     0.720000     0.463320
   2008   110+     0.000000            .     0.000000
   2009     0      0.001261     0.002571     0.001938
   2009     1-4    0.000166     0.000131     0.000148
   2009     5-9    0.000080     0.000095     0.000087
   2009    10-14   0.000090     0.000017     0.000053
   2009    15-19   0.000111     0.000407     0.000263
   2009    20-24   0.000429     0.000653     0.000544
   2009    25-29   0.000424     0.000626     0.000528
   2009    30-34   0.000323     0.000774     0.000554
   2009    35-39   0.000543     0.001098     0.000827
   2009    40-44   0.000805     0.001499     0.001157
   2009    45-49   0.001075     0.002591     0.001843
   2009    50-54   0.001945     0.003788     0.002878
   2009    55-59   0.002410     0.006332     0.004380
   2009    60-64   0.003539     0.008841     0.006198
   2009    65-69   0.005357     0.013536     0.009275
   2009    70-74   0.008287     0.022113     0.014565
   2009    75-79   0.015503     0.040420     0.026065
   2009    80-84   0.033667     0.069772     0.047402
   2009    85-89   0.065284     0.118650     0.080664
   2009    90-94   0.131748     0.188364     0.145447
   2009    95-99   0.237579     0.302633     0.249525
   2009   100-104  0.361611     0.465029     0.376127
   2009   105-109  0.463235     0.960000     0.505051
   2009   110+     1.500000            .     1.500000
   2010     0      0.001159     0.002309     0.001750
   2010     1-4    0.000280     0.000291     0.000286
   2010     5-9    0.000143     0.000156     0.000150
   2010    10-14   0.000055     0.000193     0.000126
   2010    15-19   0.000092     0.000473     0.000287
   2010    20-24   0.000355     0.000747     0.000557
   2010    25-29   0.000260     0.000790     0.000533
   2010    30-34   0.000452     0.000871     0.000667
   2010    35-39   0.000678     0.001212     0.000952
   2010    40-44   0.000809     0.001529     0.001176
   2010    45-49   0.001101     0.002495     0.001806
   2010    50-54   0.001699     0.004035     0.002883
   2010    55-59   0.002548     0.006251     0.004407
   2010    60-64   0.003183     0.008406     0.005807
   2010    65-69   0.005444     0.014084     0.009592
   2010    70-74   0.008114     0.021900     0.014405
   2010    75-79   0.016081     0.039077     0.025861
   2010    80-84   0.032684     0.072467     0.047949
   2010    85-89   0.067396     0.125638     0.084544
   2010    90-94   0.137981     0.213484     0.156224
   2010    95-99   0.251574     0.338724     0.267350
   2010   100-104  0.404300     0.409260     0.404984
   2010   105-109  0.587778     0.600000     0.588903
   2010   110+     0.000000            .     0.000000
   2011     0      0.001985     0.001651     0.001813
   2011     1-4    0.000086     0.000240     0.000165
   2011     5-9    0.000105     0.000060     0.000082
   2011    10-14   0.000075     0.000143     0.000110
   2011    15-19   0.000166     0.000333     0.000251
   2011    20-24   0.000350     0.000724     0.000542
   2011    25-29   0.000337     0.000839     0.000595
   2011    30-34   0.000455     0.000605     0.000532
   2011    35-39   0.000520     0.000949     0.000739
   2011    40-44   0.000596     0.001485     0.001051
   2011    45-49   0.001284     0.002712     0.002006
   2011    50-54   0.001829     0.003806     0.002831
   2011    55-59   0.002093     0.005962     0.004036
   2011    60-64   0.003720     0.009039     0.006389
   2011    65-69   0.004942     0.013576     0.009103
   2011    70-74   0.008642     0.021260     0.014439
   2011    75-79   0.016288     0.040456     0.026598
   2011    80-84   0.032634     0.072421     0.047967
   2011    85-89   0.067741     0.125076     0.085134
   2011    90-94   0.134925     0.208925     0.152483
   2011    95-99   0.248905     0.331248     0.263780
   2011   100-104  0.433859     0.437368     0.434329
   2011   105-109  0.678072     0.947368     0.708256
   2011   110+     1.090909            .     1.090909
   2012     0      0.001179     0.001112     0.001145
   2012     1-4    0.000201     0.000162     0.000181
   2012     5-9    0.000000     0.000123     0.000063
   2012    10-14   0.000019     0.000072     0.000046
   2012    15-19   0.000150     0.000250     0.000201
   2012    20-24   0.000291     0.000710     0.000506
   2012    25-29   0.000308     0.000633     0.000475
   2012    30-34   0.000346     0.000775     0.000567
   2012    35-39   0.000577     0.000973     0.000780
   2012    40-44   0.000694     0.001280     0.000994
   2012    45-49   0.001252     0.002666     0.001967
   2012    50-54   0.001623     0.003550     0.002600
   2012    55-59   0.002298     0.006337     0.004330
   2012    60-64   0.003517     0.009453     0.006485
   2012    65-69   0.005215     0.013694     0.009341
   2012    70-74   0.008499     0.022111     0.014799
   2012    75-79   0.015523     0.037966     0.025120
   2012    80-84   0.032159     0.073536     0.048146
   2012    85-89   0.068890     0.121645     0.085430
   2012    90-94   0.139051     0.206917     0.154730
   2012    95-99   0.257214     0.341633     0.272680
   2012   100-104  0.442871     0.466337     0.446072
   2012   105-109  0.611465     0.292683     0.574648
   2012   110+     0.461538     0.000000     0.375000
   2013     0      0.001672     0.002613     0.002154
   2013     1-4    0.000058     0.000164     0.000113
   2013     5-9    0.000065     0.000062     0.000064
   2013    10-14   0.000058     0.000074     0.000066
   2013    15-19   0.000133     0.000364     0.000251
   2013    20-24   0.000481     0.000689     0.000589
   2013    25-29   0.000242     0.000544     0.000398
   2013    30-34   0.000391     0.000696     0.000548
   2013    35-39   0.000592     0.000992     0.000797
   2013    40-44   0.000820     0.001648     0.001245
   2013    45-49   0.001276     0.002193     0.001739
   2013    50-54   0.001719     0.003428     0.002584
   2013    55-59   0.002634     0.004993     0.003822
   2013    60-64   0.003901     0.008698     0.006292
   2013    65-69   0.005441     0.013229     0.009270
   2013    70-74   0.008662     0.020808     0.014315
   2013    75-79   0.015766     0.034900     0.023996
   2013    80-84   0.032604     0.068881     0.046651
   2013    85-89   0.068774     0.128068     0.087827
   2013    90-94   0.139863     0.207736     0.155265
   2013    95-99   0.258398     0.314075     0.268685
   2013   100-104  0.434434     0.523306     0.446855
   2013   105-109  0.403226     0.789474     0.439024
   2013   110+     0.800000     1.500000     0.947368
   2014     0      0.001734     0.002232     0.001989
   2014     1-4    0.000293     0.000111     0.000200
   2014     5-9    0.000066     0.000042     0.000054
   2014    10-14   0.000020     0.000132     0.000077
   2014    15-19   0.000173     0.000257     0.000216
   2014    20-24   0.000276     0.000677     0.000483
   2014    25-29   0.000364     0.000614     0.000493
   2014    30-34   0.000367     0.000731     0.000554
   2014    35-39   0.000404     0.000770     0.000592
   2014    40-44   0.000768     0.001550     0.001169
   2014    45-49   0.001206     0.002211     0.001715
   2014    50-54   0.001529     0.003440     0.002495
   2014    55-59   0.002676     0.005382     0.004040
   2014    60-64   0.003353     0.008646     0.005989
   2014    65-69   0.004658     0.013365     0.008961
   2014    70-74   0.008216     0.022159     0.014726
   2014    75-79   0.015035     0.036055     0.024150
   2014    80-84   0.031767     0.066674     0.045356
   2014    85-89   0.066969     0.121829     0.084839
   2014    90-94   0.138024     0.197170     0.151521
   2014    95-99   0.236723     0.315584     0.251103
   2014   100-104  0.406554     0.461205     0.414293
   2014   105-109  0.618834     0.588235     0.615694
   2014   110+     0.000000            .     0.000000
   2015     0      0.001927     0.002197     0.002065
   2015     1-4    0.000179     0.000114     0.000146
   2015     5-9    0.000000     0.000085     0.000043
   2015    10-14   0.000020     0.000116     0.000069
   2015    15-19   0.000135     0.000276     0.000207
   2015    20-24   0.000238     0.000546     0.000397
   2015    25-29   0.000238     0.000561     0.000404
   2015    30-34   0.000514     0.000716     0.000618
   2015    35-39   0.000348     0.001015     0.000691
   2015    40-44   0.000822     0.001435     0.001136
   2015    45-49   0.001211     0.001788     0.001505
   2015    50-54   0.001671     0.003153     0.002420
   2015    55-59   0.002033     0.005222     0.003641
   2015    60-64   0.003228     0.008890     0.006046
   2015    65-69   0.005077     0.012636     0.008818
   2015    70-74   0.008062     0.020577     0.013915
   2015    75-79   0.015225     0.033444     0.023185
   2015    80-84   0.031549     0.066916     0.045414
   2015    85-89   0.065582     0.116803     0.082433
   2015    90-94   0.130244     0.202544     0.147233
   2015    95-99   0.235753     0.314419     0.250003
   2015   100-104  0.392295     0.513243     0.408516
   2015   105-109  0.544218     0.434783     0.529412
   2015   110+     0.428571            .     0.428571
   2016     0      0.001055     0.001492     0.001280
   2016     1-4    0.000246     0.000206     0.000226
   2016     5-9    0.000000     0.000064     0.000033
   2016    10-14   0.000105     0.000060     0.000082
   2016    15-19   0.000156     0.000295     0.000228
   2016    20-24   0.000374     0.000496     0.000437
   2016    25-29   0.000309     0.000540     0.000428
   2016    30-34   0.000315     0.000582     0.000452
   2016    35-39   0.000558     0.000810     0.000688
   2016    40-44   0.000819     0.001223     0.001025
   2016    45-49   0.001044     0.002291     0.001682
   2016    50-54   0.001691     0.003356     0.002533
   2016    55-59   0.002322     0.005489     0.003920
   2016    60-64   0.003308     0.008150     0.005720
   2016    65-69   0.004969     0.012464     0.008675
   2016    70-74   0.008566     0.020699     0.014264
   2016    75-79   0.014925     0.032802     0.022805
   2016    80-84   0.030318     0.065146     0.044073
   2016    85-89   0.065863     0.119920     0.083782
   2016    90-94   0.125328     0.200003     0.143510
   2016    95-99   0.235780     0.323657     0.251302
   2016   100-104  0.410013     0.524599     0.424322
   2016   105-109  0.584071     0.480000     0.569260
   2016   110+     0.461538            .     0.461538
   2017     0      0.001352     0.001783     0.001574
   2017     1-4    0.000126     0.000210     0.000169
   2017     5-9    0.000046     0.000087     0.000067
   2017    10-14   0.000064     0.000102     0.000083
   2017    15-19   0.000161     0.000321     0.000243
   2017    20-24   0.000133     0.000416     0.000279
   2017    25-29   0.000234     0.000595     0.000421
   2017    30-34   0.000556     0.000784     0.000673
   2017    35-39   0.000502     0.000709     0.000608
   2017    40-44   0.000749     0.001412     0.001088
   2017    45-49   0.001135     0.001900     0.001527
   2017    50-54   0.001734     0.003342     0.002547
   2017    55-59   0.002682     0.004741     0.003720
   2017    60-64   0.003206     0.007925     0.005562
   2017    65-69   0.005233     0.013572     0.009342
   2017    70-74   0.007711     0.020108     0.013595
   2017    75-79   0.014732     0.033416     0.023032
   2017    80-84   0.029642     0.062019     0.042503
   2017    85-89   0.065174     0.116536     0.082334
   2017    90-94   0.127857     0.205488     0.147339
   2017    95-99   0.240406     0.336461     0.256781
   2017   100-104  0.361270     0.459948     0.373610
   2017   105-109  0.483301     0.872727     0.521277
   2017   110+     0.352941     0.000000     0.300000
   2018     0      0.001540     0.002132     0.001844
   2018     1-4    0.000195     0.000215     0.000205
   2018     5-9    0.000139     0.000088     0.000113
   2018    10-14   0.000000     0.000062     0.000032
   2018    15-19   0.000124     0.000214     0.000170
   2018    20-24   0.000180     0.000649     0.000423
   2018    25-29   0.000264     0.000573     0.000424
   2018    30-34   0.000428     0.000594     0.000513
   2018    35-39   0.000533     0.000858     0.000700
   2018    40-44   0.000849     0.001145     0.001001
   2018    45-49   0.001233     0.001809     0.001529
   2018    50-54   0.001532     0.002940     0.002243
   2018    55-59   0.002310     0.004875     0.003603
   2018    60-64   0.003334     0.008387     0.005860
   2018    65-69   0.005065     0.012948     0.008938
   2018    70-74   0.008039     0.020203     0.013876
   2018    75-79   0.014530     0.033482     0.022996
   2018    80-84   0.030982     0.064419     0.044359
   2018    85-89   0.065156     0.113696     0.081514
   2018    90-94   0.130713     0.198943     0.148278
   2018    95-99   0.234738     0.341150     0.252239
   2018   100-104  0.420709     0.491203     0.429645
   2018   105-109  0.551767     0.327273     0.532210
   2018   110+     0.818182     0.000000     0.642857
   2019     0      0.001755     0.001976     0.001867
   2019     1-4    0.000100     0.000190     0.000146
   2019     5-9    0.000118     0.000068     0.000092
   2019    10-14   0.000044     0.000084     0.000065
   2019    15-19   0.000210     0.000276     0.000244
   2019    20-24   0.000231     0.000467     0.000354
   2019    25-29   0.000249     0.000528     0.000394
   2019    30-34   0.000307     0.000613     0.000465
   2019    35-39   0.000548     0.000838     0.000697
   2019    40-44   0.000587     0.001142     0.000872
   2019    45-49   0.001215     0.001974     0.001605
   2019    50-54   0.001705     0.003272     0.002499
   2019    55-59   0.002334     0.004639     0.003494
   2019    60-64   0.003119     0.008550     0.005835
   2019    65-69   0.004674     0.013280     0.008899
   2019    70-74   0.007650     0.019784     0.013505
   2019    75-79   0.015065     0.033064     0.023137
   2019    80-84   0.029315     0.060908     0.042066
   2019    85-89   0.064937     0.118664     0.083178
   2019    90-94   0.137314     0.195733     0.152658
   2019    95-99   0.245546     0.329264     0.259342
   2019   100-104  0.387449     0.463051     0.396732
   2019   105-109  0.545483     0.985401     0.583282
   2019   110+     1.800000     0.000000     1.125000
   2020     0      0.001556     0.001510     0.001533
   2020     1-4    0.000139     0.000099     0.000119
   2020     5-9    0.000121     0.000023     0.000071
   2020    10-14   0.000067     0.000085     0.000076
   2020    15-19   0.000170     0.000199     0.000185
   2020    20-24   0.000261     0.000605     0.000441
   2020    25-29   0.000373     0.000603     0.000492
   2020    30-34   0.000300     0.000561     0.000435
   2020    35-39   0.000325     0.000698     0.000516
   2020    40-44   0.000653     0.001014     0.000839
   2020    45-49   0.001013     0.001992     0.001515
   2020    50-54   0.001888     0.003087     0.002499
   2020    55-59   0.002170     0.004773     0.003479
   2020    60-64   0.003056     0.007393     0.005227
   2020    65-69   0.004718     0.012877     0.008723
   2020    70-74   0.008008     0.019218     0.013426
   2020    75-79   0.014168     0.033361     0.022796
   2020    80-84   0.029176     0.059200     0.041407
   2020    85-89   0.060275     0.109385     0.077123
   2020    90-94   0.124983     0.191324     0.142650
   2020    95-99   0.218499     0.285144     0.230063
   2020   100-104  0.358720     0.508512     0.376806
   2020   105-109  0.511595     0.395713     0.502538
   2020   110+            .     3.000000     3.000000
   2021     0      0.001640     0.001738     0.001690
   2021     1-4    0.000328     0.000105     0.000214
   2021     5-9    0.000049     0.000047     0.000048
   2021    10-14   0.000090     0.000128     0.000110
   2021    15-19   0.000150     0.000161     0.000156
   2021    20-24   0.000165     0.000471     0.000325
   2021    25-29   0.000385     0.000638     0.000517
   2021    30-34   0.000333     0.000839     0.000594
   2021    35-39   0.000421     0.000731     0.000580
   2021    40-44   0.000860     0.001136     0.001002
   2021    45-49   0.001178     0.002066     0.001632
   2021    50-54   0.001789     0.002935     0.002375
   2021    55-59   0.002197     0.004710     0.003462
   2021    60-64   0.003477     0.007417     0.005448
   2021    65-69   0.004594     0.012274     0.008367
   2021    70-74   0.007793     0.020623     0.013984
   2021    75-79   0.014493     0.034397     0.023470
   2021    80-84   0.028216     0.059209     0.040965
   2021    85-89   0.063133     0.114021     0.080781
   2021    90-94   0.130258     0.200076     0.149018
   2021    95-99   0.225800     0.322640     0.243472
   2021   100-104  0.422884     0.462837     0.427613
   2021   105-109  0.642649     0.375188     0.618167
   2021   110+            .            .            .
   2022     0      0.002019     0.001917     0.001966
   2022     1-4    0.000114     0.000147     0.000131
   2022     5-9    0.000025     0.000072     0.000050
   2022    10-14   0.000092     0.000065     0.000078
   2022    15-19   0.000108     0.000204     0.000157
   2022    20-24   0.000364     0.000607     0.000491
   2022    25-29   0.000341     0.000420     0.000382
   2022    30-34   0.000281     0.000404     0.000345
   2022    35-39   0.000414     0.000918     0.000673
   2022    40-44   0.000454     0.001048     0.000760
   2022    45-49   0.001243     0.001898     0.001578
   2022    50-54   0.001481     0.003262     0.002395
   2022    55-59   0.002566     0.005077     0.003829
   2022    60-64   0.003781     0.007723     0.005753
   2022    65-69   0.005113     0.013024     0.009007
   2022    70-74   0.007995     0.020590     0.014048
   2022    75-79   0.015458     0.034658     0.024210
   2022    80-84   0.031425     0.061500     0.043911
   2022    85-89   0.061903     0.114457     0.080268
   2022    90-94   0.136419     0.198664     0.153326
   2022    95-99   0.243430     0.324262     0.258656
   2022   100-104  0.402339     0.539937     0.418381
   2022   105-109  0.569604     0.976271     0.603499
   2022   110+     0.000000            .     0.000000
