11.Saitama.ken, Death Rates (period 5x1)     Last modified:2023-12-05, ver.004_004 JMD(IPSS)

   Year      Age       Female       Male         Total
   1947     0      0.083647     0.097594     0.090768
   1947     1-4    0.017849     0.018287     0.018071
   1947     5-9    0.003770     0.003818     0.003794
   1947    10-14   0.001692     0.001751     0.001722
   1947    15-19   0.004746     0.004264     0.004510
   1947    20-24   0.007267     0.008315     0.007761
   1947    25-29   0.006983     0.008733     0.007760
   1947    30-34   0.007171     0.006752     0.006976
   1947    35-39   0.007130     0.006858     0.006998
   1947    40-44   0.008026     0.008297     0.008165
   1947    45-49   0.010341     0.011106     0.010735
   1947    50-54   0.013775     0.015523     0.014661
   1947    55-59   0.016996     0.023875     0.020412
   1947    60-64   0.027950     0.039921     0.033576
   1947    65-69   0.043131     0.064382     0.052671
   1947    70-74   0.070030     0.093643     0.079806
   1947    75-79   0.109451     0.146964     0.123689
   1947    80-84   0.174049     0.205708     0.184630
   1947    85-89   0.268705     0.348454     0.292755
   1947    90-94   0.444198     0.426499     0.440193
   1947    95-99   0.627827     0.686106     0.636134
   1947   100-104  0.000000     0.000000     0.000000
   1947   105-109         .            .            .
   1947   110+            .            .            .
   1948     0      0.057259     0.066546     0.062006
   1948     1-4    0.009185     0.009711     0.009452
   1948     5-9    0.002396     0.002735     0.002568
   1948    10-14   0.001436     0.001545     0.001490
   1948    15-19   0.003705     0.003182     0.003449
   1948    20-24   0.006574     0.006979     0.006768
   1948    25-29   0.006591     0.006913     0.006733
   1948    30-34   0.005875     0.006377     0.006107
   1948    35-39   0.006648     0.006968     0.006802
   1948    40-44   0.006830     0.007494     0.007167
   1948    45-49   0.007851     0.010254     0.009089
   1948    50-54   0.009921     0.014186     0.012088
   1948    55-59   0.015810     0.022316     0.019045
   1948    60-64   0.023530     0.035381     0.029151
   1948    65-69   0.037384     0.057303     0.046307
   1948    70-74   0.061572     0.085525     0.071549
   1948    75-79   0.093451     0.114404     0.101413
   1948    80-84   0.149264     0.179576     0.159395
   1948    85-89   0.251907     0.303681     0.267098
   1948    90-94   0.313761     0.456423     0.347051
   1948    95-99   0.649116     0.911392     0.699437
   1948   100-104  0.000000     1.500000     1.224490
   1948   105-109         .            .            .
   1948   110+            .            .            .
   1949     0      0.063121     0.071290     0.067302
   1949     1-4    0.011803     0.013077     0.012451
   1949     5-9    0.002358     0.002589     0.002475
   1949    10-14   0.001287     0.001210     0.001248
   1949    15-19   0.003027     0.002778     0.002905
   1949    20-24   0.005214     0.006251     0.005718
   1949    25-29   0.005779     0.006689     0.006181
   1949    30-34   0.005337     0.005545     0.005432
   1949    35-39   0.005522     0.005400     0.005464
   1949    40-44   0.006818     0.006784     0.006801
   1949    45-49   0.007613     0.008916     0.008283
   1949    50-54   0.011077     0.013408     0.012265
   1949    55-59   0.014846     0.022775     0.018797
   1949    60-64   0.022295     0.033901     0.027847
   1949    65-69   0.038418     0.058295     0.047316
   1949    70-74   0.062350     0.086673     0.072501
   1949    75-79   0.096346     0.124119     0.106979
   1949    80-84   0.161010     0.190992     0.171050
   1949    85-89   0.270723     0.268675     0.270118
   1949    90-94   0.350036     0.667337     0.424416
   1949    95-99   0.443077     0.234926     0.393295
   1949   100-104  0.000000            .     0.000000
   1949   105-109  0.000000            .     0.000000
   1949   110+            .            .            .
   1950     0      0.062036     0.069137     0.065682
   1950     1-4    0.012859     0.013269     0.013068
   1950     5-9    0.002898     0.003381     0.003142
   1950    10-14   0.001529     0.001272     0.001399
   1950    15-19   0.002615     0.002789     0.002700
   1950    20-24   0.004564     0.004727     0.004644
   1950    25-29   0.004992     0.005755     0.005334
   1950    30-34   0.005059     0.004877     0.004977
   1950    35-39   0.005518     0.004759     0.005160
   1950    40-44   0.006301     0.006931     0.006616
   1950    45-49   0.007236     0.009302     0.008294
   1950    50-54   0.011219     0.013901     0.012590
   1950    55-59   0.016087     0.022034     0.019059
   1950    60-64   0.025375     0.035581     0.030280
   1950    65-69   0.040318     0.057865     0.048183
   1950    70-74   0.064257     0.091964     0.075822
   1950    75-79   0.105095     0.136432     0.117127
   1950    80-84   0.177106     0.230254     0.194889
   1950    85-89   0.247386     0.266104     0.253003
   1950    90-94   0.306099     0.496853     0.347830
   1950    95-99   0.509915     0.000000     0.383632
   1950   100-104  0.000000            .     0.000000
   1950   105-109  0.000000            .     0.000000
   1950   110+            .            .            .
   1951     0      0.054029     0.062526     0.058398
   1951     1-4    0.010265     0.010178     0.010220
   1951     5-9    0.002092     0.002427     0.002261
   1951    10-14   0.001064     0.001215     0.001140
   1951    15-19   0.001874     0.001849     0.001862
   1951    20-24   0.003480     0.003654     0.003565
   1951    25-29   0.003877     0.004222     0.004036
   1951    30-34   0.004457     0.004234     0.004357
   1951    35-39   0.004517     0.004718     0.004612
   1951    40-44   0.005811     0.006063     0.005935
   1951    45-49   0.007483     0.008683     0.008097
   1951    50-54   0.010092     0.012233     0.011189
   1951    55-59   0.014805     0.019699     0.017254
   1951    60-64   0.023912     0.033441     0.028523
   1951    65-69   0.039696     0.057439     0.047665
   1951    70-74   0.066362     0.091235     0.076783
   1951    75-79   0.108353     0.135774     0.118866
   1951    80-84   0.166382     0.208027     0.180417
   1951    85-89   0.225993     0.290799     0.245031
   1951    90-94   0.454193     0.384092     0.438197
   1951    95-99   0.661353     0.416935     0.595539
   1951   100-104  0.000000            .     0.000000
   1951   105-109  0.000000            .     0.000000
   1951   110+            .            .            .
   1952     0      0.054303     0.061826     0.058156
   1952     1-4    0.007493     0.007944     0.007724
   1952     5-9    0.001995     0.002317     0.002158
   1952    10-14   0.001010     0.001053     0.001032
   1952    15-19   0.001471     0.001925     0.001695
   1952    20-24   0.002563     0.002793     0.002676
   1952    25-29   0.003503     0.003068     0.003297
   1952    30-34   0.003721     0.003912     0.003806
   1952    35-39   0.003825     0.003754     0.003792
   1952    40-44   0.005233     0.005706     0.005463
   1952    45-49   0.006392     0.007929     0.007176
   1952    50-54   0.010033     0.010940     0.010499
   1952    55-59   0.015142     0.019797     0.017476
   1952    60-64   0.023067     0.032160     0.027495
   1952    65-69   0.037182     0.054769     0.045130
   1952    70-74   0.062103     0.081633     0.070328
   1952    75-79   0.094143     0.141793     0.112289
   1952    80-84   0.157889     0.190352     0.168996
   1952    85-89   0.201997     0.308831     0.232480
   1952    90-94   0.425309     0.378539     0.413589
   1952    95-99   0.516396     0.565957     0.529623
   1952   100-104  0.000000            .     0.000000
   1952   105-109  0.000000            .     0.000000
   1952   110+            .            .            .
   1953     0      0.052884     0.063006     0.058060
   1953     1-4    0.007101     0.007400     0.007254
   1953     5-9    0.002227     0.002140     0.002183
   1953    10-14   0.000942     0.000945     0.000944
   1953    15-19   0.001519     0.001491     0.001505
   1953    20-24   0.002717     0.002774     0.002745
   1953    25-29   0.003216     0.003213     0.003214
   1953    30-34   0.003565     0.003034     0.003330
   1953    35-39   0.003800     0.003553     0.003685
   1953    40-44   0.005098     0.004521     0.004820
   1953    45-49   0.006729     0.007414     0.007076
   1953    50-54   0.008975     0.012528     0.010803
   1953    55-59   0.014594     0.019458     0.017042
   1953    60-64   0.023077     0.033994     0.028404
   1953    65-69   0.039151     0.057585     0.047567
   1953    70-74   0.067854     0.090725     0.077511
   1953    75-79   0.111621     0.143597     0.123751
   1953    80-84   0.173201     0.234886     0.194404
   1953    85-89   0.270207     0.355049     0.293674
   1953    90-94   0.386164     0.673975     0.452738
   1953    95-99   0.294720     0.844555     0.420121
   1953   100-104  0.000000            .     0.000000
   1953   105-109  0.000000            .     0.000000
   1953   110+            .            .            .
   1954     0      0.051523     0.058442     0.055077
   1954     1-4    0.006565     0.006874     0.006723
   1954     5-9    0.002632     0.002512     0.002571
   1954    10-14   0.000819     0.001017     0.000919
   1954    15-19   0.001376     0.001554     0.001463
   1954    20-24   0.002190     0.002593     0.002388
   1954    25-29   0.003256     0.002712     0.002988
   1954    30-34   0.002959     0.002917     0.002940
   1954    35-39   0.003639     0.003636     0.003638
   1954    40-44   0.004581     0.004857     0.004713
   1954    45-49   0.005618     0.007069     0.006347
   1954    50-54   0.008570     0.012230     0.010450
   1954    55-59   0.013026     0.019180     0.016140
   1954    60-64   0.020862     0.031690     0.026158
   1954    65-69   0.033792     0.048577     0.040614
   1954    70-74   0.055677     0.083580     0.067479
   1954    75-79   0.091441     0.119587     0.102152
   1954    80-84   0.133928     0.184416     0.151214
   1954    85-89   0.207789     0.280319     0.227493
   1954    90-94   0.308375     0.448720     0.338150
   1954    95-99   0.524134     0.383381     0.495858
   1954   100-104  0.000000            .     0.000000
   1954   105-109  0.000000            .     0.000000
   1954   110+     0.000000            .     0.000000
   1955     0      0.046239     0.054290     0.050373
   1955     1-4    0.004790     0.005028     0.004912
   1955     5-9    0.001647     0.001969     0.001812
   1955    10-14   0.000709     0.000993     0.000852
   1955    15-19   0.000923     0.001538     0.001225
   1955    20-24   0.002112     0.002424     0.002265
   1955    25-29   0.002218     0.002438     0.002328
   1955    30-34   0.002964     0.002935     0.002951
   1955    35-39   0.003176     0.003364     0.003262
   1955    40-44   0.004129     0.004793     0.004443
   1955    45-49   0.005436     0.007591     0.006511
   1955    50-54   0.007718     0.011405     0.009604
   1955    55-59   0.011906     0.017617     0.014807
   1955    60-64   0.019972     0.029702     0.024747
   1955    65-69   0.035196     0.047647     0.040993
   1955    70-74   0.053806     0.079516     0.064681
   1955    75-79   0.085737     0.115349     0.097051
   1955    80-84   0.138431     0.181235     0.153039
   1955    85-89   0.220126     0.262468     0.231655
   1955    90-94   0.345946     0.346640     0.346094
   1955    95-99   0.359470     0.388889     0.365059
   1955   100-104  0.439245            .     0.439245
   1955   105-109  0.203390            .     0.203390
   1955   110+     0.000000            .     0.000000
   1956     0      0.045704     0.054002     0.049958
   1956     1-4    0.004243     0.004528     0.004389
   1956     5-9    0.001306     0.001643     0.001478
   1956    10-14   0.000757     0.000718     0.000737
   1956    15-19   0.001200     0.001479     0.001338
   1956    20-24   0.001736     0.002754     0.002234
   1956    25-29   0.002369     0.002475     0.002422
   1956    30-34   0.002655     0.002526     0.002595
   1956    35-39   0.003177     0.003030     0.003111
   1956    40-44   0.003573     0.004263     0.003897
   1956    45-49   0.006085     0.007263     0.006666
   1956    50-54   0.008217     0.011667     0.009978
   1956    55-59   0.013440     0.018675     0.016106
   1956    60-64   0.019967     0.032506     0.026123
   1956    65-69   0.035359     0.053187     0.043730
   1956    70-74   0.057538     0.085215     0.069262
   1956    75-79   0.092071     0.134343     0.108306
   1956    80-84   0.150945     0.185105     0.162582
   1956    85-89   0.225416     0.289035     0.243162
   1956    90-94   0.376967     0.438434     0.390132
   1956    95-99   0.312058     0.182094     0.289153
   1956   100-104  0.712546     0.000000     0.602472
   1956   105-109  0.200000            .     0.200000
   1956   110+     0.375000            .     0.375000
   1957     0      0.045939     0.052534     0.049326
   1957     1-4    0.004219     0.004167     0.004193
   1957     5-9    0.001541     0.001630     0.001586
   1957    10-14   0.000691     0.000805     0.000748
   1957    15-19   0.001216     0.001356     0.001285
   1957    20-24   0.001858     0.002451     0.002149
   1957    25-29   0.002253     0.002157     0.002205
   1957    30-34   0.002639     0.002685     0.002661
   1957    35-39   0.003591     0.003187     0.003410
   1957    40-44   0.003529     0.004409     0.003940
   1957    45-49   0.005453     0.007333     0.006367
   1957    50-54   0.008759     0.012170     0.010494
   1957    55-59   0.012781     0.019896     0.016408
   1957    60-64   0.021794     0.034118     0.027849
   1957    65-69   0.034935     0.053770     0.043818
   1957    70-74   0.060695     0.092619     0.074276
   1957    75-79   0.103022     0.156515     0.123522
   1957    80-84   0.155657     0.212321     0.174708
   1957    85-89   0.283639     0.350801     0.302737
   1957    90-94   0.371817     0.452499     0.389166
   1957    95-99   0.727792     0.662739     0.717231
   1957   100-104  0.762570     0.000000     0.521989
   1957   105-109  2.100000            .     2.100000
   1957   110+     2.000000            .     2.000000
   1958     0      0.038124     0.046385     0.042352
   1958     1-4    0.003144     0.003379     0.003265
   1958     5-9    0.001189     0.001304     0.001248
   1958    10-14   0.000503     0.000739     0.000623
   1958    15-19   0.000926     0.001456     0.001189
   1958    20-24   0.001695     0.002184     0.001935
   1958    25-29   0.001669     0.002398     0.002035
   1958    30-34   0.001886     0.002439     0.002159
   1958    35-39   0.002721     0.002776     0.002745
   1958    40-44   0.003541     0.003972     0.003742
   1958    45-49   0.004832     0.006757     0.005757
   1958    50-54   0.007949     0.011055     0.009516
   1958    55-59   0.011198     0.018257     0.014794
   1958    60-64   0.018439     0.031024     0.024642
   1958    65-69   0.029262     0.047562     0.037892
   1958    70-74   0.053735     0.076279     0.063436
   1958    75-79   0.087270     0.127449     0.102625
   1958    80-84   0.136514     0.182683     0.151845
   1958    85-89   0.225393     0.289926     0.244002
   1958    90-94   0.347575     0.400414     0.358751
   1958    95-99   0.258584     0.174774     0.242005
   1958   100-104  0.647948     0.000000     0.318134
   1958   105-109         .            .            .
   1958   110+            .            .            .
   1959     0      0.036354     0.042846     0.039682
   1959     1-4    0.003182     0.003087     0.003133
   1959     5-9    0.001162     0.001205     0.001184
   1959    10-14   0.000506     0.000669     0.000589
   1959    15-19   0.000757     0.001522     0.001137
   1959    20-24   0.001447     0.001850     0.001646
   1959    25-29   0.001692     0.002031     0.001862
   1959    30-34   0.002156     0.002160     0.002158
   1959    35-39   0.002622     0.002843     0.002721
   1959    40-44   0.002920     0.004149     0.003488
   1959    45-49   0.004754     0.006241     0.005463
   1959    50-54   0.008185     0.011047     0.009616
   1959    55-59   0.011254     0.017722     0.014542
   1959    60-64   0.019284     0.029644     0.024413
   1959    65-69   0.028877     0.048219     0.038006
   1959    70-74   0.051160     0.077647     0.062706
   1959    75-79   0.083137     0.122571     0.098225
   1959    80-84   0.137443     0.199205     0.157839
   1959    85-89   0.211810     0.236542     0.219034
   1959    90-94   0.323090     0.373852     0.333208
   1959    95-99   0.509973     0.400000     0.482070
   1959   100-104  0.000000     2.142857     1.034483
   1959   105-109         .            .            .
   1959   110+            .            .            .
   1960     0      0.031364     0.040168     0.035900
   1960     1-4    0.002329     0.002692     0.002515
   1960     5-9    0.000957     0.001164     0.001063
   1960    10-14   0.000373     0.000662     0.000521
   1960    15-19   0.000788     0.001210     0.000998
   1960    20-24   0.001363     0.002152     0.001754
   1960    25-29   0.001771     0.002149     0.001961
   1960    30-34   0.001844     0.002282     0.002066
   1960    35-39   0.002134     0.002693     0.002390
   1960    40-44   0.003035     0.004341     0.003635
   1960    45-49   0.004931     0.005763     0.005325
   1960    50-54   0.007800     0.010712     0.009245
   1960    55-59   0.010833     0.018126     0.014522
   1960    60-64   0.018552     0.030465     0.024468
   1960    65-69   0.029511     0.050645     0.039502
   1960    70-74   0.050918     0.078671     0.063102
   1960    75-79   0.089754     0.130030     0.105147
   1960    80-84   0.138376     0.191043     0.155660
   1960    85-89   0.220370     0.271142     0.235246
   1960    90-94   0.380696     0.391608     0.382893
   1960    95-99   0.657860     0.544959     0.628906
   1960   100-104  1.554404            .     1.554404
   1960   105-109         .            .            .
   1960   110+            .            .            .
   1961     0      0.032337     0.036390     0.034418
   1961     1-4    0.002050     0.002537     0.002299
   1961     5-9    0.000845     0.001068     0.000959
   1961    10-14   0.000512     0.000622     0.000568
   1961    15-19   0.000655     0.001524     0.001090
   1961    20-24   0.001271     0.002005     0.001636
   1961    25-29   0.001391     0.002002     0.001699
   1961    30-34   0.001817     0.002124     0.001974
   1961    35-39   0.002198     0.002547     0.002363
   1961    40-44   0.003086     0.003971     0.003489
   1961    45-49   0.004494     0.006142     0.005269
   1961    50-54   0.006502     0.010207     0.008322
   1961    55-59   0.011444     0.017924     0.014716
   1961    60-64   0.016764     0.029485     0.023093
   1961    65-69   0.030436     0.048490     0.038962
   1961    70-74   0.053249     0.079080     0.064664
   1961    75-79   0.089718     0.129508     0.104963
   1961    80-84   0.147143     0.197956     0.163777
   1961    85-89   0.224106     0.289310     0.242861
   1961    90-94   0.382853     0.499082     0.407614
   1961    95-99   0.577740     0.473186     0.550115
   1961   100-104  0.000000            .     0.000000
   1961   105-109         .            .            .
   1961   110+            .            .            .
   1962     0      0.027668     0.037240     0.032565
   1962     1-4    0.001570     0.001786     0.001680
   1962     5-9    0.000664     0.001005     0.000838
   1962    10-14   0.000471     0.000533     0.000503
   1962    15-19   0.000647     0.001279     0.000968
   1962    20-24   0.000961     0.002128     0.001544
   1962    25-29   0.001258     0.001851     0.001558
   1962    30-34   0.001940     0.002244     0.002097
   1962    35-39   0.001901     0.002508     0.002197
   1962    40-44   0.002917     0.003905     0.003364
   1962    45-49   0.004690     0.005967     0.005287
   1962    50-54   0.006808     0.010146     0.008426
   1962    55-59   0.010702     0.018453     0.014606
   1962    60-64   0.016987     0.027806     0.022376
   1962    65-69   0.030148     0.049074     0.039090
   1962    70-74   0.051053     0.085974     0.066528
   1962    75-79   0.091663     0.140927     0.110634
   1962    80-84   0.159294     0.204310     0.174059
   1962    85-89   0.229816     0.296744     0.248498
   1962    90-94   0.322897     0.272278     0.311612
   1962    95-99   0.617412     0.958126     0.704004
   1962   100-104  0.765306            .     0.765306
   1962   105-109         .            .            .
   1962   110+            .            .            .
   1963     0      0.023894     0.029883     0.026943
   1963     1-4    0.001267     0.001533     0.001403
   1963     5-9    0.000636     0.000798     0.000719
   1963    10-14   0.000346     0.000571     0.000461
   1963    15-19   0.000571     0.001140     0.000863
   1963    20-24   0.000962     0.001745     0.001355
   1963    25-29   0.001200     0.001758     0.001483
   1963    30-34   0.001366     0.001942     0.001666
   1963    35-39   0.001992     0.002530     0.002263
   1963    40-44   0.002542     0.003745     0.003085
   1963    45-49   0.003886     0.006055     0.004895
   1963    50-54   0.006393     0.008977     0.007633
   1963    55-59   0.009658     0.015555     0.012612
   1963    60-64   0.014781     0.026841     0.020789
   1963    65-69   0.026359     0.046258     0.035792
   1963    70-74   0.047358     0.072594     0.058529
   1963    75-79   0.084463     0.114663     0.096266
   1963    80-84   0.125779     0.171877     0.140914
   1963    85-89   0.207882     0.261987     0.222723
   1963    90-94   0.267384     0.300895     0.275194
   1963    95-99   0.307248     0.563063     0.358089
   1963   100-104  1.923077            .     1.923077
   1963   105-109         .            .            .
   1963   110+            .            .            .
   1964     0      0.020983     0.025804     0.023439
   1964     1-4    0.001017     0.001552     0.001291
   1964     5-9    0.000470     0.000803     0.000640
   1964    10-14   0.000278     0.000464     0.000373
   1964    15-19   0.000493     0.001208     0.000862
   1964    20-24   0.000870     0.001755     0.001317
   1964    25-29   0.001081     0.001766     0.001427
   1964    30-34   0.001303     0.001862     0.001595
   1964    35-39   0.002017     0.002365     0.002196
   1964    40-44   0.002779     0.003357     0.003042
   1964    45-49   0.004121     0.005609     0.004809
   1964    50-54   0.006200     0.009058     0.007559
   1964    55-59   0.009361     0.016965     0.013142
   1964    60-64   0.014894     0.027739     0.021283
   1964    65-69   0.027820     0.043448     0.035268
   1964    70-74   0.048011     0.074647     0.059809
   1964    75-79   0.082136     0.117640     0.096258
   1964    80-84   0.129529     0.173281     0.143945
   1964    85-89   0.219097     0.252552     0.228303
   1964    90-94   0.330709     0.414208     0.350497
   1964    95-99   0.483574     0.595593     0.501721
   1964   100-104  0.000000            .     0.000000
   1964   105-109         .            .            .
   1964   110+            .            .            .
   1965     0      0.018724     0.024387     0.021609
   1965     1-4    0.001031     0.001370     0.001204
   1965     5-9    0.000427     0.000691     0.000561
   1965    10-14   0.000291     0.000566     0.000431
   1965    15-19   0.000457     0.001036     0.000755
   1965    20-24   0.000784     0.001559     0.001179
   1965    25-29   0.000923     0.001517     0.001222
   1965    30-34   0.001458     0.001946     0.001715
   1965    35-39   0.001650     0.002381     0.002032
   1965    40-44   0.002692     0.003604     0.003117
   1965    45-49   0.003752     0.005410     0.004515
   1965    50-54   0.006132     0.008654     0.007322
   1965    55-59   0.009317     0.015900     0.012566
   1965    60-64   0.015848     0.028721     0.022228
   1965    65-69   0.026145     0.046526     0.035887
   1965    70-74   0.047651     0.075118     0.059838
   1965    75-79   0.084450     0.121356     0.099227
   1965    80-84   0.131308     0.194287     0.152010
   1965    85-89   0.228125     0.284041     0.243511
   1965    90-94   0.324122     0.378192     0.337042
   1965    95-99   0.605347     0.465748     0.581330
   1965   100-104  0.000000            .     0.000000
   1965   105-109         .            .            .
   1965   110+            .            .            .
   1966     0      0.015067     0.020582     0.017889
   1966     1-4    0.001224     0.001394     0.001311
   1966     5-9    0.000448     0.000718     0.000586
   1966    10-14   0.000330     0.000430     0.000381
   1966    15-19   0.000481     0.001061     0.000779
   1966    20-24   0.000776     0.001343     0.001067
   1966    25-29   0.000788     0.001517     0.001155
   1966    30-34   0.001096     0.001700     0.001414
   1966    35-39   0.001557     0.002509     0.002058
   1966    40-44   0.002382     0.003443     0.002891
   1966    45-49   0.003531     0.004973     0.004189
   1966    50-54   0.006073     0.009036     0.007459
   1966    55-59   0.008575     0.015097     0.011760
   1966    60-64   0.013571     0.026213     0.019831
   1966    65-69   0.024651     0.043693     0.033749
   1966    70-74   0.043223     0.068343     0.054369
   1966    75-79   0.078011     0.107985     0.090101
   1966    80-84   0.122806     0.163003     0.136081
   1966    85-89   0.196682     0.249821     0.211305
   1966    90-94   0.327641     0.369436     0.337475
   1966    95-99   0.501920     0.723873     0.546614
   1966   100-104  1.411765            .     1.411765
   1966   105-109         .            .            .
   1966   110+            .            .            .
   1967     0      0.016422     0.018814     0.017650
   1967     1-4    0.000919     0.001276     0.001101
   1967     5-9    0.000468     0.000662     0.000567
   1967    10-14   0.000263     0.000446     0.000356
   1967    15-19   0.000367     0.000925     0.000655
   1967    20-24   0.000559     0.001385     0.000981
   1967    25-29   0.000979     0.001578     0.001282
   1967    30-34   0.001117     0.001617     0.001379
   1967    35-39   0.001451     0.002290     0.001896
   1967    40-44   0.002305     0.003174     0.002734
   1967    45-49   0.003722     0.005259     0.004418
   1967    50-54   0.005503     0.007933     0.006634
   1967    55-59   0.008705     0.014414     0.011453
   1967    60-64   0.014541     0.024641     0.019530
   1967    65-69   0.025067     0.040597     0.032489
   1967    70-74   0.042657     0.069908     0.054757
   1967    75-79   0.072151     0.109731     0.087420
   1967    80-84   0.123845     0.164586     0.137538
   1967    85-89   0.202764     0.253094     0.216666
   1967    90-94   0.322861     0.388395     0.337793
   1967    95-99   0.464224     0.285545     0.427267
   1967   100-104  0.000000            .     0.000000
   1967   105-109         .            .            .
   1967   110+            .            .            .
   1968     0      0.014167     0.017720     0.015993
   1968     1-4    0.000945     0.001202     0.001076
   1968     5-9    0.000426     0.000637     0.000534
   1968    10-14   0.000226     0.000374     0.000301
   1968    15-19   0.000395     0.001016     0.000718
   1968    20-24   0.000497     0.001346     0.000930
   1968    25-29   0.000867     0.001313     0.001092
   1968    30-34   0.000998     0.001537     0.001280
   1968    35-39   0.001520     0.002225     0.001895
   1968    40-44   0.002243     0.003081     0.002668
   1968    45-49   0.003087     0.005009     0.003955
   1968    50-54   0.005753     0.007970     0.006779
   1968    55-59   0.008184     0.013402     0.010668
   1968    60-64   0.013906     0.025169     0.019434
   1968    65-69   0.024994     0.041291     0.032781
   1968    70-74   0.043863     0.070177     0.055596
   1968    75-79   0.077851     0.116051     0.093347
   1968    80-84   0.125289     0.170453     0.140678
   1968    85-89   0.200553     0.259271     0.216719
   1968    90-94   0.290819     0.346394     0.303411
   1968    95-99   0.385897     0.173088     0.340876
   1968   100-104  0.490385            .     0.490385
   1968   105-109         .            .            .
   1968   110+            .            .            .
   1969     0      0.013632     0.017060     0.015398
   1969     1-4    0.000847     0.001146     0.001000
   1969     5-9    0.000407     0.000723     0.000568
   1969    10-14   0.000240     0.000439     0.000341
   1969    15-19   0.000406     0.001160     0.000798
   1969    20-24   0.000572     0.001016     0.000800
   1969    25-29   0.000787     0.001087     0.000937
   1969    30-34   0.000938     0.001440     0.001201
   1969    35-39   0.001398     0.002324     0.001893
   1969    40-44   0.001973     0.003239     0.002628
   1969    45-49   0.003624     0.005281     0.004377
   1969    50-54   0.005115     0.007742     0.006323
   1969    55-59   0.008186     0.014274     0.011062
   1969    60-64   0.014593     0.023753     0.019052
   1969    65-69   0.023535     0.041899     0.032284
   1969    70-74   0.040596     0.069298     0.053488
   1969    75-79   0.072904     0.112271     0.088810
   1969    80-84   0.122699     0.166018     0.137669
   1969    85-89   0.201797     0.272785     0.221303
   1969    90-94   0.332512     0.336541     0.333439
   1969    95-99   0.265610     0.438000     0.298059
   1969   100-104  0.840336     0.000000     0.746269
   1969   105-109         .            .            .
   1969   110+            .            .            .
   1970     0      0.011774     0.016226     0.014057
   1970     1-4    0.000768     0.001184     0.000981
   1970     5-9    0.000437     0.000571     0.000506
   1970    10-14   0.000275     0.000461     0.000370
   1970    15-19   0.000534     0.001201     0.000880
   1970    20-24   0.000675     0.001314     0.001005
   1970    25-29   0.000779     0.001265     0.001020
   1970    30-34   0.001009     0.001555     0.001294
   1970    35-39   0.001302     0.002283     0.001828
   1970    40-44   0.002028     0.003279     0.002684
   1970    45-49   0.002981     0.004630     0.003745
   1970    50-54   0.004883     0.007828     0.006227
   1970    55-59   0.008061     0.012985     0.010370
   1970    60-64   0.013182     0.023227     0.018036
   1970    65-69   0.021808     0.041422     0.031116
   1970    70-74   0.040780     0.070026     0.053920
   1970    75-79   0.073425     0.107571     0.087216
   1970    80-84   0.119781     0.163339     0.135068
   1970    85-89   0.206479     0.262137     0.221770
   1970    90-94   0.297773     0.357824     0.311175
   1970    95-99   0.392876     0.422580     0.398087
   1970   100-104  1.197605     0.883652     1.070791
   1970   105-109         .            .            .
   1970   110+            .            .            .
   1971     0      0.011969     0.017190     0.014653
   1971     1-4    0.000905     0.000922     0.000914
   1971     5-9    0.000352     0.000521     0.000438
   1971    10-14   0.000305     0.000321     0.000313
   1971    15-19   0.000275     0.001345     0.000827
   1971    20-24   0.000635     0.001120     0.000886
   1971    25-29   0.000634     0.001074     0.000852
   1971    30-34   0.000822     0.001338     0.001090
   1971    35-39   0.001487     0.002054     0.001792
   1971    40-44   0.001818     0.003299     0.002601
   1971    45-49   0.002913     0.004098     0.003478
   1971    50-54   0.004843     0.006768     0.005714
   1971    55-59   0.006618     0.012334     0.009272
   1971    60-64   0.012700     0.021232     0.016776
   1971    65-69   0.021627     0.037933     0.029375
   1971    70-74   0.038410     0.062244     0.049098
   1971    75-79   0.069187     0.102200     0.082543
   1971    80-84   0.122153     0.155563     0.134074
   1971    85-89   0.192648     0.224600     0.201583
   1971    90-94   0.298032     0.401055     0.319921
   1971    95-99   0.332687     0.251484     0.317321
   1971   100-104  0.000000     0.400534     0.175541
   1971   105-109         .            .            .
   1971   110+            .            .            .
   1972     0      0.010831     0.014804     0.012880
   1972     1-4    0.000794     0.001102     0.000952
   1972     5-9    0.000310     0.000447     0.000380
   1972    10-14   0.000218     0.000341     0.000281
   1972    15-19   0.000430     0.001265     0.000861
   1972    20-24   0.000586     0.001152     0.000878
   1972    25-29   0.000695     0.001321     0.001007
   1972    30-34   0.000783     0.001196     0.000995
   1972    35-39   0.001308     0.002153     0.001761
   1972    40-44   0.001967     0.002949     0.002488
   1972    45-49   0.002890     0.004597     0.003729
   1972    50-54   0.004759     0.007291     0.005896
   1972    55-59   0.007068     0.011619     0.009165
   1972    60-64   0.011698     0.019910     0.015567
   1972    65-69   0.020764     0.035360     0.027696
   1972    70-74   0.034298     0.059194     0.045480
   1972    75-79   0.062302     0.091844     0.074302
   1972    80-84   0.106617     0.138978     0.118374
   1972    85-89   0.191286     0.215519     0.198282
   1972    90-94   0.267848     0.350839     0.285875
   1972    95-99   0.473966     0.377143     0.455068
   1972   100-104  0.284360     0.000000     0.185471
   1972   105-109         .            .            .
   1972   110+            .            .            .
   1973     0      0.010664     0.013793     0.012276
   1973     1-4    0.000781     0.001033     0.000911
   1973     5-9    0.000333     0.000486     0.000412
   1973    10-14   0.000297     0.000415     0.000357
   1973    15-19   0.000316     0.001161     0.000753
   1973    20-24   0.000571     0.001143     0.000865
   1973    25-29   0.000637     0.001010     0.000823
   1973    30-34   0.000789     0.001218     0.001008
   1973    35-39   0.001184     0.001993     0.001616
   1973    40-44   0.001979     0.003009     0.002528
   1973    45-49   0.002735     0.004330     0.003540
   1973    50-54   0.004681     0.007209     0.005813
   1973    55-59   0.006703     0.011322     0.008815
   1973    60-64   0.011465     0.019511     0.015211
   1973    65-69   0.020042     0.033947     0.026614
   1973    70-74   0.035959     0.057918     0.045844
   1973    75-79   0.067723     0.095399     0.079061
   1973    80-84   0.120728     0.150990     0.131803
   1973    85-89   0.195192     0.211740     0.200092
   1973    90-94   0.301496     0.400491     0.323298
   1973    95-99   0.411483     0.422111     0.413689
   1973   100-104  0.252101     0.710526     0.382883
   1973   105-109  6.000000            .     6.000000
   1973   110+            .            .            .
   1974     0      0.009743     0.011798     0.010801
   1974     1-4    0.000785     0.000832     0.000809
   1974     5-9    0.000262     0.000391     0.000328
   1974    10-14   0.000234     0.000285     0.000260
   1974    15-19   0.000346     0.001086     0.000729
   1974    20-24   0.000531     0.000956     0.000749
   1974    25-29   0.000589     0.001036     0.000812
   1974    30-34   0.000706     0.001141     0.000928
   1974    35-39   0.001048     0.001707     0.001399
   1974    40-44   0.001678     0.002928     0.002347
   1974    45-49   0.003123     0.004063     0.003606
   1974    50-54   0.004256     0.006217     0.005141
   1974    55-59   0.006267     0.011209     0.008512
   1974    60-64   0.010769     0.017204     0.013736
   1974    65-69   0.019771     0.032699     0.025846
   1974    70-74   0.035070     0.055429     0.044247
   1974    75-79   0.065152     0.089409     0.075193
   1974    80-84   0.108203     0.144764     0.121597
   1974    85-89   0.191774     0.226778     0.202428
   1974    90-94   0.290256     0.310205     0.294770
   1974    95-99   0.516718     0.346154     0.481565
   1974   100-104  0.878049     0.545455     0.807692
   1974   105-109         .            .            .
   1974   110+            .            .            .
   1975     0      0.008690     0.011631     0.010203
   1975     1-4    0.000648     0.000790     0.000721
   1975     5-9    0.000238     0.000460     0.000352
   1975    10-14   0.000216     0.000303     0.000260
   1975    15-19   0.000217     0.000856     0.000547
   1975    20-24   0.000452     0.001077     0.000775
   1975    25-29   0.000525     0.000924     0.000723
   1975    30-34   0.000690     0.001127     0.000912
   1975    35-39   0.001066     0.001599     0.001349
   1975    40-44   0.001641     0.002913     0.002324
   1975    45-49   0.002674     0.004434     0.003589
   1975    50-54   0.004245     0.006211     0.005151
   1975    55-59   0.006058     0.010217     0.007934
   1975    60-64   0.009527     0.016816     0.012862
   1975    65-69   0.017723     0.031273     0.024044
   1975    70-74   0.034038     0.056277     0.044054
   1975    75-79   0.060474     0.091595     0.073426
   1975    80-84   0.105782     0.154858     0.123703
   1975    85-89   0.184347     0.221174     0.195803
   1975    90-94   0.286690     0.350707     0.301780
   1975    95-99   0.419129     0.548387     0.441826
   1975   100-104  0.171429     0.375000     0.235294
   1975   105-109         .            .            .
   1975   110+            .            .            .
   1976     0      0.007435     0.010215     0.008868
   1976     1-4    0.000659     0.000696     0.000678
   1976     5-9    0.000285     0.000443     0.000366
   1976    10-14   0.000176     0.000319     0.000249
   1976    15-19   0.000324     0.000832     0.000586
   1976    20-24   0.000330     0.000867     0.000609
   1976    25-29   0.000523     0.000919     0.000720
   1976    30-34   0.000662     0.001094     0.000881
   1976    35-39   0.000982     0.001601     0.001308
   1976    40-44   0.001635     0.002667     0.002189
   1976    45-49   0.002408     0.004303     0.003401
   1976    50-54   0.003832     0.006247     0.004977
   1976    55-59   0.006169     0.010322     0.008024
   1976    60-64   0.009832     0.016336     0.012786
   1976    65-69   0.017109     0.029499     0.022828
   1976    70-74   0.032437     0.051680     0.041125
   1976    75-79   0.058746     0.087630     0.070790
   1976    80-84   0.102267     0.138709     0.115594
   1976    85-89   0.181992     0.220258     0.194066
   1976    90-94   0.252836     0.323468     0.269731
   1976    95-99   0.509840     0.554939     0.516771
   1976   100-104  0.266667     0.352941     0.290323
   1976   105-109  0.000000     0.000000     0.000000
   1976   110+            .            .            .
   1977     0      0.007949     0.009588     0.008793
   1977     1-4    0.000600     0.000748     0.000676
   1977     5-9    0.000222     0.000370     0.000298
   1977    10-14   0.000144     0.000243     0.000195
   1977    15-19   0.000294     0.000711     0.000510
   1977    20-24   0.000427     0.000828     0.000636
   1977    25-29   0.000442     0.000864     0.000652
   1977    30-34   0.000729     0.000968     0.000849
   1977    35-39   0.000897     0.001460     0.001192
   1977    40-44   0.001407     0.002623     0.002060
   1977    45-49   0.002627     0.004103     0.003405
   1977    50-54   0.003795     0.005909     0.004826
   1977    55-59   0.005836     0.009414     0.007421
   1977    60-64   0.009102     0.016401     0.012396
   1977    65-69   0.015978     0.027096     0.021044
   1977    70-74   0.031253     0.048749     0.039169
   1977    75-79   0.057475     0.082924     0.068134
   1977    80-84   0.101294     0.131845     0.112550
   1977    85-89   0.165652     0.217850     0.182248
   1977    90-94   0.291648     0.286654     0.290368
   1977    95-99   0.406719     0.414435     0.408018
   1977   100-104  0.873362     0.000000     0.635497
   1977   105-109  0.000000     3.000000     0.750000
   1977   110+            .            .            .
   1978     0      0.007802     0.009671     0.008765
   1978     1-4    0.000459     0.000829     0.000649
   1978     5-9    0.000206     0.000315     0.000262
   1978    10-14   0.000139     0.000325     0.000234
   1978    15-19   0.000316     0.000769     0.000550
   1978    20-24   0.000292     0.000742     0.000526
   1978    25-29   0.000517     0.000873     0.000695
   1978    30-34   0.000553     0.000942     0.000748
   1978    35-39   0.000864     0.001477     0.001182
   1978    40-44   0.001318     0.002391     0.001892
   1978    45-49   0.002414     0.004094     0.003304
   1978    50-54   0.003474     0.005941     0.004708
   1978    55-59   0.005871     0.009374     0.007420
   1978    60-64   0.008550     0.015056     0.011468
   1978    65-69   0.016191     0.027821     0.021434
   1978    70-74   0.029421     0.049507     0.038487
   1978    75-79   0.054143     0.082893     0.066241
   1978    80-84   0.096908     0.124134     0.107067
   1978    85-89   0.161021     0.216295     0.178469
   1978    90-94   0.274613     0.327096     0.288408
   1978    95-99   0.403518     0.332016     0.390439
   1978   100-104  0.903145     0.315789     0.714189
   1978   105-109  1.500000            .     1.500000
   1978   110+            .            .            .
   1979     0      0.007142     0.009058     0.008131
   1979     1-4    0.000440     0.000580     0.000512
   1979     5-9    0.000188     0.000282     0.000236
   1979    10-14   0.000168     0.000203     0.000186
   1979    15-19   0.000359     0.000795     0.000585
   1979    20-24   0.000395     0.000746     0.000578
   1979    25-29   0.000424     0.000707     0.000566
   1979    30-34   0.000557     0.000816     0.000686
   1979    35-39   0.000793     0.001190     0.000997
   1979    40-44   0.001347     0.002109     0.001753
   1979    45-49   0.002167     0.003814     0.003042
   1979    50-54   0.003333     0.006005     0.004694
   1979    55-59   0.004849     0.008411     0.006439
   1979    60-64   0.008259     0.014815     0.011180
   1979    65-69   0.014460     0.024151     0.018797
   1979    70-74   0.029326     0.045560     0.036613
   1979    75-79   0.051816     0.074991     0.061595
   1979    80-84   0.095319     0.119344     0.104422
   1979    85-89   0.154932     0.194614     0.167438
   1979    90-94   0.228569     0.287343     0.244090
   1979    95-99   0.378679     0.357300     0.374247
   1979   100-104  1.060276     0.750000     0.961008
   1979   105-109         .            .            .
   1979   110+            .            .            .
   1980     0      0.005862     0.008403     0.007172
   1980     1-4    0.000486     0.000631     0.000560
   1980     5-9    0.000231     0.000229     0.000230
   1980    10-14   0.000138     0.000172     0.000155
   1980    15-19   0.000244     0.000706     0.000482
   1980    20-24   0.000302     0.000799     0.000561
   1980    25-29   0.000471     0.000799     0.000636
   1980    30-34   0.000537     0.000874     0.000705
   1980    35-39   0.000831     0.001336     0.001089
   1980    40-44   0.001335     0.002198     0.001793
   1980    45-49   0.002065     0.004011     0.003102
   1980    50-54   0.003081     0.006061     0.004616
   1980    55-59   0.004632     0.008645     0.006461
   1980    60-64   0.008864     0.014884     0.011528
   1980    65-69   0.014152     0.025808     0.019333
   1980    70-74   0.026593     0.045901     0.035203
   1980    75-79   0.050894     0.081911     0.063970
   1980    80-84   0.093989     0.131980     0.108478
   1980    85-89   0.162834     0.193605     0.172752
   1980    90-94   0.257754     0.301497     0.269333
   1980    95-99   0.499176     0.474638     0.493636
   1980   100-104  0.413793     1.200000     0.529412
   1980   105-109         .            .            .
   1980   110+            .            .            .
   1981     0      0.006505     0.007951     0.007249
   1981     1-4    0.000413     0.000702     0.000562
   1981     5-9    0.000170     0.000311     0.000242
   1981    10-14   0.000145     0.000140     0.000143
   1981    15-19   0.000263     0.000770     0.000525
   1981    20-24   0.000304     0.000968     0.000651
   1981    25-29   0.000488     0.000649     0.000569
   1981    30-34   0.000541     0.000805     0.000673
   1981    35-39   0.000735     0.001346     0.001046
   1981    40-44   0.001280     0.002038     0.001679
   1981    45-49   0.002052     0.003611     0.002885
   1981    50-54   0.003027     0.006075     0.004609
   1981    55-59   0.004412     0.009007     0.006567
   1981    60-64   0.007923     0.014891     0.010976
   1981    65-69   0.014549     0.024243     0.018826
   1981    70-74   0.024712     0.045588     0.033918
   1981    75-79   0.049561     0.076201     0.060810
   1981    80-84   0.088608     0.123448     0.101965
   1981    85-89   0.157013     0.183138     0.165588
   1981    90-94   0.247470     0.279215     0.256037
   1981    95-99   0.381862     0.470509     0.401472
   1981   100-104  0.409091     0.600000     0.428571
   1981   105-109         .            .            .
   1981   110+            .            .            .
   1982     0      0.005917     0.007638     0.006800
   1982     1-4    0.000452     0.000534     0.000494
   1982     5-9    0.000187     0.000288     0.000239
   1982    10-14   0.000126     0.000193     0.000160
   1982    15-19   0.000233     0.000811     0.000532
   1982    20-24   0.000376     0.000713     0.000552
   1982    25-29   0.000356     0.000745     0.000554
   1982    30-34   0.000499     0.000877     0.000687
   1982    35-39   0.000680     0.001290     0.000989
   1982    40-44   0.001168     0.002010     0.001608
   1982    45-49   0.002055     0.003874     0.003026
   1982    50-54   0.003100     0.006101     0.004668
   1982    55-59   0.004820     0.008393     0.006544
   1982    60-64   0.007545     0.012950     0.009894
   1982    65-69   0.013162     0.023469     0.017685
   1982    70-74   0.024959     0.038565     0.030881
   1982    75-79   0.046180     0.071724     0.056979
   1982    80-84   0.082378     0.116630     0.095592
   1982    85-89   0.150363     0.178996     0.159903
   1982    90-94   0.242290     0.275898     0.251588
   1982    95-99   0.312283     0.338223     0.318203
   1982   100-104  0.866667     1.714286     0.927835
   1982   105-109         .            .            .
   1982   110+            .            .            .
   1983     0      0.005587     0.006548     0.006080
   1983     1-4    0.000405     0.000500     0.000454
   1983     5-9    0.000180     0.000259     0.000221
   1983    10-14   0.000197     0.000114     0.000154
   1983    15-19   0.000203     0.000739     0.000480
   1983    20-24   0.000322     0.000841     0.000594
   1983    25-29   0.000383     0.000674     0.000532
   1983    30-34   0.000481     0.000877     0.000679
   1983    35-39   0.000721     0.001379     0.001052
   1983    40-44   0.001275     0.002042     0.001673
   1983    45-49   0.001919     0.003663     0.002848
   1983    50-54   0.003224     0.005922     0.004640
   1983    55-59   0.004527     0.008498     0.006491
   1983    60-64   0.007530     0.013719     0.010215
   1983    65-69   0.012800     0.023924     0.017647
   1983    70-74   0.023364     0.039262     0.030221
   1983    75-79   0.044013     0.071222     0.055505
   1983    80-84   0.082521     0.120524     0.097210
   1983    85-89   0.149513     0.189450     0.162931
   1983    90-94   0.281603     0.323689     0.293350
   1983    95-99   0.357854     0.342456     0.354275
   1983   100-104  0.450000     0.600000     0.466667
   1983   105-109         .            .            .
   1983   110+            .            .            .
   1984     0      0.005350     0.006281     0.005828
   1984     1-4    0.000437     0.000485     0.000462
   1984     5-9    0.000112     0.000269     0.000193
   1984    10-14   0.000099     0.000184     0.000143
   1984    15-19   0.000253     0.000653     0.000460
   1984    20-24   0.000279     0.000774     0.000539
   1984    25-29   0.000356     0.000729     0.000548
   1984    30-34   0.000534     0.000785     0.000659
   1984    35-39   0.000700     0.001166     0.000934
   1984    40-44   0.001207     0.002047     0.001640
   1984    45-49   0.001825     0.003247     0.002581
   1984    50-54   0.002923     0.006248     0.004675
   1984    55-59   0.004273     0.008938     0.006621
   1984    60-64   0.007082     0.013831     0.010036
   1984    65-69   0.011981     0.023692     0.017045
   1984    70-74   0.022720     0.038846     0.029629
   1984    75-79   0.040989     0.068496     0.052535
   1984    80-84   0.079912     0.109523     0.091371
   1984    85-89   0.145067     0.177538     0.156047
   1984    90-94   0.247156     0.280162     0.256501
   1984    95-99   0.338048     0.447404     0.362220
   1984   100-104  0.310345     0.240000     0.297872
   1984   105-109         .            .            .
   1984   110+            .            .            .
   1985     0      0.004647     0.006109     0.005396
   1985     1-4    0.000337     0.000451     0.000395
   1985     5-9    0.000163     0.000206     0.000185
   1985    10-14   0.000142     0.000183     0.000163
   1985    15-19   0.000229     0.000662     0.000453
   1985    20-24   0.000293     0.000802     0.000560
   1985    25-29   0.000426     0.000580     0.000505
   1985    30-34   0.000447     0.000723     0.000586
   1985    35-39   0.000611     0.001067     0.000840
   1985    40-44   0.001142     0.002031     0.001598
   1985    45-49   0.001834     0.003380     0.002651
   1985    50-54   0.003007     0.005758     0.004461
   1985    55-59   0.004240     0.009220     0.006774
   1985    60-64   0.007040     0.012655     0.009551
   1985    65-69   0.012046     0.021722     0.016200
   1985    70-74   0.021526     0.039216     0.029052
   1985    75-79   0.039834     0.070250     0.052503
   1985    80-84   0.075447     0.106486     0.087448
   1985    85-89   0.131777     0.184927     0.149696
   1985    90-94   0.207576     0.267876     0.224875
   1985    95-99   0.298870     0.331824     0.305989
   1985   100-104  0.556291     0.882353     0.616216
   1985   105-109         .            .            .
   1985   110+            .            .            .
   1986     0      0.003893     0.005665     0.004801
   1986     1-4    0.000355     0.000579     0.000470
   1986     5-9    0.000114     0.000238     0.000178
   1986    10-14   0.000107     0.000168     0.000138
   1986    15-19   0.000211     0.000616     0.000420
   1986    20-24   0.000279     0.000714     0.000507
   1986    25-29   0.000339     0.000677     0.000515
   1986    30-34   0.000471     0.000672     0.000573
   1986    35-39   0.000614     0.000955     0.000785
   1986    40-44   0.001144     0.001882     0.001520
   1986    45-49   0.001796     0.003209     0.002537
   1986    50-54   0.002735     0.005633     0.004271
   1986    55-59   0.004497     0.008579     0.006592
   1986    60-64   0.006503     0.012226     0.009138
   1986    65-69   0.011097     0.020898     0.015268
   1986    70-74   0.019805     0.035777     0.026552
   1986    75-79   0.037785     0.064102     0.048643
   1986    80-84   0.071771     0.099750     0.082616
   1986    85-89   0.134061     0.176771     0.148508
   1986    90-94   0.220670     0.260460     0.232212
   1986    95-99   0.323087     0.327064     0.323974
   1986   100-104  0.352941     0.136364     0.304569
   1986   105-109  0.000000            .     0.000000
   1986   110+            .            .            .
   1987     0      0.004723     0.006501     0.005638
   1987     1-4    0.000312     0.000535     0.000427
   1987     5-9    0.000118     0.000232     0.000176
   1987    10-14   0.000080     0.000184     0.000133
   1987    15-19   0.000232     0.000663     0.000455
   1987    20-24   0.000326     0.000670     0.000506
   1987    25-29   0.000364     0.000747     0.000564
   1987    30-34   0.000485     0.000749     0.000619
   1987    35-39   0.000769     0.001146     0.000958
   1987    40-44   0.001025     0.001784     0.001410
   1987    45-49   0.001905     0.002871     0.002409
   1987    50-54   0.002786     0.005095     0.004010
   1987    55-59   0.003922     0.008652     0.006366
   1987    60-64   0.006313     0.012626     0.009306
   1987    65-69   0.010224     0.020387     0.014517
   1987    70-74   0.019419     0.034735     0.025860
   1987    75-79   0.037393     0.062674     0.047698
   1987    80-84   0.068876     0.106178     0.083346
   1987    85-89   0.136025     0.168414     0.147126
   1987    90-94   0.211910     0.263993     0.227047
   1987    95-99   0.386568     0.340406     0.375584
   1987   100-104  0.512195     0.555556     0.522936
   1987   105-109  0.545455     0.000000     0.428571
   1987   110+            .            .            .
   1988     0      0.004964     0.004709     0.004833
   1988     1-4    0.000384     0.000566     0.000478
   1988     5-9    0.000126     0.000196     0.000162
   1988    10-14   0.000080     0.000147     0.000114
   1988    15-19   0.000190     0.000620     0.000413
   1988    20-24   0.000287     0.000768     0.000539
   1988    25-29   0.000296     0.000706     0.000510
   1988    30-34   0.000410     0.000703     0.000560
   1988    35-39   0.000714     0.001074     0.000895
   1988    40-44   0.001118     0.001770     0.001448
   1988    45-49   0.001640     0.002753     0.002216
   1988    50-54   0.002618     0.004953     0.003855
   1988    55-59   0.004193     0.008219     0.006286
   1988    60-64   0.006419     0.013302     0.009768
   1988    65-69   0.010872     0.020355     0.014871
   1988    70-74   0.019653     0.037132     0.026960
   1988    75-79   0.036568     0.059772     0.045952
   1988    80-84   0.072059     0.106147     0.085202
   1988    85-89   0.135120     0.168271     0.146635
   1988    90-94   0.212887     0.280910     0.232558
   1988    95-99   0.388479     0.393525     0.389706
   1988   100-104  0.500000     1.090909     0.595588
   1988   105-109  0.545455     0.000000     0.352941
   1988   110+            .            .            .
   1989     0      0.003826     0.004789     0.004321
   1989     1-4    0.000369     0.000399     0.000384
   1989     5-9    0.000149     0.000195     0.000173
   1989    10-14   0.000100     0.000162     0.000132
   1989    15-19   0.000188     0.000607     0.000404
   1989    20-24   0.000296     0.000722     0.000520
   1989    25-29   0.000379     0.000673     0.000532
   1989    30-34   0.000398     0.000721     0.000564
   1989    35-39   0.000676     0.001037     0.000858
   1989    40-44   0.001004     0.001543     0.001276
   1989    45-49   0.001623     0.002861     0.002261
   1989    50-54   0.002579     0.004801     0.003753
   1989    55-59   0.003919     0.008564     0.006343
   1989    60-64   0.006782     0.012552     0.009641
   1989    65-69   0.010018     0.020578     0.014513
   1989    70-74   0.018329     0.034048     0.024859
   1989    75-79   0.035482     0.061406     0.045907
   1989    80-84   0.066670     0.102496     0.080403
   1989    85-89   0.124366     0.164360     0.138256
   1989    90-94   0.209943     0.229575     0.215623
   1989    95-99   0.322491     0.396718     0.340716
   1989   100-104  0.394464     0.382979     0.392857
   1989   105-109  0.750000     0.000000     0.428571
   1989   110+            .            .            .
   1990     0      0.003775     0.005009     0.004407
   1990     1-4    0.000284     0.000532     0.000411
   1990     5-9    0.000115     0.000213     0.000165
   1990    10-14   0.000149     0.000153     0.000151
   1990    15-19   0.000211     0.000561     0.000391
   1990    20-24   0.000261     0.000723     0.000503
   1990    25-29   0.000358     0.000671     0.000522
   1990    30-34   0.000483     0.000674     0.000582
   1990    35-39   0.000565     0.001008     0.000790
   1990    40-44   0.000975     0.001578     0.001279
   1990    45-49   0.001623     0.002644     0.002146
   1990    50-54   0.002461     0.004558     0.003564
   1990    55-59   0.004070     0.008220     0.006245
   1990    60-64   0.005978     0.013145     0.009572
   1990    65-69   0.009823     0.019794     0.014161
   1990    70-74   0.019059     0.034047     0.025246
   1990    75-79   0.035085     0.061880     0.045781
   1990    80-84   0.066416     0.106217     0.081553
   1990    85-89   0.132199     0.171080     0.145603
   1990    90-94   0.211158     0.266306     0.227158
   1990    95-99   0.368994     0.308199     0.353539
   1990   100-104  0.696774     0.750000     0.703911
   1990   105-109  0.000000     0.000000     0.000000
   1990   110+            .            .            .
   1991     0      0.004619     0.004805     0.004715
   1991     1-4    0.000403     0.000433     0.000418
   1991     5-9    0.000085     0.000197     0.000142
   1991    10-14   0.000091     0.000155     0.000124
   1991    15-19   0.000201     0.000620     0.000417
   1991    20-24   0.000288     0.000607     0.000455
   1991    25-29   0.000361     0.000652     0.000513
   1991    30-34   0.000453     0.000613     0.000536
   1991    35-39   0.000608     0.001075     0.000846
   1991    40-44   0.001068     0.001645     0.001359
   1991    45-49   0.001543     0.002769     0.002168
   1991    50-54   0.002519     0.004325     0.003463
   1991    55-59   0.003760     0.008115     0.006050
   1991    60-64   0.005804     0.012680     0.009282
   1991    65-69   0.010239     0.019397     0.014344
   1991    70-74   0.018242     0.033461     0.024472
   1991    75-79   0.033235     0.059082     0.043474
   1991    80-84   0.061731     0.099595     0.075928
   1991    85-89   0.114798     0.163420     0.131527
   1991    90-94   0.214221     0.257789     0.227066
   1991    95-99   0.302178     0.370941     0.319692
   1991   100-104  0.412500     0.915254     0.490765
   1991   105-109  1.333333     4.000000     2.000000
   1991   110+            .            .            .
   1992     0      0.004311     0.005301     0.004821
   1992     1-4    0.000316     0.000512     0.000417
   1992     5-9    0.000136     0.000176     0.000156
   1992    10-14   0.000099     0.000134     0.000117
   1992    15-19   0.000215     0.000592     0.000409
   1992    20-24   0.000257     0.000602     0.000437
   1992    25-29   0.000322     0.000649     0.000493
   1992    30-34   0.000438     0.000800     0.000626
   1992    35-39   0.000641     0.001036     0.000843
   1992    40-44   0.000976     0.001653     0.001318
   1992    45-49   0.001698     0.002561     0.002136
   1992    50-54   0.002539     0.004340     0.003476
   1992    55-59   0.003888     0.007819     0.005957
   1992    60-64   0.006067     0.013254     0.009729
   1992    65-69   0.009481     0.020708     0.014667
   1992    70-74   0.017750     0.034639     0.024600
   1992    75-79   0.033458     0.057252     0.042829
   1992    80-84   0.063075     0.099276     0.076455
   1992    85-89   0.118418     0.163074     0.133655
   1992    90-94   0.215821     0.259518     0.229028
   1992    95-99   0.301610     0.348134     0.313015
   1992   100-104  0.557823     0.551724     0.556652
   1992   105-109  2.400000            .     2.400000
   1992   110+            .            .            .
   1993     0      0.003965     0.004650     0.004317
   1993     1-4    0.000395     0.000397     0.000396
   1993     5-9    0.000167     0.000207     0.000188
   1993    10-14   0.000117     0.000180     0.000150
   1993    15-19   0.000178     0.000498     0.000343
   1993    20-24   0.000237     0.000693     0.000474
   1993    25-29   0.000303     0.000541     0.000428
   1993    30-34   0.000337     0.000724     0.000539
   1993    35-39   0.000629     0.000951     0.000794
   1993    40-44   0.001069     0.001730     0.001403
   1993    45-49   0.001587     0.002862     0.002231
   1993    50-54   0.002250     0.004383     0.003352
   1993    55-59   0.003701     0.008123     0.006027
   1993    60-64   0.006192     0.013456     0.009915
   1993    65-69   0.009703     0.020941     0.015033
   1993    70-74   0.017322     0.033980     0.024049
   1993    75-79   0.033186     0.057089     0.042540
   1993    80-84   0.060915     0.098495     0.074674
   1993    85-89   0.115735     0.158373     0.130191
   1993    90-94   0.196771     0.259944     0.215818
   1993    95-99   0.310278     0.344706     0.318707
   1993   100-104  0.421546     0.536585     0.447273
   1993   105-109  0.000000            .     0.000000
   1993   110+            .            .            .
   1994     0      0.004262     0.004776     0.004525
   1994     1-4    0.000395     0.000434     0.000415
   1994     5-9    0.000154     0.000185     0.000170
   1994    10-14   0.000090     0.000185     0.000139
   1994    15-19   0.000158     0.000433     0.000300
   1994    20-24   0.000304     0.000595     0.000455
   1994    25-29   0.000371     0.000581     0.000481
   1994    30-34   0.000416     0.000793     0.000613
   1994    35-39   0.000535     0.001113     0.000834
   1994    40-44   0.000950     0.001635     0.001297
   1994    45-49   0.001394     0.002664     0.002034
   1994    50-54   0.002289     0.004209     0.003274
   1994    55-59   0.003602     0.007108     0.005443
   1994    60-64   0.005434     0.013285     0.009474
   1994    65-69   0.009066     0.020263     0.014476
   1994    70-74   0.016466     0.031824     0.022725
   1994    75-79   0.030909     0.054742     0.040170
   1994    80-84   0.056270     0.096420     0.070849
   1994    85-89   0.105863     0.159575     0.123890
   1994    90-94   0.194716     0.226891     0.204289
   1994    95-99   0.300620     0.308884     0.302651
   1994   100-104  0.380435     0.455078     0.395966
   1994   105-109  0.300000            .     0.300000
   1994   110+            .            .            .
   1995     0      0.002995     0.004491     0.003761
   1995     1-4    0.000406     0.000539     0.000474
   1995     5-9    0.000123     0.000144     0.000134
   1995    10-14   0.000082     0.000155     0.000120
   1995    15-19   0.000204     0.000428     0.000320
   1995    20-24   0.000277     0.000584     0.000436
   1995    25-29   0.000355     0.000668     0.000519
   1995    30-34   0.000453     0.000801     0.000635
   1995    35-39   0.000650     0.001075     0.000871
   1995    40-44   0.000955     0.001728     0.001348
   1995    45-49   0.001727     0.002631     0.002182
   1995    50-54   0.002410     0.004302     0.003376
   1995    55-59   0.003589     0.007123     0.005437
   1995    60-64   0.005772     0.012807     0.009409
   1995    65-69   0.009267     0.020655     0.014838
   1995    70-74   0.016400     0.032114     0.022950
   1995    75-79   0.031085     0.055936     0.040672
   1995    80-84   0.056347     0.096295     0.070720
   1995    85-89   0.107426     0.161157     0.125163
   1995    90-94   0.183419     0.250349     0.202944
   1995    95-99   0.311394     0.375506     0.327125
   1995   100-104  0.491172     0.671097     0.528124
   1995   105-109  0.782609            .     0.782609
   1995   110+            .            .            .
   1996     0      0.003793     0.004073     0.003936
   1996     1-4    0.000356     0.000433     0.000396
   1996     5-9    0.000095     0.000158     0.000127
   1996    10-14   0.000047     0.000139     0.000094
   1996    15-19   0.000211     0.000385     0.000301
   1996    20-24   0.000280     0.000611     0.000452
   1996    25-29   0.000280     0.000625     0.000460
   1996    30-34   0.000425     0.000730     0.000584
   1996    35-39   0.000650     0.001021     0.000843
   1996    40-44   0.000833     0.001542     0.001195
   1996    45-49   0.001559     0.002711     0.002139
   1996    50-54   0.002144     0.004328     0.003253
   1996    55-59   0.003325     0.007008     0.005240
   1996    60-64   0.005717     0.011762     0.008854
   1996    65-69   0.009005     0.019808     0.014339
   1996    70-74   0.016133     0.031217     0.022618
   1996    75-79   0.028412     0.052562     0.037659
   1996    80-84   0.052781     0.089384     0.065818
   1996    85-89   0.099745     0.148906     0.115709
   1996    90-94   0.179976     0.239357     0.196998
   1996    95-99   0.284275     0.360996     0.303247
   1996   100-104  0.378523     0.482339     0.400411
   1996   105-109  0.500000            .     0.500000
   1996   110+            .            .            .
   1997     0      0.004077     0.004635     0.004363
   1997     1-4    0.000326     0.000420     0.000374
   1997     5-9    0.000078     0.000120     0.000100
   1997    10-14   0.000080     0.000132     0.000107
   1997    15-19   0.000155     0.000462     0.000314
   1997    20-24   0.000274     0.000584     0.000434
   1997    25-29   0.000331     0.000612     0.000478
   1997    30-34   0.000426     0.000657     0.000547
   1997    35-39   0.000686     0.000958     0.000827
   1997    40-44   0.000988     0.001477     0.001239
   1997    45-49   0.001507     0.002487     0.002000
   1997    50-54   0.002280     0.004362     0.003332
   1997    55-59   0.003267     0.006972     0.005181
   1997    60-64   0.005327     0.011674     0.008625
   1997    65-69   0.008238     0.020117     0.014145
   1997    70-74   0.014599     0.029381     0.021163
   1997    75-79   0.027764     0.052991     0.037373
   1997    80-84   0.049183     0.088672     0.063138
   1997    85-89   0.091995     0.141302     0.107777
   1997    90-94   0.164881     0.232847     0.183980
   1997    95-99   0.266489     0.373187     0.292771
   1997   100-104  0.373726     0.512011     0.400402
   1997   105-109  0.413793     6.000000     0.600000
   1997   110+            .            .            .
   1998     0      0.003755     0.003362     0.003554
   1998     1-4    0.000348     0.000303     0.000325
   1998     5-9    0.000122     0.000237     0.000181
   1998    10-14   0.000088     0.000183     0.000137
   1998    15-19   0.000224     0.000459     0.000346
   1998    20-24   0.000305     0.000613     0.000465
   1998    25-29   0.000301     0.000676     0.000497
   1998    30-34   0.000442     0.000901     0.000682
   1998    35-39   0.000537     0.001032     0.000795
   1998    40-44   0.000998     0.001664     0.001341
   1998    45-49   0.001517     0.002763     0.002144
   1998    50-54   0.002325     0.004392     0.003364
   1998    55-59   0.003268     0.007177     0.005274
   1998    60-64   0.005101     0.011745     0.008549
   1998    65-69   0.008393     0.019001     0.013698
   1998    70-74   0.014454     0.031109     0.022063
   1998    75-79   0.027761     0.052419     0.037149
   1998    80-84   0.049658     0.087535     0.062936
   1998    85-89   0.096790     0.138668     0.110082
   1998    90-94   0.159288     0.230891     0.179130
   1998    95-99   0.275420     0.316407     0.285197
   1998   100-104  0.348837     0.307974     0.340285
   1998   105-109  0.533333            .     0.533333
   1998   110+     6.000000            .     6.000000
   1999     0      0.002665     0.003218     0.002948
   1999     1-4    0.000265     0.000348     0.000308
   1999     5-9    0.000147     0.000128     0.000137
   1999    10-14   0.000125     0.000139     0.000132
   1999    15-19   0.000220     0.000458     0.000342
   1999    20-24   0.000271     0.000561     0.000422
   1999    25-29   0.000286     0.000685     0.000494
   1999    30-34   0.000468     0.000807     0.000645
   1999    35-39   0.000558     0.001149     0.000866
   1999    40-44   0.000955     0.001727     0.001353
   1999    45-49   0.001599     0.002863     0.002237
   1999    50-54   0.002261     0.004696     0.003481
   1999    55-59   0.003288     0.007111     0.005235
   1999    60-64   0.004746     0.010680     0.007820
   1999    65-69   0.008338     0.019404     0.013897
   1999    70-74   0.013945     0.030989     0.021883
   1999    75-79   0.026113     0.051580     0.035918
   1999    80-84   0.050130     0.088706     0.063519
   1999    85-89   0.094040     0.147429     0.110830
   1999    90-94   0.170781     0.229967     0.186951
   1999    95-99   0.269274     0.374973     0.293355
   1999   100-104  0.389027     0.374017     0.385991
   1999   105-109  0.857143     0.000000     0.774194
   1999   110+            .            .            .
   2000     0      0.002979     0.003439     0.003215
   2000     1-4    0.000215     0.000322     0.000270
   2000     5-9    0.000085     0.000139     0.000113
   2000    10-14   0.000058     0.000176     0.000119
   2000    15-19   0.000197     0.000329     0.000265
   2000    20-24   0.000237     0.000586     0.000419
   2000    25-29   0.000308     0.000601     0.000460
   2000    30-34   0.000428     0.000815     0.000631
   2000    35-39   0.000694     0.000935     0.000820
   2000    40-44   0.000963     0.001505     0.001243
   2000    45-49   0.001440     0.002573     0.002014
   2000    50-54   0.002294     0.004209     0.003252
   2000    55-59   0.003130     0.006784     0.004981
   2000    60-64   0.004562     0.011125     0.007945
   2000    65-69   0.007956     0.018241     0.013148
   2000    70-74   0.014251     0.029075     0.021245
   2000    75-79   0.024275     0.046220     0.032939
   2000    80-84   0.046050     0.081900     0.058358
   2000    85-89   0.085525     0.135533     0.101108
   2000    90-94   0.157600     0.218205     0.173994
   2000    95-99   0.261273     0.331549     0.276839
   2000   100-104  0.346154     0.518568     0.376597
   2000   105-109  1.469388     1.384615     1.451613
   2000   110+            .            .            .
   2001     0      0.002820     0.003433     0.003134
   2001     1-4    0.000347     0.000287     0.000317
   2001     5-9    0.000116     0.000145     0.000131
   2001    10-14   0.000107     0.000095     0.000101
   2001    15-19   0.000208     0.000388     0.000301
   2001    20-24   0.000276     0.000489     0.000387
   2001    25-29   0.000326     0.000638     0.000488
   2001    30-34   0.000435     0.000707     0.000577
   2001    35-39   0.000617     0.001168     0.000905
   2001    40-44   0.000903     0.001494     0.001209
   2001    45-49   0.001439     0.002650     0.002054
   2001    50-54   0.002153     0.004452     0.003302
   2001    55-59   0.003404     0.006736     0.005085
   2001    60-64   0.004404     0.010136     0.007344
   2001    65-69   0.007754     0.016967     0.012428
   2001    70-74   0.013235     0.028007     0.020270
   2001    75-79   0.023774     0.046549     0.033063
   2001    80-84   0.044953     0.081815     0.057481
   2001    85-89   0.082629     0.134378     0.098503
   2001    90-94   0.148493     0.207717     0.164396
   2001    95-99   0.263617     0.286684     0.268817
   2001   100-104  0.362056     0.468993     0.378671
   2001   105-109  0.576923     1.285714     0.727273
   2001   110+            .            .            .
   2002     0      0.002783     0.003931     0.003372
   2002     1-4    0.000225     0.000252     0.000239
   2002     5-9    0.000103     0.000122     0.000113
   2002    10-14   0.000079     0.000143     0.000112
   2002    15-19   0.000156     0.000351     0.000257
   2002    20-24   0.000220     0.000453     0.000341
   2002    25-29   0.000317     0.000603     0.000466
   2002    30-34   0.000331     0.000776     0.000564
   2002    35-39   0.000604     0.000988     0.000805
   2002    40-44   0.000829     0.001718     0.001291
   2002    45-49   0.001410     0.002492     0.001962
   2002    50-54   0.002302     0.004252     0.003277
   2002    55-59   0.002972     0.006491     0.004738
   2002    60-64   0.004503     0.009690     0.007152
   2002    65-69   0.007329     0.016474     0.011980
   2002    70-74   0.012759     0.028325     0.020232
   2002    75-79   0.023472     0.045512     0.032747
   2002    80-84   0.041566     0.078383     0.053935
   2002    85-89   0.083972     0.137789     0.100296
   2002    90-94   0.150097     0.227616     0.170502
   2002    95-99   0.218115     0.315902     0.239709
   2002   100-104  0.392424     0.401108     0.393829
   2002   105-109  0.786885     0.315789     0.675000
   2002   110+            .            .            .
   2003     0      0.003002     0.002609     0.002800
   2003     1-4    0.000211     0.000223     0.000218
   2003     5-9    0.000097     0.000122     0.000110
   2003    10-14   0.000079     0.000110     0.000095
   2003    15-19   0.000203     0.000363     0.000285
   2003    20-24   0.000258     0.000597     0.000435
   2003    25-29   0.000305     0.000695     0.000508
   2003    30-34   0.000407     0.000774     0.000599
   2003    35-39   0.000576     0.001186     0.000895
   2003    40-44   0.000877     0.001560     0.001232
   2003    45-49   0.001411     0.002340     0.001887
   2003    50-54   0.002092     0.004077     0.003086
   2003    55-59   0.002994     0.006716     0.004855
   2003    60-64   0.004277     0.009766     0.007065
   2003    65-69   0.007041     0.015832     0.011516
   2003    70-74   0.012633     0.027944     0.020039
   2003    75-79   0.023168     0.046057     0.033072
   2003    80-84   0.040827     0.077724     0.053140
   2003    85-89   0.083839     0.129800     0.097726
   2003    90-94   0.146631     0.215324     0.164308
   2003    95-99   0.247714     0.300094     0.258966
   2003   100-104  0.356234     0.509836     0.381662
   2003   105-109  0.424242     0.500000     0.439024
   2003   110+     0.000000            .     0.000000
   2004     0      0.002930     0.003391     0.003166
   2004     1-4    0.000301     0.000248     0.000274
   2004     5-9    0.000043     0.000088     0.000066
   2004    10-14   0.000080     0.000099     0.000090
   2004    15-19   0.000240     0.000406     0.000326
   2004    20-24   0.000242     0.000575     0.000416
   2004    25-29   0.000372     0.000622     0.000502
   2004    30-34   0.000476     0.000768     0.000629
   2004    35-39   0.000646     0.000896     0.000777
   2004    40-44   0.000829     0.001451     0.001153
   2004    45-49   0.001372     0.002331     0.001865
   2004    50-54   0.002155     0.004005     0.003085
   2004    55-59   0.002911     0.006269     0.004585
   2004    60-64   0.003852     0.009656     0.006783
   2004    65-69   0.006852     0.015473     0.011238
   2004    70-74   0.012244     0.025803     0.018847
   2004    75-79   0.022817     0.045458     0.032815
   2004    80-84   0.040880     0.075620     0.052611
   2004    85-89   0.078533     0.127064     0.093125
   2004    90-94   0.142908     0.212386     0.160485
   2004    95-99   0.241209     0.313651     0.256517
   2004   100-104  0.449500     0.375841     0.436498
   2004   105-109  0.367347     0.176471     0.331492
   2004   110+     0.000000            .     0.000000
   2005     0      0.002014     0.002536     0.002281
   2005     1-4    0.000225     0.000259     0.000243
   2005     5-9    0.000123     0.000165     0.000144
   2005    10-14   0.000110     0.000127     0.000119
   2005    15-19   0.000152     0.000395     0.000278
   2005    20-24   0.000296     0.000552     0.000430
   2005    25-29   0.000385     0.000589     0.000491
   2005    30-34   0.000394     0.000806     0.000609
   2005    35-39   0.000628     0.001040     0.000844
   2005    40-44   0.000907     0.001372     0.001150
   2005    45-49   0.001293     0.002703     0.002019
   2005    50-54   0.002092     0.004057     0.003083
   2005    55-59   0.002958     0.006202     0.004573
   2005    60-64   0.004417     0.009778     0.007112
   2005    65-69   0.006902     0.015629     0.011327
   2005    70-74   0.012238     0.026755     0.019358
   2005    75-79   0.022373     0.046489     0.033167
   2005    80-84   0.041035     0.078454     0.054000
   2005    85-89   0.080536     0.136793     0.097251
   2005    90-94   0.144166     0.215174     0.161933
   2005    95-99   0.248557     0.342143     0.267600
   2005   100-104  0.357690     0.454692     0.374350
   2005   105-109  0.329670     0.750000     0.405405
   2005   110+     1.500000            .     1.500000
   2006     0      0.002581     0.002886     0.002737
   2006     1-4    0.000189     0.000297     0.000244
   2006     5-9    0.000087     0.000112     0.000100
   2006    10-14   0.000079     0.000116     0.000098
   2006    15-19   0.000191     0.000352     0.000274
   2006    20-24   0.000324     0.000494     0.000413
   2006    25-29   0.000314     0.000559     0.000442
   2006    30-34   0.000380     0.000732     0.000564
   2006    35-39   0.000552     0.001092     0.000835
   2006    40-44   0.000926     0.001621     0.001289
   2006    45-49   0.001325     0.002392     0.001876
   2006    50-54   0.002082     0.003744     0.002924
   2006    55-59   0.002961     0.006269     0.004607
   2006    60-64   0.004031     0.009916     0.006975
   2006    65-69   0.006817     0.014519     0.010706
   2006    70-74   0.011951     0.024497     0.018135
   2006    75-79   0.022338     0.044773     0.032473
   2006    80-84   0.039181     0.076378     0.052523
   2006    85-89   0.076952     0.125255     0.091109
   2006    90-94   0.144401     0.212889     0.161331
   2006    95-99   0.225400     0.331854     0.246151
   2006   100-104  0.408493     0.451798     0.415700
   2006   105-109  0.526829     0.352941     0.502092
   2006   110+            .            .            .
   2007     0      0.002362     0.002472     0.002418
   2007     1-4    0.000234     0.000255     0.000245
   2007     5-9    0.000087     0.000107     0.000097
   2007    10-14   0.000036     0.000081     0.000059
   2007    15-19   0.000146     0.000279     0.000215
   2007    20-24   0.000325     0.000568     0.000452
   2007    25-29   0.000362     0.000532     0.000451
   2007    30-34   0.000374     0.000644     0.000515
   2007    35-39   0.000704     0.000990     0.000854
   2007    40-44   0.000969     0.001648     0.001324
   2007    45-49   0.001436     0.002260     0.001862
   2007    50-54   0.002198     0.004018     0.003124
   2007    55-59   0.002778     0.006194     0.004477
   2007    60-64   0.004260     0.009557     0.006894
   2007    65-69   0.006557     0.014404     0.010501
   2007    70-74   0.011208     0.024461     0.017753
   2007    75-79   0.021287     0.042642     0.031013
   2007    80-84   0.039693     0.074884     0.052772
   2007    85-89   0.074247     0.128293     0.089884
   2007    90-94   0.143527     0.202726     0.158046
   2007    95-99   0.238189     0.317433     0.253437
   2007   100-104  0.381496     0.622992     0.419518
   2007   105-109  0.432432     0.545455     0.447059
   2007   110+     6.000000            .     6.000000
   2008     0      0.002272     0.003133     0.002713
   2008     1-4    0.000211     0.000249     0.000230
   2008     5-9    0.000126     0.000090     0.000107
   2008    10-14   0.000042     0.000110     0.000077
   2008    15-19   0.000222     0.000338     0.000282
   2008    20-24   0.000241     0.000534     0.000393
   2008    25-29   0.000418     0.000648     0.000538
   2008    30-34   0.000402     0.000716     0.000566
   2008    35-39   0.000700     0.000917     0.000814
   2008    40-44   0.000885     0.001581     0.001249
   2008    45-49   0.001330     0.002278     0.001822
   2008    50-54   0.001880     0.004077     0.003003
   2008    55-59   0.002932     0.006116     0.004517
   2008    60-64   0.004101     0.009263     0.006655
   2008    65-69   0.006071     0.014310     0.010187
   2008    70-74   0.010855     0.024032     0.017366
   2008    75-79   0.020062     0.042142     0.030196
   2008    80-84   0.037847     0.075109     0.052090
   2008    85-89   0.074361     0.125039     0.088946
   2008    90-94   0.145709     0.209769     0.161398
   2008    95-99   0.240578     0.307544     0.253408
   2008   100-104  0.385596     0.603301     0.415344
   2008   105-109  0.543103     0.782609     0.564706
   2008   110+     0.000000     0.000000     0.000000
   2009     0      0.001989     0.002679     0.002342
   2009     1-4    0.000220     0.000308     0.000265
   2009     5-9    0.000096     0.000085     0.000090
   2009    10-14   0.000079     0.000081     0.000080
   2009    15-19   0.000164     0.000334     0.000252
   2009    20-24   0.000268     0.000611     0.000446
   2009    25-29   0.000231     0.000599     0.000422
   2009    30-34   0.000390     0.000735     0.000570
   2009    35-39   0.000603     0.000964     0.000792
   2009    40-44   0.000880     0.001561     0.001236
   2009    45-49   0.001439     0.002426     0.001952
   2009    50-54   0.001954     0.003764     0.002882
   2009    55-59   0.002775     0.005927     0.004348
   2009    60-64   0.003829     0.009516     0.006634
   2009    65-69   0.006051     0.014103     0.010045
   2009    70-74   0.009968     0.022857     0.016333
   2009    75-79   0.019721     0.039725     0.028959
   2009    80-84   0.036527     0.072124     0.050398
   2009    85-89   0.071551     0.122686     0.086462
   2009    90-94   0.140715     0.200868     0.155383
   2009    95-99   0.239728     0.335801     0.257805
   2009   100-104  0.376666     0.420345     0.382430
   2009   105-109  0.414474     0.272727     0.404908
   2009   110+     3.000000     3.000000     3.000000
   2010     0      0.002108     0.002413     0.002266
   2010     1-4    0.000212     0.000236     0.000224
   2010     5-9    0.000104     0.000049     0.000076
   2010    10-14   0.000074     0.000111     0.000093
   2010    15-19   0.000152     0.000275     0.000215
   2010    20-24   0.000218     0.000616     0.000424
   2010    25-29   0.000299     0.000670     0.000491
   2010    30-34   0.000455     0.000746     0.000607
   2010    35-39   0.000682     0.001077     0.000889
   2010    40-44   0.000818     0.001527     0.001190
   2010    45-49   0.001376     0.002396     0.001907
   2010    50-54   0.001933     0.003535     0.002756
   2010    55-59   0.002869     0.005902     0.004389
   2010    60-64   0.003871     0.009498     0.006641
   2010    65-69   0.005923     0.014632     0.010219
   2010    70-74   0.010338     0.022472     0.016314
   2010    75-79   0.019410     0.040088     0.029030
   2010    80-84   0.037924     0.072685     0.051692
   2010    85-89   0.072917     0.126786     0.089036
   2010    90-94   0.143249     0.208751     0.159110
   2010    95-99   0.246799     0.350177     0.265910
   2010   100-104  0.392967     0.502614     0.407675
   2010   105-109  0.627852     0.176471     0.587255
   2010   110+     0.000000            .     0.000000
   2011     0      0.001493     0.002233     0.001874
   2011     1-4    0.000206     0.000220     0.000213
   2011     5-9    0.000085     0.000113     0.000099
   2011    10-14   0.000086     0.000112     0.000100
   2011    15-19   0.000177     0.000282     0.000231
   2011    20-24   0.000277     0.000513     0.000399
   2011    25-29   0.000361     0.000571     0.000470
   2011    30-34   0.000491     0.000727     0.000614
   2011    35-39   0.000496     0.000994     0.000756
   2011    40-44   0.000790     0.001432     0.001127
   2011    45-49   0.001401     0.002209     0.001822
   2011    50-54   0.001949     0.003787     0.002896
   2011    55-59   0.002736     0.005683     0.004220
   2011    60-64   0.003898     0.009242     0.006525
   2011    65-69   0.006384     0.014384     0.010310
   2011    70-74   0.010125     0.022525     0.016208
   2011    75-79   0.019775     0.039799     0.029150
   2011    80-84   0.037493     0.072060     0.051359
   2011    85-89   0.075485     0.124668     0.090774
   2011    90-94   0.147608     0.204203     0.161110
   2011    95-99   0.239716     0.324941     0.255331
   2011   100-104  0.399833     0.471432     0.409272
   2011   105-109  0.446550     0.279070     0.428814
   2011   110+     0.461538            .     0.461538
   2012     0      0.002084     0.001906     0.001992
   2012     1-4    0.000293     0.000229     0.000261
   2012     5-9    0.000060     0.000114     0.000088
   2012    10-14   0.000049     0.000118     0.000084
   2012    15-19   0.000182     0.000326     0.000256
   2012    20-24   0.000275     0.000602     0.000445
   2012    25-29   0.000296     0.000559     0.000432
   2012    30-34   0.000429     0.000706     0.000573
   2012    35-39   0.000570     0.000933     0.000759
   2012    40-44   0.000807     0.001373     0.001103
   2012    45-49   0.001278     0.002172     0.001744
   2012    50-54   0.001984     0.003505     0.002769
   2012    55-59   0.002782     0.005561     0.004187
   2012    60-64   0.003890     0.009136     0.006469
   2012    65-69   0.006092     0.014302     0.010100
   2012    70-74   0.009737     0.022021     0.015737
   2012    75-79   0.018662     0.038339     0.027908
   2012    80-84   0.036290     0.070391     0.050119
   2012    85-89   0.072576     0.123513     0.089026
   2012    90-94   0.143443     0.215221     0.160208
   2012    95-99   0.261620     0.354687     0.278787
   2012   100-104  0.386561     0.444680     0.394301
   2012   105-109  0.510345     0.750000     0.530526
   2012   110+     1.285714            .     1.285714
   2013     0      0.001797     0.002199     0.002003
   2013     1-4    0.000184     0.000174     0.000179
   2013     5-9    0.000094     0.000083     0.000088
   2013    10-14   0.000050     0.000077     0.000064
   2013    15-19   0.000180     0.000329     0.000256
   2013    20-24   0.000234     0.000498     0.000370
   2013    25-29   0.000255     0.000548     0.000406
   2013    30-34   0.000312     0.000741     0.000535
   2013    35-39   0.000469     0.000895     0.000691
   2013    40-44   0.000882     0.001378     0.001142
   2013    45-49   0.001329     0.002131     0.001747
   2013    50-54   0.001955     0.003416     0.002711
   2013    55-59   0.002772     0.005337     0.004075
   2013    60-64   0.003818     0.008773     0.006258
   2013    65-69   0.005881     0.013502     0.009586
   2013    70-74   0.009234     0.021285     0.015086
   2013    75-79   0.018157     0.037165     0.027115
   2013    80-84   0.036394     0.070344     0.050375
   2013    85-89   0.071946     0.121557     0.088442
   2013    90-94   0.141800     0.202618     0.155957
   2013    95-99   0.256253     0.342614     0.272015
   2013   100-104  0.423544     0.400616     0.420522
   2013   105-109  0.728033     0.900000     0.741313
   2013   110+     0.352941     0.000000     0.300000
   2014     0      0.002270     0.001950     0.002106
   2014     1-4    0.000301     0.000227     0.000263
   2014     5-9    0.000061     0.000083     0.000072
   2014    10-14   0.000082     0.000096     0.000089
   2014    15-19   0.000116     0.000235     0.000177
   2014    20-24   0.000207     0.000535     0.000376
   2014    25-29   0.000305     0.000532     0.000422
   2014    30-34   0.000362     0.000697     0.000535
   2014    35-39   0.000477     0.000774     0.000632
   2014    40-44   0.000821     0.001271     0.001057
   2014    45-49   0.001107     0.001949     0.001546
   2014    50-54   0.001892     0.003213     0.002576
   2014    55-59   0.002478     0.005206     0.003868
   2014    60-64   0.003925     0.008936     0.006400
   2014    65-69   0.005776     0.013270     0.009412
   2014    70-74   0.009375     0.021641     0.015293
   2014    75-79   0.017974     0.036255     0.026598
   2014    80-84   0.035039     0.065637     0.047847
   2014    85-89   0.071193     0.117997     0.087131
   2014    90-94   0.140076     0.196817     0.153552
   2014    95-99   0.244283     0.321211     0.258318
   2014   100-104  0.449537     0.390692     0.441300
   2014   105-109  0.487805     0.763636     0.515539
   2014   110+     1.285714     0.000000     0.900000
   2015     0      0.001850     0.002220     0.002040
   2015     1-4    0.000189     0.000162     0.000175
   2015     5-9    0.000095     0.000096     0.000096
   2015    10-14   0.000045     0.000079     0.000062
   2015    15-19   0.000158     0.000316     0.000239
   2015    20-24   0.000204     0.000410     0.000311
   2015    25-29   0.000252     0.000566     0.000414
   2015    30-34   0.000390     0.000571     0.000483
   2015    35-39   0.000469     0.000812     0.000647
   2015    40-44   0.000714     0.001271     0.001005
   2015    45-49   0.001247     0.001975     0.001627
   2015    50-54   0.001756     0.003160     0.002484
   2015    55-59   0.002458     0.005216     0.003865
   2015    60-64   0.003822     0.008169     0.005980
   2015    65-69   0.005487     0.013299     0.009273
   2015    70-74   0.008771     0.022075     0.015153
   2015    75-79   0.017273     0.034481     0.025377
   2015    80-84   0.033003     0.064915     0.046579
   2015    85-89   0.070095     0.117023     0.086432
   2015    90-94   0.137050     0.203075     0.153168
   2015    95-99   0.251261     0.331872     0.265937
   2015   100-104  0.413124     0.539354     0.430459
   2015   105-109  0.712980     0.636364     0.704731
   2015   110+     0.000000     1.500000     0.600000
   2016     0      0.001756     0.002602     0.002191
   2016     1-4    0.000155     0.000105     0.000129
   2016     5-9    0.000068     0.000077     0.000073
   2016    10-14   0.000084     0.000093     0.000089
   2016    15-19   0.000094     0.000286     0.000193
   2016    20-24   0.000163     0.000496     0.000335
   2016    25-29   0.000228     0.000506     0.000371
   2016    30-34   0.000261     0.000631     0.000451
   2016    35-39   0.000540     0.000708     0.000627
   2016    40-44   0.000725     0.001204     0.000975
   2016    45-49   0.001115     0.001841     0.001494
   2016    50-54   0.002006     0.003190     0.002621
   2016    55-59   0.002422     0.005091     0.003788
   2016    60-64   0.003847     0.007985     0.005911
   2016    65-69   0.005710     0.012770     0.009130
   2016    70-74   0.009172     0.020409     0.014536
   2016    75-79   0.016598     0.034396     0.024956
   2016    80-84   0.032280     0.063076     0.045576
   2016    85-89   0.065875     0.112844     0.082500
   2016    90-94   0.133984     0.202061     0.151274
   2016    95-99   0.241860     0.327912     0.257402
   2016   100-104  0.410009     0.462751     0.416948
   2016   105-109  0.510236     0.394737     0.497890
   2016   110+     0.857143     0.000000     0.600000
   2017     0      0.001798     0.001717     0.001756
   2017     1-4    0.000147     0.000097     0.000121
   2017     5-9    0.000034     0.000098     0.000067
   2017    10-14   0.000066     0.000125     0.000096
   2017    15-19   0.000089     0.000244     0.000168
   2017    20-24   0.000162     0.000397     0.000282
   2017    25-29   0.000235     0.000576     0.000410
   2017    30-34   0.000364     0.000633     0.000502
   2017    35-39   0.000441     0.000718     0.000585
   2017    40-44   0.000707     0.001191     0.000959
   2017    45-49   0.001162     0.001867     0.001531
   2017    50-54   0.001787     0.003121     0.002480
   2017    55-59   0.002394     0.004733     0.003594
   2017    60-64   0.003634     0.007797     0.005721
   2017    65-69   0.005667     0.012839     0.009144
   2017    70-74   0.008769     0.020718     0.014450
   2017    75-79   0.015879     0.033703     0.024221
   2017    80-84   0.033630     0.061249     0.045693
   2017    85-89   0.067133     0.114061     0.083960
   2017    90-94   0.133594     0.198643     0.150805
   2017    95-99   0.236149     0.320108     0.251073
   2017   100-104  0.415251     0.503602     0.426615
   2017   105-109  0.610393     0.519231     0.598990
   2017   110+     1.846154     3.000000     2.000000
   2018     0      0.001569     0.001846     0.001711
   2018     1-4    0.000140     0.000222     0.000182
   2018     5-9    0.000062     0.000053     0.000057
   2018    10-14   0.000093     0.000145     0.000119
   2018    15-19   0.000162     0.000235     0.000199
   2018    20-24   0.000161     0.000433     0.000300
   2018    25-29   0.000265     0.000470     0.000370
   2018    30-34   0.000305     0.000548     0.000430
   2018    35-39   0.000502     0.000717     0.000613
   2018    40-44   0.000750     0.001214     0.000992
   2018    45-49   0.001189     0.001754     0.001484
   2018    50-54   0.001829     0.003093     0.002486
   2018    55-59   0.002476     0.004680     0.003610
   2018    60-64   0.003769     0.007684     0.005740
   2018    65-69   0.005586     0.012992     0.009184
   2018    70-74   0.008742     0.021325     0.014704
   2018    75-79   0.015338     0.033874     0.023969
   2018    80-84   0.032025     0.060204     0.044413
   2018    85-89   0.064014     0.112410     0.081674
   2018    90-94   0.130371     0.194658     0.147933
   2018    95-99   0.239024     0.321836     0.253557
   2018   100-104  0.404264     0.453881     0.410693
   2018   105-109  0.616633     1.000000     0.661201
   2018   110+     0.545455            .     0.545455
   2019     0      0.001447     0.002090     0.001777
   2019     1-4    0.000104     0.000162     0.000134
   2019     5-9    0.000070     0.000107     0.000089
   2019    10-14   0.000080     0.000082     0.000081
   2019    15-19   0.000164     0.000267     0.000217
   2019    20-24   0.000234     0.000470     0.000354
   2019    25-29   0.000236     0.000390     0.000315
   2019    30-34   0.000397     0.000469     0.000434
   2019    35-39   0.000465     0.000704     0.000588
   2019    40-44   0.000820     0.001038     0.000933
   2019    45-49   0.001210     0.001825     0.001531
   2019    50-54   0.001809     0.003027     0.002442
   2019    55-59   0.002446     0.004711     0.003613
   2019    60-64   0.003627     0.007937     0.005805
   2019    65-69   0.005444     0.012808     0.009038
   2019    70-74   0.008107     0.020232     0.013843
   2019    75-79   0.015500     0.034099     0.024105
   2019    80-84   0.031486     0.059542     0.043845
   2019    85-89   0.063928     0.110137     0.081083
   2019    90-94   0.129214     0.196985     0.148201
   2019    95-99   0.233207     0.321614     0.248827
   2019   100-104  0.381175     0.479679     0.394564
   2019   105-109  0.679998     0.967742     0.701967
   2019   110+     1.000000            .     1.000000
   2020     0      0.001682     0.001489     0.001583
   2020     1-4    0.000097     0.000102     0.000100
   2020     5-9    0.000042     0.000061     0.000052
   2020    10-14   0.000047     0.000082     0.000065
   2020    15-19   0.000199     0.000254     0.000227
   2020    20-24   0.000173     0.000512     0.000345
   2020    25-29   0.000250     0.000421     0.000337
   2020    30-34   0.000335     0.000610     0.000477
   2020    35-39   0.000488     0.000746     0.000622
   2020    40-44   0.000885     0.001075     0.000984
   2020    45-49   0.001112     0.001882     0.001514
   2020    50-54   0.001712     0.003056     0.002410
   2020    55-59   0.002583     0.004977     0.003819
   2020    60-64   0.003697     0.008061     0.005907
   2020    65-69   0.005413     0.012922     0.009097
   2020    70-74   0.008506     0.020005     0.013945
   2020    75-79   0.015445     0.033832     0.023899
   2020    80-84   0.030280     0.056684     0.041916
   2020    85-89   0.061805     0.106073     0.078546
   2020    90-94   0.124754     0.180581     0.140794
   2020    95-99   0.231577     0.312793     0.246328
   2020   100-104  0.371016     0.441749     0.380648
   2020   105-109  0.620484     0.754006     0.630407
   2020   110+     1.411765            .     1.411765
   2021     0      0.001087     0.001633     0.001367
   2021     1-4    0.000111     0.000087     0.000099
   2021     5-9    0.000064     0.000061     0.000063
   2021    10-14   0.000074     0.000083     0.000078
   2021    15-19   0.000191     0.000200     0.000196
   2021    20-24   0.000291     0.000474     0.000384
   2021    25-29   0.000243     0.000394     0.000320
   2021    30-34   0.000325     0.000491     0.000411
   2021    35-39   0.000404     0.000689     0.000551
   2021    40-44   0.000764     0.001092     0.000935
   2021    45-49   0.001112     0.001723     0.001431
   2021    50-54   0.001781     0.003260     0.002550
   2021    55-59   0.002497     0.005011     0.003795
   2021    60-64   0.003538     0.008009     0.005808
   2021    65-69   0.005383     0.012095     0.008691
   2021    70-74   0.008784     0.021731     0.014905
   2021    75-79   0.015868     0.034661     0.024463
   2021    80-84   0.031343     0.059835     0.043891
   2021    85-89   0.063040     0.107383     0.080115
   2021    90-94   0.127959     0.192517     0.146896
   2021    95-99   0.226671     0.309348     0.242569
   2021   100-104  0.384700     0.450066     0.393166
   2021   105-109  0.560243     0.400267     0.547521
   2021   110+     0.923077            .     0.923077
   2022     0      0.001296     0.001698     0.001503
   2022     1-4    0.000126     0.000141     0.000134
   2022     5-9    0.000029     0.000097     0.000064
   2022    10-14   0.000054     0.000097     0.000076
   2022    15-19   0.000261     0.000217     0.000238
   2022    20-24   0.000256     0.000429     0.000344
   2022    25-29   0.000374     0.000480     0.000428
   2022    30-34   0.000302     0.000564     0.000437
   2022    35-39   0.000500     0.000730     0.000618
   2022    40-44   0.000750     0.001191     0.000979
   2022    45-49   0.001182     0.001967     0.001591
   2022    50-54   0.001855     0.003078     0.002492
   2022    55-59   0.002449     0.004967     0.003750
   2022    60-64   0.003528     0.007929     0.005768
   2022    65-69   0.005580     0.013155     0.009329
   2022    70-74   0.009304     0.021841     0.015234
   2022    75-79   0.016595     0.036430     0.025630
   2022    80-84   0.033412     0.063220     0.046496
   2022    85-89   0.069310     0.114093     0.086831
   2022    90-94   0.135900     0.201639     0.155491
   2022    95-99   0.245781     0.319538     0.260692
   2022   100-104  0.422836     0.481736     0.430176
   2022   105-109  0.653157     0.773377     0.663015
   2022   110+     1.791045            .     1.791045
