22.Shizuoka.ken, Death Rates (period 5x1)     Last modified:2023-12-05, ver.004_004 JMD(IPSS)

   Year      Age       Female       Male         Total
   1947     0      0.077728     0.084972     0.081437
   1947     1-4    0.014601     0.015019     0.014813
   1947     5-9    0.002809     0.003354     0.003085
   1947    10-14   0.001538     0.001682     0.001610
   1947    15-19   0.003549     0.003998     0.003768
   1947    20-24   0.006105     0.008114     0.007050
   1947    25-29   0.006838     0.008331     0.007487
   1947    30-34   0.006123     0.007032     0.006539
   1947    35-39   0.006002     0.007614     0.006776
   1947    40-44   0.006714     0.009060     0.007893
   1947    45-49   0.008723     0.010916     0.009838
   1947    50-54   0.010647     0.015377     0.013031
   1947    55-59   0.015398     0.022955     0.019163
   1947    60-64   0.025713     0.036950     0.031072
   1947    65-69   0.036600     0.058262     0.046565
   1947    70-74   0.058823     0.084969     0.070233
   1947    75-79   0.096891     0.132623     0.111395
   1947    80-84   0.161143     0.188887     0.171442
   1947    85-89   0.228218     0.281955     0.246424
   1947    90-94   0.426614     0.285429     0.381642
   1947    95-99   0.345075     0.162470     0.281743
   1947   100-104  0.000000     0.000000     0.000000
   1947   105-109  0.000000            .     0.000000
   1947   110+     0.000000     0.000000     0.000000
   1948     0      0.050189     0.062873     0.056658
   1948     1-4    0.007670     0.008725     0.008206
   1948     5-9    0.002136     0.002438     0.002289
   1948    10-14   0.001304     0.001432     0.001368
   1948    15-19   0.002890     0.002988     0.002939
   1948    20-24   0.005633     0.006655     0.006122
   1948    25-29   0.005425     0.007870     0.006478
   1948    30-34   0.005309     0.007023     0.006091
   1948    35-39   0.004745     0.006003     0.005341
   1948    40-44   0.005835     0.007213     0.006523
   1948    45-49   0.006815     0.009404     0.008128
   1948    50-54   0.009724     0.013172     0.011460
   1948    55-59   0.013298     0.019151     0.016219
   1948    60-64   0.021354     0.029575     0.025310
   1948    65-69   0.031568     0.045652     0.038018
   1948    70-74   0.049387     0.065752     0.056510
   1948    75-79   0.077147     0.100492     0.086652
   1948    80-84   0.124837     0.147215     0.133204
   1948    85-89   0.182946     0.211973     0.192618
   1948    90-94   0.284425     0.357790     0.308479
   1948    95-99   0.361598     0.398565     0.373134
   1948   100-104  0.000000     0.918836     0.376176
   1948   105-109  2.334630            .     2.334630
   1948   110+     0.000000     0.000000     0.000000
   1949     0      0.051990     0.063771     0.057987
   1949     1-4    0.010590     0.010451     0.010519
   1949     5-9    0.002032     0.002251     0.002143
   1949    10-14   0.000984     0.001311     0.001149
   1949    15-19   0.002361     0.002500     0.002430
   1949    20-24   0.003933     0.005889     0.004878
   1949    25-29   0.005253     0.006544     0.005813
   1949    30-34   0.004707     0.005981     0.005283
   1949    35-39   0.005077     0.005907     0.005466
   1949    40-44   0.005533     0.007168     0.006343
   1949    45-49   0.006325     0.009040     0.007695
   1949    50-54   0.009113     0.012398     0.010770
   1949    55-59   0.012895     0.019289     0.016090
   1949    60-64   0.020944     0.026847     0.023807
   1949    65-69   0.032907     0.044040     0.037999
   1949    70-74   0.048493     0.068094     0.057058
   1949    75-79   0.076586     0.096733     0.084849
   1949    80-84   0.131913     0.173617     0.147457
   1949    85-89   0.219487     0.207950     0.215606
   1949    90-94   0.314988     0.254381     0.294784
   1949    95-99   0.288154     0.344788     0.306111
   1949   100-104  0.571973     0.000000     0.292969
   1949   105-109  0.000000            .     0.000000
   1949   110+     0.000000     0.000000     0.000000
   1950     0      0.052543     0.059718     0.056208
   1950     1-4    0.009243     0.008974     0.009106
   1950     5-9    0.001808     0.002273     0.002043
   1950    10-14   0.000863     0.001104     0.000985
   1950    15-19   0.001787     0.002071     0.001928
   1950    20-24   0.003356     0.004808     0.004061
   1950    25-29   0.004052     0.005695     0.004781
   1950    30-34   0.004145     0.005378     0.004696
   1950    35-39   0.004207     0.005553     0.004830
   1950    40-44   0.005347     0.006143     0.005739
   1950    45-49   0.006160     0.008684     0.007426
   1950    50-54   0.008592     0.011424     0.010024
   1950    55-59   0.012312     0.017378     0.014842
   1950    60-64   0.020332     0.026671     0.023419
   1950    65-69   0.030796     0.047934     0.038645
   1950    70-74   0.051104     0.073709     0.061019
   1950    75-79   0.084366     0.109749     0.094809
   1950    80-84   0.138455     0.171779     0.150793
   1950    85-89   0.216099     0.230353     0.220937
   1950    90-94   0.345823     0.367081     0.352819
   1950    95-99   0.291314     0.888180     0.458044
   1950   100-104  0.471328     1.104972     0.763035
   1950   105-109  0.000000     0.000000     0.000000
   1950   110+     0.000000     0.000000     0.000000
   1951     0      0.044405     0.054520     0.049590
   1951     1-4    0.006530     0.006967     0.006752
   1951     5-9    0.001400     0.001630     0.001517
   1951    10-14   0.000944     0.000775     0.000859
   1951    15-19   0.001402     0.001739     0.001570
   1951    20-24   0.002845     0.003297     0.003066
   1951    25-29   0.003681     0.004046     0.003849
   1951    30-34   0.003362     0.004256     0.003756
   1951    35-39   0.004123     0.004582     0.004334
   1951    40-44   0.004797     0.005387     0.005085
   1951    45-49   0.006185     0.008085     0.007137
   1951    50-54   0.007950     0.011708     0.009852
   1951    55-59   0.012578     0.017078     0.014823
   1951    60-64   0.020507     0.029710     0.025004
   1951    65-69   0.030425     0.043952     0.036647
   1951    70-74   0.051236     0.066980     0.058149
   1951    75-79   0.079801     0.111662     0.092860
   1951    80-84   0.128936     0.170065     0.144123
   1951    85-89   0.213823     0.233016     0.220363
   1951    90-94   0.372275     0.395982     0.379935
   1951    95-99   0.694593     0.372001     0.611217
   1951   100-104  0.456522     0.570071     0.505653
   1951   105-109  0.452830     3.000000     0.737430
   1951   110+     0.600000     1.500000     1.114286
   1952     0      0.041117     0.048242     0.044756
   1952     1-4    0.005022     0.005487     0.005259
   1952     5-9    0.001158     0.001493     0.001328
   1952    10-14   0.000717     0.000832     0.000775
   1952    15-19   0.001298     0.001575     0.001435
   1952    20-24   0.002144     0.002727     0.002432
   1952    25-29   0.002895     0.003298     0.003086
   1952    30-34   0.003001     0.003565     0.003247
   1952    35-39   0.003230     0.003884     0.003530
   1952    40-44   0.004153     0.004759     0.004444
   1952    45-49   0.005911     0.007088     0.006501
   1952    50-54   0.007515     0.010349     0.008950
   1952    55-59   0.011260     0.017584     0.014414
   1952    60-64   0.017488     0.025499     0.021413
   1952    65-69   0.030338     0.043121     0.036269
   1952    70-74   0.048119     0.067656     0.056690
   1952    75-79   0.077242     0.105917     0.088934
   1952    80-84   0.122005     0.157915     0.135288
   1952    85-89   0.199694     0.244433     0.214862
   1952    90-94   0.313762     0.329110     0.318717
   1952    95-99   0.427250     0.104949     0.314272
   1952   100-104  0.440816     0.955836     0.616460
   1952   105-109  0.257143            .     0.257143
   1952   110+     0.750000            .     0.750000
   1953     0      0.039074     0.048597     0.043916
   1953     1-4    0.004578     0.004902     0.004743
   1953     5-9    0.001229     0.001632     0.001434
   1953    10-14   0.000582     0.000697     0.000640
   1953    15-19   0.001323     0.001468     0.001395
   1953    20-24   0.002195     0.002819     0.002505
   1953    25-29   0.002574     0.003088     0.002825
   1953    30-34   0.003131     0.003238     0.003177
   1953    35-39   0.003464     0.003946     0.003685
   1953    40-44   0.003932     0.004778     0.004335
   1953    45-49   0.005974     0.008094     0.007032
   1953    50-54   0.007830     0.011690     0.009781
   1953    55-59   0.011240     0.017376     0.014301
   1953    60-64   0.017689     0.026916     0.022215
   1953    65-69   0.031503     0.046930     0.038743
   1953    70-74   0.055070     0.078485     0.065292
   1953    75-79   0.086207     0.120810     0.100238
   1953    80-84   0.139962     0.188003     0.157740
   1953    85-89   0.235394     0.273816     0.248229
   1953    90-94   0.316110     0.320576     0.317536
   1953    95-99   0.406706     1.054987     0.612029
   1953   100-104  0.420971     0.000000     0.285565
   1953   105-109  0.315789     0.000000     0.287425
   1953   110+     3.000000            .     3.000000
   1954     0      0.036027     0.044759     0.040471
   1954     1-4    0.003717     0.004379     0.004055
   1954     5-9    0.001296     0.001604     0.001453
   1954    10-14   0.000611     0.000781     0.000697
   1954    15-19   0.001058     0.001849     0.001449
   1954    20-24   0.002032     0.002885     0.002455
   1954    25-29   0.002570     0.002995     0.002782
   1954    30-34   0.002662     0.003318     0.002951
   1954    35-39   0.002901     0.003462     0.003157
   1954    40-44   0.003264     0.005008     0.004087
   1954    45-49   0.004687     0.007127     0.005897
   1954    50-54   0.007645     0.010122     0.008894
   1954    55-59   0.010750     0.016679     0.013715
   1954    60-64   0.016455     0.026711     0.021489
   1954    65-69   0.027476     0.041115     0.033934
   1954    70-74   0.047218     0.067638     0.056113
   1954    75-79   0.077983     0.110151     0.091020
   1954    80-84   0.124142     0.154656     0.135466
   1954    85-89   0.187214     0.220019     0.197996
   1954    90-94   0.281508     0.339418     0.299896
   1954    95-99   0.462265     0.802538     0.538851
   1954   100-104  0.303562     1.240000     0.480101
   1954   105-109  0.152866     0.807692     0.315789
   1954   110+     0.000000            .     0.000000
   1955     0      0.035511     0.041277     0.038459
   1955     1-4    0.003393     0.003569     0.003482
   1955     5-9    0.001079     0.001306     0.001195
   1955    10-14   0.000546     0.000772     0.000660
   1955    15-19   0.001073     0.001588     0.001327
   1955    20-24   0.001919     0.002886     0.002396
   1955    25-29   0.002228     0.002898     0.002565
   1955    30-34   0.002387     0.002802     0.002576
   1955    35-39   0.002962     0.003428     0.003173
   1955    40-44   0.003726     0.004593     0.004131
   1955    45-49   0.004955     0.006850     0.005891
   1955    50-54   0.007025     0.010360     0.008698
   1955    55-59   0.010731     0.015643     0.013196
   1955    60-64   0.016528     0.024997     0.020685
   1955    65-69   0.027392     0.041074     0.033886
   1955    70-74   0.045506     0.069156     0.055841
   1955    75-79   0.074495     0.105327     0.087006
   1955    80-84   0.116882     0.150451     0.129361
   1955    85-89   0.207747     0.251328     0.221832
   1955    90-94   0.299634     0.320041     0.306053
   1955    95-99   0.350479     0.532240     0.389381
   1955   100-104  0.413645     1.671141     0.535193
   1955   105-109  0.250000     3.600000     0.745562
   1955   110+     0.000000            .     0.000000
   1956     0      0.032877     0.039873     0.036465
   1956     1-4    0.002856     0.003336     0.003100
   1956     5-9    0.000875     0.001269     0.001076
   1956    10-14   0.000519     0.000790     0.000656
   1956    15-19   0.000908     0.001402     0.001151
   1956    20-24   0.001757     0.002779     0.002260
   1956    25-29   0.001823     0.002593     0.002212
   1956    30-34   0.002400     0.002532     0.002462
   1956    35-39   0.002434     0.003499     0.002909
   1956    40-44   0.003330     0.004175     0.003721
   1956    45-49   0.005372     0.006763     0.006053
   1956    50-54   0.007527     0.010938     0.009236
   1956    55-59   0.010449     0.016025     0.013254
   1956    60-64   0.015609     0.024862     0.020148
   1956    65-69   0.029616     0.043980     0.036441
   1956    70-74   0.048443     0.068862     0.057433
   1956    75-79   0.079864     0.116106     0.094555
   1956    80-84   0.135648     0.159347     0.144451
   1956    85-89   0.206688     0.230332     0.214370
   1956    90-94   0.317592     0.410304     0.345757
   1956    95-99   0.414787     0.486716     0.431847
   1956   100-104  0.912075     0.000000     0.750965
   1956   105-109  0.375000            .     0.375000
   1956   110+     0.600000            .     0.600000
   1957     0      0.033180     0.039582     0.036471
   1957     1-4    0.002908     0.003762     0.003343
   1957     5-9    0.000876     0.001250     0.001067
   1957    10-14   0.000495     0.000659     0.000577
   1957    15-19   0.000993     0.001383     0.001185
   1957    20-24   0.001736     0.002533     0.002128
   1957    25-29   0.001947     0.002426     0.002190
   1957    30-34   0.002571     0.002487     0.002530
   1957    35-39   0.002935     0.003176     0.003041
   1957    40-44   0.003724     0.003976     0.003840
   1957    45-49   0.005012     0.006834     0.005889
   1957    50-54   0.008124     0.010506     0.009316
   1957    55-59   0.010769     0.016794     0.013799
   1957    60-64   0.016763     0.027198     0.021879
   1957    65-69   0.028883     0.043829     0.035993
   1957    70-74   0.046776     0.074292     0.058975
   1957    75-79   0.084013     0.111667     0.095208
   1957    80-84   0.140743     0.176049     0.153797
   1957    85-89   0.242679     0.252072     0.245804
   1957    90-94   0.358472     0.403298     0.371661
   1957    95-99   0.603863     0.655262     0.616824
   1957   100-104  0.506729     0.000000     0.346227
   1957   105-109  2.100000            .     2.100000
   1957   110+     2.000000            .     2.000000
   1958     0      0.027401     0.035452     0.031532
   1958     1-4    0.002451     0.003110     0.002788
   1958     5-9    0.001051     0.001287     0.001171
   1958    10-14   0.000692     0.000787     0.000740
   1958    15-19   0.000971     0.001506     0.001234
   1958    20-24   0.001865     0.002474     0.002165
   1958    25-29   0.001782     0.002831     0.002312
   1958    30-34   0.002208     0.002964     0.002583
   1958    35-39   0.002757     0.003273     0.002983
   1958    40-44   0.003582     0.004362     0.003941
   1958    45-49   0.004964     0.006930     0.005900
   1958    50-54   0.007344     0.010421     0.008876
   1958    55-59   0.010781     0.016006     0.013401
   1958    60-64   0.015732     0.026036     0.020785
   1958    65-69   0.025989     0.039273     0.032313
   1958    70-74   0.044624     0.067659     0.054939
   1958    75-79   0.074819     0.106120     0.087463
   1958    80-84   0.120913     0.157887     0.134519
   1958    85-89   0.186126     0.220147     0.197622
   1958    90-94   0.303842     0.306991     0.304785
   1958    95-99   0.570885     0.207577     0.468407
   1958   100-104  0.219539     1.721664     0.524781
   1958   105-109         .            .            .
   1958   110+            .            .            .
   1959     0      0.026304     0.032537     0.029492
   1959     1-4    0.002066     0.002884     0.002484
   1959     5-9    0.000768     0.001100     0.000937
   1959    10-14   0.000363     0.000579     0.000472
   1959    15-19   0.000940     0.001566     0.001247
   1959    20-24   0.001496     0.002477     0.001977
   1959    25-29   0.001529     0.002042     0.001788
   1959    30-34   0.001759     0.002542     0.002153
   1959    35-39   0.002142     0.003059     0.002548
   1959    40-44   0.003075     0.004136     0.003560
   1959    45-49   0.004512     0.006474     0.005436
   1959    50-54   0.007424     0.009477     0.008438
   1959    55-59   0.009732     0.015395     0.012560
   1959    60-64   0.014969     0.025002     0.019899
   1959    65-69   0.024655     0.038968     0.031476
   1959    70-74   0.044069     0.064638     0.053382
   1959    75-79   0.080472     0.111662     0.093031
   1959    80-84   0.128083     0.160951     0.140203
   1959    85-89   0.199034     0.258312     0.218896
   1959    90-94   0.270583     0.331000     0.288644
   1959    95-99   0.366209     0.457380     0.392273
   1959   100-104  0.201884     4.958678     0.387973
   1959   105-109  0.000000            .     0.000000
   1959   110+            .            .            .
   1960     0      0.024832     0.029341     0.027147
   1960     1-4    0.002010     0.002414     0.002217
   1960     5-9    0.000836     0.000980     0.000909
   1960    10-14   0.000358     0.000661     0.000512
   1960    15-19   0.000847     0.001426     0.001131
   1960    20-24   0.001485     0.002539     0.001998
   1960    25-29   0.001447     0.002417     0.001937
   1960    30-34   0.001725     0.002340     0.002037
   1960    35-39   0.002253     0.003076     0.002627
   1960    40-44   0.002647     0.004224     0.003359
   1960    45-49   0.004295     0.005612     0.004909
   1960    50-54   0.005829     0.009138     0.007455
   1960    55-59   0.009006     0.015515     0.012242
   1960    60-64   0.014414     0.024441     0.019349
   1960    65-69   0.023367     0.040699     0.031621
   1960    70-74   0.044386     0.067123     0.054711
   1960    75-79   0.079989     0.111657     0.092771
   1960    80-84   0.136769     0.167703     0.148229
   1960    85-89   0.204065     0.251880     0.219798
   1960    90-94   0.328972     0.385660     0.345440
   1960    95-99   0.417038     0.539524     0.448091
   1960   100-104  0.448934     0.000000     0.392927
   1960   105-109  0.000000            .     0.000000
   1960   110+            .            .            .
   1961     0      0.023718     0.029855     0.026875
   1961     1-4    0.001886     0.002472     0.002186
   1961     5-9    0.000589     0.001000     0.000798
   1961    10-14   0.000340     0.000584     0.000464
   1961    15-19   0.000671     0.001490     0.001072
   1961    20-24   0.001215     0.002181     0.001685
   1961    25-29   0.001364     0.002142     0.001756
   1961    30-34   0.001462     0.002384     0.001932
   1961    35-39   0.001963     0.002479     0.002206
   1961    40-44   0.002603     0.004065     0.003253
   1961    45-49   0.003978     0.005868     0.004850
   1961    50-54   0.006143     0.010013     0.008026
   1961    55-59   0.009154     0.015379     0.012246
   1961    60-64   0.013932     0.025839     0.019795
   1961    65-69   0.022681     0.041712     0.031726
   1961    70-74   0.043793     0.066299     0.054010
   1961    75-79   0.078373     0.105548     0.089440
   1961    80-84   0.137482     0.171011     0.149875
   1961    85-89   0.200839     0.257186     0.219178
   1961    90-94   0.345128     0.360490     0.349602
   1961    95-99   0.488115     0.479469     0.485966
   1961   100-104  0.527473     0.000000     0.360252
   1961   105-109  0.000000            .     0.000000
   1961   110+            .            .            .
   1962     0      0.023074     0.027358     0.025280
   1962     1-4    0.001466     0.001982     0.001730
   1962     5-9    0.000575     0.000827     0.000703
   1962    10-14   0.000328     0.000500     0.000415
   1962    15-19   0.000591     0.001276     0.000928
   1962    20-24   0.001141     0.002127     0.001621
   1962    25-29   0.001249     0.002220     0.001737
   1962    30-34   0.001296     0.002160     0.001736
   1962    35-39   0.001826     0.002512     0.002158
   1962    40-44   0.002558     0.003649     0.003037
   1962    45-49   0.003947     0.005689     0.004747
   1962    50-54   0.006084     0.009220     0.007586
   1962    55-59   0.009288     0.015756     0.012496
   1962    60-64   0.014743     0.025228     0.019905
   1962    65-69   0.023254     0.040233     0.031312
   1962    70-74   0.044720     0.069463     0.055956
   1962    75-79   0.082942     0.116989     0.096914
   1962    80-84   0.138281     0.186941     0.156087
   1962    85-89   0.212881     0.268932     0.230852
   1962    90-94   0.317659     0.477772     0.363106
   1962    95-99   0.656867     0.450817     0.601885
   1962   100-104  0.749064     0.483481     0.633134
   1962   105-109  0.000000            .     0.000000
   1962   110+            .            .            .
   1963     0      0.021276     0.024253     0.022813
   1963     1-4    0.001514     0.001713     0.001616
   1963     5-9    0.000471     0.000818     0.000648
   1963    10-14   0.000357     0.000540     0.000449
   1963    15-19   0.000595     0.001206     0.000896
   1963    20-24   0.000956     0.001907     0.001420
   1963    25-29   0.001068     0.001939     0.001504
   1963    30-34   0.001282     0.002242     0.001772
   1963    35-39   0.001799     0.002632     0.002212
   1963    40-44   0.002272     0.003819     0.002949
   1963    45-49   0.004071     0.005938     0.004926
   1963    50-54   0.005714     0.008505     0.007036
   1963    55-59   0.008625     0.014902     0.011721
   1963    60-64   0.013765     0.024550     0.019061
   1963    65-69   0.022204     0.037007     0.029236
   1963    70-74   0.038693     0.065655     0.050927
   1963    75-79   0.070477     0.099974     0.082725
   1963    80-84   0.121142     0.161729     0.135828
   1963    85-89   0.216324     0.227590     0.219947
   1963    90-94   0.289778     0.370120     0.311567
   1963    95-99   0.356357     0.354956     0.355976
   1963   100-104  0.000000     1.166181     0.495663
   1963   105-109  2.181818            .     2.181818
   1963   110+            .            .            .
   1964     0      0.015847     0.020072     0.018029
   1964     1-4    0.001153     0.001759     0.001464
   1964     5-9    0.000459     0.000707     0.000585
   1964    10-14   0.000343     0.000505     0.000425
   1964    15-19   0.000485     0.001297     0.000886
   1964    20-24   0.000974     0.002090     0.001516
   1964    25-29   0.001067     0.002007     0.001537
   1964    30-34   0.001255     0.002294     0.001784
   1964    35-39   0.001582     0.002795     0.002192
   1964    40-44   0.002162     0.004166     0.003048
   1964    45-49   0.003486     0.005335     0.004327
   1964    50-54   0.005146     0.007964     0.006466
   1964    55-59   0.008559     0.014134     0.011291
   1964    60-64   0.012885     0.024762     0.018695
   1964    65-69   0.021599     0.038036     0.029426
   1964    70-74   0.038820     0.062182     0.049418
   1964    75-79   0.070293     0.104385     0.084588
   1964    80-84   0.119418     0.164388     0.135654
   1964    85-89   0.196968     0.236099     0.209775
   1964    90-94   0.314810     0.359146     0.326774
   1964    95-99   0.373269     0.605411     0.426681
   1964   100-104  0.484653     0.000000     0.304105
   1964   105-109         .            .            .
   1964   110+            .            .            .
   1965     0      0.014547     0.018395     0.016531
   1965     1-4    0.001096     0.001545     0.001327
   1965     5-9    0.000398     0.000779     0.000593
   1965    10-14   0.000229     0.000403     0.000317
   1965    15-19   0.000381     0.001187     0.000779
   1965    20-24   0.000761     0.001894     0.001307
   1965    25-29   0.001040     0.001777     0.001408
   1965    30-34   0.001216     0.002184     0.001708
   1965    35-39   0.001727     0.002405     0.002071
   1965    40-44   0.002052     0.004041     0.002956
   1965    45-49   0.003810     0.005659     0.004642
   1965    50-54   0.005297     0.008480     0.006771
   1965    55-59   0.007362     0.012626     0.009928
   1965    60-64   0.012639     0.024587     0.018458
   1965    65-69   0.021674     0.038428     0.029658
   1965    70-74   0.037742     0.064790     0.050001
   1965    75-79   0.072446     0.107764     0.087241
   1965    80-84   0.130182     0.176167     0.146832
   1965    85-89   0.210123     0.276448     0.231598
   1965    90-94   0.327026     0.360139     0.336078
   1965    95-99   0.489270     0.440173     0.479375
   1965   100-104  0.510928     1.050328     0.723140
   1965   105-109         .            .            .
   1965   110+            .            .            .
   1966     0      0.012677     0.016564     0.014683
   1966     1-4    0.000999     0.001313     0.001161
   1966     5-9    0.000394     0.000696     0.000548
   1966    10-14   0.000210     0.000467     0.000340
   1966    15-19   0.000476     0.001187     0.000828
   1966    20-24   0.000898     0.001789     0.001327
   1966    25-29   0.000845     0.001937     0.001390
   1966    30-34   0.001151     0.001965     0.001564
   1966    35-39   0.001459     0.002606     0.002043
   1966    40-44   0.002200     0.003756     0.002931
   1966    45-49   0.003066     0.005213     0.004017
   1966    50-54   0.005092     0.008124     0.006482
   1966    55-59   0.007839     0.013890     0.010758
   1966    60-64   0.012789     0.022955     0.017739
   1966    65-69   0.020238     0.035985     0.027738
   1966    70-74   0.037959     0.059035     0.047488
   1966    75-79   0.065313     0.100369     0.079982
   1966    80-84   0.121506     0.167765     0.138357
   1966    85-89   0.188149     0.234936     0.202923
   1966    90-94   0.278767     0.322301     0.290925
   1966    95-99   0.321344     0.465808     0.351036
   1966   100-104  0.330670     0.287632     0.314961
   1966   105-109         .            .            .
   1966   110+            .            .            .
   1967     0      0.014274     0.017681     0.016024
   1967     1-4    0.000957     0.001304     0.001136
   1967     5-9    0.000285     0.000657     0.000475
   1967    10-14   0.000271     0.000364     0.000318
   1967    15-19   0.000511     0.001152     0.000827
   1967    20-24   0.000788     0.001559     0.001163
   1967    25-29   0.000987     0.001717     0.001351
   1967    30-34   0.001087     0.002032     0.001566
   1967    35-39   0.001349     0.002775     0.002076
   1967    40-44   0.002036     0.003528     0.002758
   1967    45-49   0.003442     0.004878     0.004070
   1967    50-54   0.004819     0.008471     0.006485
   1967    55-59   0.007067     0.012464     0.009629
   1967    60-64   0.011672     0.021774     0.016590
   1967    65-69   0.019068     0.037283     0.027731
   1967    70-74   0.034935     0.056882     0.044840
   1967    75-79   0.064622     0.094160     0.077005
   1967    80-84   0.115598     0.152480     0.129138
   1967    85-89   0.185193     0.237062     0.201296
   1967    90-94   0.314109     0.281226     0.304643
   1967    95-99   0.489707     0.524338     0.497232
   1967   100-104  0.474058     0.272727     0.400200
   1967   105-109         .            .            .
   1967   110+            .            .            .
   1968     0      0.011968     0.015883     0.013979
   1968     1-4    0.001009     0.001089     0.001050
   1968     5-9    0.000344     0.000583     0.000467
   1968    10-14   0.000262     0.000334     0.000298
   1968    15-19   0.000413     0.001185     0.000792
   1968    20-24   0.000703     0.001377     0.001033
   1968    25-29   0.000789     0.001715     0.001250
   1968    30-34   0.001065     0.001909     0.001492
   1968    35-39   0.001446     0.002400     0.001932
   1968    40-44   0.002090     0.003325     0.002702
   1968    45-49   0.002783     0.004926     0.003717
   1968    50-54   0.005057     0.007877     0.006340
   1968    55-59   0.007656     0.013154     0.010233
   1968    60-64   0.011973     0.021065     0.016380
   1968    65-69   0.018691     0.033395     0.025666
   1968    70-74   0.036013     0.056559     0.045282
   1968    75-79   0.063650     0.092201     0.075630
   1968    80-84   0.116022     0.156241     0.130975
   1968    85-89   0.199322     0.224414     0.207041
   1968    90-94   0.290259     0.364759     0.311989
   1968    95-99   0.467412     0.188964     0.398707
   1968   100-104  0.755811     0.309278     0.609998
   1968   105-109         .            .            .
   1968   110+            .            .            .
   1969     0      0.011362     0.014462     0.012965
   1969     1-4    0.001156     0.001183     0.001170
   1969     5-9    0.000370     0.000645     0.000512
   1969    10-14   0.000250     0.000493     0.000373
   1969    15-19   0.000454     0.001298     0.000868
   1969    20-24   0.000626     0.001304     0.000957
   1969    25-29   0.000777     0.001495     0.001134
   1969    30-34   0.000997     0.001817     0.001412
   1969    35-39   0.001157     0.002738     0.001963
   1969    40-44   0.001936     0.003367     0.002656
   1969    45-49   0.003169     0.004822     0.003898
   1969    50-54   0.004583     0.007831     0.006051
   1969    55-59   0.007052     0.012100     0.009391
   1969    60-64   0.011934     0.020956     0.016281
   1969    65-69   0.018773     0.035443     0.026662
   1969    70-74   0.033510     0.060117     0.045522
   1969    75-79   0.062770     0.094672     0.076164
   1969    80-84   0.108111     0.148350     0.123224
   1969    85-89   0.183639     0.234054     0.199224
   1969    90-94   0.257447     0.370474     0.289045
   1969    95-99   0.435945     0.422745     0.432379
   1969   100-104  0.121531     0.666667     0.277577
   1969   105-109         .            .            .
   1969   110+            .            .            .
   1970     0      0.010155     0.013687     0.011976
   1970     1-4    0.000958     0.001397     0.001183
   1970     5-9    0.000356     0.000665     0.000515
   1970    10-14   0.000296     0.000506     0.000403
   1970    15-19   0.000468     0.001344     0.000897
   1970    20-24   0.000624     0.001288     0.000946
   1970    25-29   0.000661     0.001539     0.001099
   1970    30-34   0.000900     0.001656     0.001282
   1970    35-39   0.001411     0.002571     0.002001
   1970    40-44   0.001854     0.003372     0.002624
   1970    45-49   0.002715     0.004380     0.003470
   1970    50-54   0.004591     0.007079     0.005702
   1970    55-59   0.006619     0.012126     0.009142
   1970    60-64   0.011820     0.020296     0.015880
   1970    65-69   0.018317     0.036569     0.026917
   1970    70-74   0.035776     0.060344     0.046854
   1970    75-79   0.064730     0.095215     0.077530
   1970    80-84   0.107637     0.146860     0.122395
   1970    85-89   0.195411     0.229706     0.206157
   1970    90-94   0.302073     0.338374     0.311928
   1970    95-99   0.335501     0.604155     0.403468
   1970   100-104  0.604940     1.451613     0.750939
   1970   105-109         .            .            .
   1970   110+            .            .            .
   1971     0      0.010117     0.011888     0.011024
   1971     1-4    0.001017     0.001171     0.001096
   1971     5-9    0.000334     0.000614     0.000478
   1971    10-14   0.000282     0.000376     0.000330
   1971    15-19   0.000380     0.001281     0.000822
   1971    20-24   0.000716     0.001429     0.001062
   1971    25-29   0.000769     0.001391     0.001080
   1971    30-34   0.000933     0.001618     0.001279
   1971    35-39   0.001209     0.002509     0.001870
   1971    40-44   0.001602     0.003189     0.002411
   1971    45-49   0.002391     0.004415     0.003339
   1971    50-54   0.004944     0.007252     0.005958
   1971    55-59   0.006533     0.010912     0.008521
   1971    60-64   0.011217     0.018638     0.014732
   1971    65-69   0.017955     0.031795     0.024478
   1971    70-74   0.030940     0.051909     0.040390
   1971    75-79   0.061234     0.087895     0.072420
   1971    80-84   0.109937     0.139434     0.121093
   1971    85-89   0.179752     0.240282     0.198970
   1971    90-94   0.279417     0.345880     0.297166
   1971    95-99   0.495510     0.762219     0.549975
   1971   100-104  0.732856     0.000000     0.580833
   1971   105-109  0.000000            .     0.000000
   1971   110+            .            .            .
   1972     0      0.010041     0.011286     0.010677
   1972     1-4    0.000979     0.001128     0.001056
   1972     5-9    0.000487     0.000554     0.000521
   1972    10-14   0.000199     0.000407     0.000305
   1972    15-19   0.000394     0.001044     0.000713
   1972    20-24   0.000715     0.001435     0.001066
   1972    25-29   0.000842     0.001387     0.001114
   1972    30-34   0.000873     0.001612     0.001246
   1972    35-39   0.001196     0.002170     0.001690
   1972    40-44   0.001559     0.003315     0.002454
   1972    45-49   0.002521     0.004438     0.003446
   1972    50-54   0.003909     0.007008     0.005255
   1972    55-59   0.006095     0.011390     0.008488
   1972    60-64   0.010391     0.017796     0.013845
   1972    65-69   0.016953     0.031119     0.023637
   1972    70-74   0.030890     0.053479     0.041073
   1972    75-79   0.054715     0.086165     0.067884
   1972    80-84   0.098305     0.145399     0.116180
   1972    85-89   0.173023     0.218340     0.187525
   1972    90-94   0.298754     0.324595     0.305537
   1972    95-99   0.423615     0.415261     0.422054
   1972   100-104  0.218182     0.666667     0.365854
   1972   105-109  0.857143            .     0.857143
   1972   110+            .            .            .
   1973     0      0.008800     0.012085     0.010483
   1973     1-4    0.000787     0.001229     0.001013
   1973     5-9    0.000337     0.000517     0.000429
   1973    10-14   0.000224     0.000349     0.000288
   1973    15-19   0.000324     0.001046     0.000679
   1973    20-24   0.000581     0.001347     0.000955
   1973    25-29   0.000637     0.001258     0.000947
   1973    30-34   0.000911     0.001406     0.001161
   1973    35-39   0.001050     0.002267     0.001667
   1973    40-44   0.001697     0.003504     0.002618
   1973    45-49   0.002579     0.004515     0.003535
   1973    50-54   0.003925     0.007162     0.005324
   1973    55-59   0.005867     0.010755     0.008067
   1973    60-64   0.010022     0.016906     0.013194
   1973    65-69   0.017544     0.030076     0.023436
   1973    70-74   0.030550     0.048999     0.038864
   1973    75-79   0.055479     0.087640     0.068919
   1973    80-84   0.104938     0.138320     0.117629
   1973    85-89   0.176123     0.227901     0.192794
   1973    90-94   0.290829     0.301372     0.293669
   1973    95-99   0.439510     0.552028     0.461499
   1973   100-104  0.555556     0.947368     0.657534
   1973   105-109  0.000000            .     0.000000
   1973   110+            .            .            .
   1974     0      0.008921     0.010232     0.009595
   1974     1-4    0.000799     0.001256     0.001033
   1974     5-9    0.000265     0.000481     0.000376
   1974    10-14   0.000133     0.000246     0.000191
   1974    15-19   0.000439     0.000910     0.000671
   1974    20-24   0.000591     0.001444     0.001006
   1974    25-29   0.000603     0.000958     0.000780
   1974    30-34   0.000870     0.001489     0.001182
   1974    35-39   0.000965     0.002050     0.001515
   1974    40-44   0.001741     0.003493     0.002633
   1974    45-49   0.002595     0.004421     0.003510
   1974    50-54   0.003972     0.006657     0.005145
   1974    55-59   0.005816     0.010007     0.007691
   1974    60-64   0.009196     0.016716     0.012620
   1974    65-69   0.016345     0.030777     0.023094
   1974    70-74   0.028125     0.050713     0.038288
   1974    75-79   0.055849     0.081890     0.066753
   1974    80-84   0.105116     0.132109     0.115478
   1974    85-89   0.182299     0.199737     0.188015
   1974    90-94   0.311719     0.324112     0.315146
   1974    95-99   0.369127     0.471328     0.388861
   1974   100-104  0.210526     0.000000     0.166667
   1974   105-109  1.000000     6.000000     1.384615
   1974   110+            .            .            .
   1975     0      0.008409     0.009939     0.009198
   1975     1-4    0.000697     0.000981     0.000842
   1975     5-9    0.000231     0.000496     0.000367
   1975    10-14   0.000222     0.000241     0.000232
   1975    15-19   0.000372     0.001000     0.000683
   1975    20-24   0.000465     0.001283     0.000861
   1975    25-29   0.000565     0.001005     0.000785
   1975    30-34   0.000914     0.001332     0.001125
   1975    35-39   0.001237     0.001888     0.001567
   1975    40-44   0.001669     0.003404     0.002551
   1975    45-49   0.002351     0.004476     0.003424
   1975    50-54   0.003664     0.006104     0.004760
   1975    55-59   0.005270     0.010175     0.007436
   1975    60-64   0.008286     0.015300     0.011445
   1975    65-69   0.014887     0.027788     0.020887
   1975    70-74   0.027327     0.046835     0.036068
   1975    75-79   0.053196     0.079985     0.064465
   1975    80-84   0.099216     0.133126     0.112292
   1975    85-89   0.163813     0.202760     0.176794
   1975    90-94   0.269942     0.316192     0.282890
   1975    95-99   0.427743     0.547186     0.452446
   1975   100-104  0.676056     0.857143     0.705882
   1975   105-109  0.000000            .     0.000000
   1975   110+            .            .            .
   1976     0      0.006955     0.010202     0.008632
   1976     1-4    0.000765     0.000802     0.000784
   1976     5-9    0.000308     0.000335     0.000322
   1976    10-14   0.000182     0.000353     0.000270
   1976    15-19   0.000314     0.000975     0.000642
   1976    20-24   0.000562     0.001037     0.000792
   1976    25-29   0.000629     0.000999     0.000815
   1976    30-34   0.000765     0.001288     0.001029
   1976    35-39   0.000983     0.001693     0.001343
   1976    40-44   0.001432     0.002950     0.002203
   1976    45-49   0.002390     0.004386     0.003402
   1976    50-54   0.003345     0.006105     0.004628
   1976    55-59   0.004833     0.009409     0.006819
   1976    60-64   0.007956     0.015593     0.011367
   1976    65-69   0.014747     0.026780     0.020286
   1976    70-74   0.028097     0.046930     0.036549
   1976    75-79   0.051328     0.079167     0.063064
   1976    80-84   0.098020     0.131323     0.110801
   1976    85-89   0.175916     0.203704     0.185316
   1976    90-94   0.265732     0.309105     0.277743
   1976    95-99   0.431803     0.399734     0.424524
   1976   100-104  0.606742     0.000000     0.568421
   1976   105-109  0.000000            .     0.000000
   1976   110+            .            .            .
   1977     0      0.007047     0.008776     0.007937
   1977     1-4    0.000610     0.000757     0.000685
   1977     5-9    0.000248     0.000425     0.000338
   1977    10-14   0.000205     0.000280     0.000244
   1977    15-19   0.000234     0.000721     0.000476
   1977    20-24   0.000554     0.001227     0.000881
   1977    25-29   0.000530     0.000869     0.000700
   1977    30-34   0.000858     0.001209     0.001035
   1977    35-39   0.001048     0.001722     0.001389
   1977    40-44   0.001395     0.002743     0.002078
   1977    45-49   0.002287     0.004445     0.003382
   1977    50-54   0.003268     0.006327     0.004732
   1977    55-59   0.004721     0.008846     0.006488
   1977    60-64   0.007973     0.015872     0.011481
   1977    65-69   0.013261     0.025289     0.018720
   1977    70-74   0.026919     0.041841     0.033647
   1977    75-79   0.049290     0.075327     0.060266
   1977    80-84   0.092113     0.127573     0.105661
   1977    85-89   0.174484     0.200137     0.183270
   1977    90-94   0.259460     0.308458     0.273233
   1977    95-99   0.394673     0.305244     0.372967
   1977   100-104  0.358515     0.857143     0.386629
   1977   105-109  3.000000            .     3.000000
   1977   110+            .            .            .
   1978     0      0.006016     0.008857     0.007469
   1978     1-4    0.000535     0.000875     0.000710
   1978     5-9    0.000208     0.000436     0.000325
   1978    10-14   0.000127     0.000227     0.000179
   1978    15-19   0.000203     0.000799     0.000499
   1978    20-24   0.000410     0.000953     0.000675
   1978    25-29   0.000488     0.000960     0.000723
   1978    30-34   0.000648     0.000920     0.000785
   1978    35-39   0.000945     0.001632     0.001292
   1978    40-44   0.001308     0.002860     0.002094
   1978    45-49   0.001929     0.004478     0.003221
   1978    50-54   0.003132     0.005932     0.004503
   1978    55-59   0.005267     0.008974     0.006848
   1978    60-64   0.007818     0.014601     0.010819
   1978    65-69   0.013349     0.024927     0.018541
   1978    70-74   0.026490     0.043136     0.033996
   1978    75-79   0.046584     0.075261     0.058663
   1978    80-84   0.087734     0.123070     0.101192
   1978    85-89   0.149623     0.207651     0.169362
   1978    90-94   0.263044     0.295102     0.272323
   1978    95-99   0.356067     0.317835     0.345860
   1978   100-104  0.573354     0.315789     0.539628
   1978   105-109         .            .            .
   1978   110+            .            .            .
   1979     0      0.005310     0.008037     0.006706
   1979     1-4    0.000501     0.000552     0.000527
   1979     5-9    0.000122     0.000318     0.000223
   1979    10-14   0.000117     0.000192     0.000155
   1979    15-19   0.000286     0.000754     0.000520
   1979    20-24   0.000284     0.000926     0.000596
   1979    25-29   0.000476     0.000934     0.000705
   1979    30-34   0.000541     0.000865     0.000704
   1979    35-39   0.000956     0.001566     0.001264
   1979    40-44   0.001474     0.002500     0.001993
   1979    45-49   0.001955     0.004921     0.003456
   1979    50-54   0.003109     0.005854     0.004473
   1979    55-59   0.004915     0.008181     0.006324
   1979    60-64   0.007195     0.013877     0.010136
   1979    65-69   0.011767     0.023538     0.016982
   1979    70-74   0.022715     0.040835     0.030857
   1979    75-79   0.043938     0.073382     0.056337
   1979    80-84   0.082294     0.117387     0.095659
   1979    85-89   0.145463     0.191094     0.161009
   1979    90-94   0.257158     0.285464     0.265431
   1979    95-99   0.377180     0.361586     0.373187
   1979   100-104  0.393902     1.200000     0.552990
   1979   105-109  0.000000            .     0.000000
   1979   110+            .            .            .
   1980     0      0.006111     0.006474     0.006298
   1980     1-4    0.000511     0.000695     0.000605
   1980     5-9    0.000236     0.000419     0.000330
   1980    10-14   0.000184     0.000175     0.000180
   1980    15-19   0.000234     0.000680     0.000458
   1980    20-24   0.000560     0.000890     0.000719
   1980    25-29   0.000471     0.000903     0.000687
   1980    30-34   0.000481     0.001004     0.000745
   1980    35-39   0.000846     0.001526     0.001189
   1980    40-44   0.001237     0.002293     0.001771
   1980    45-49   0.002013     0.004555     0.003298
   1980    50-54   0.003243     0.005899     0.004573
   1980    55-59   0.004629     0.008889     0.006519
   1980    60-64   0.007320     0.013624     0.010058
   1980    65-69   0.013039     0.025936     0.018687
   1980    70-74   0.023531     0.040650     0.031189
   1980    75-79   0.043681     0.074290     0.056532
   1980    80-84   0.085930     0.117485     0.098004
   1980    85-89   0.146110     0.186855     0.160029
   1980    90-94   0.255071     0.283007     0.263439
   1980    95-99   0.383894     0.497120     0.410438
   1980   100-104  0.472441     0.882353     0.559006
   1980   105-109  2.000000            .     2.000000
   1980   110+            .            .            .
   1981     0      0.005170     0.007662     0.006450
   1981     1-4    0.000490     0.000600     0.000546
   1981     5-9    0.000143     0.000272     0.000209
   1981    10-14   0.000125     0.000217     0.000172
   1981    15-19   0.000346     0.000705     0.000527
   1981    20-24   0.000378     0.000960     0.000658
   1981    25-29   0.000379     0.000759     0.000569
   1981    30-34   0.000476     0.001027     0.000754
   1981    35-39   0.000797     0.001429     0.001115
   1981    40-44   0.001166     0.002525     0.001853
   1981    45-49   0.002029     0.004642     0.003349
   1981    50-54   0.003006     0.005760     0.004390
   1981    55-59   0.004549     0.008258     0.006253
   1981    60-64   0.007446     0.013410     0.009993
   1981    65-69   0.012280     0.022873     0.016879
   1981    70-74   0.022378     0.039599     0.030009
   1981    75-79   0.043317     0.068702     0.054016
   1981    80-84   0.079799     0.116403     0.093798
   1981    85-89   0.148500     0.189978     0.162618
   1981    90-94   0.224626     0.302389     0.247755
   1981    95-99   0.437432     0.372959     0.421657
   1981   100-104  0.620690     0.967742     0.681818
   1981   105-109         .            .            .
   1981   110+            .            .            .
   1982     0      0.005085     0.007152     0.006143
   1982     1-4    0.000455     0.000651     0.000555
   1982     5-9    0.000154     0.000318     0.000238
   1982    10-14   0.000141     0.000216     0.000180
   1982    15-19   0.000224     0.000783     0.000505
   1982    20-24   0.000452     0.001195     0.000813
   1982    25-29   0.000413     0.000836     0.000624
   1982    30-34   0.000590     0.000991     0.000792
   1982    35-39   0.000894     0.001444     0.001172
   1982    40-44   0.001117     0.002345     0.001738
   1982    45-49   0.001926     0.004271     0.003110
   1982    50-54   0.003220     0.005739     0.004487
   1982    55-59   0.003963     0.008581     0.006149
   1982    60-64   0.007194     0.013004     0.009646
   1982    65-69   0.011471     0.021846     0.015958
   1982    70-74   0.021675     0.039049     0.029259
   1982    75-79   0.040320     0.067424     0.051822
   1982    80-84   0.075240     0.106851     0.087326
   1982    85-89   0.134055     0.185351     0.151358
   1982    90-94   0.228478     0.260351     0.237871
   1982    95-99   0.284661     0.372739     0.307084
   1982   100-104  0.431655     1.200000     0.548780
   1982   105-109  0.000000            .     0.000000
   1982   110+            .            .            .
   1983     0      0.004727     0.006298     0.005529
   1983     1-4    0.000342     0.000529     0.000438
   1983     5-9    0.000260     0.000281     0.000270
   1983    10-14   0.000110     0.000165     0.000138
   1983    15-19   0.000297     0.000760     0.000529
   1983    20-24   0.000186     0.001012     0.000592
   1983    25-29   0.000411     0.000688     0.000550
   1983    30-34   0.000506     0.001021     0.000766
   1983    35-39   0.000761     0.001495     0.001132
   1983    40-44   0.001331     0.002304     0.001823
   1983    45-49   0.001892     0.004053     0.002983
   1983    50-54   0.002823     0.006263     0.004554
   1983    55-59   0.004255     0.008411     0.006269
   1983    60-64   0.006832     0.012917     0.009389
   1983    65-69   0.011152     0.021524     0.015629
   1983    70-74   0.019351     0.038294     0.027514
   1983    75-79   0.040865     0.068816     0.052713
   1983    80-84   0.076023     0.109514     0.088886
   1983    85-89   0.139367     0.187172     0.155403
   1983    90-94   0.246202     0.304842     0.263249
   1983    95-99   0.340979     0.337625     0.340142
   1983   100-104  0.422535     1.028571     0.542373
   1983   105-109  0.461538            .     0.461538
   1983   110+            .            .            .
   1984     0      0.004730     0.005756     0.005255
   1984     1-4    0.000546     0.000594     0.000570
   1984     5-9    0.000187     0.000235     0.000212
   1984    10-14   0.000102     0.000169     0.000136
   1984    15-19   0.000232     0.000804     0.000519
   1984    20-24   0.000316     0.000904     0.000605
   1984    25-29   0.000426     0.000825     0.000626
   1984    30-34   0.000620     0.000828     0.000725
   1984    35-39   0.000810     0.001235     0.001025
   1984    40-44   0.001280     0.002203     0.001746
   1984    45-49   0.001620     0.003782     0.002712
   1984    50-54   0.002661     0.006690     0.004684
   1984    55-59   0.004111     0.008826     0.006430
   1984    60-64   0.006341     0.012235     0.008849
   1984    65-69   0.010160     0.019984     0.014379
   1984    70-74   0.018537     0.034926     0.025519
   1984    75-79   0.039807     0.067197     0.051356
   1984    80-84   0.070812     0.105634     0.084187
   1984    85-89   0.138421     0.170298     0.149179
   1984    90-94   0.206849     0.252592     0.220071
   1984    95-99   0.319952     0.321444     0.320337
   1984   100-104  0.607143     0.255319     0.530233
   1984   105-109  0.375000            .     0.375000
   1984   110+            .            .            .
   1985     0      0.004173     0.006420     0.005326
   1985     1-4    0.000399     0.000573     0.000488
   1985     5-9    0.000148     0.000237     0.000194
   1985    10-14   0.000135     0.000180     0.000158
   1985    15-19   0.000234     0.000606     0.000422
   1985    20-24   0.000352     0.000807     0.000574
   1985    25-29   0.000335     0.000881     0.000609
   1985    30-34   0.000468     0.000877     0.000675
   1985    35-39   0.000735     0.001297     0.001019
   1985    40-44   0.001055     0.002075     0.001570
   1985    45-49   0.001570     0.003596     0.002594
   1985    50-54   0.002781     0.006552     0.004672
   1985    55-59   0.003560     0.008657     0.006084
   1985    60-64   0.006627     0.012204     0.009070
   1985    65-69   0.010016     0.020117     0.014303
   1985    70-74   0.018680     0.035374     0.025719
   1985    75-79   0.036885     0.063742     0.048163
   1985    80-84   0.068743     0.105338     0.082749
   1985    85-89   0.127867     0.171469     0.142662
   1985    90-94   0.214987     0.274103     0.232258
   1985    95-99   0.306938     0.269168     0.296933
   1985   100-104  0.341232     0.413793     0.356877
   1985   105-109  1.000000            .     1.000000
   1985   110+            .            .            .
   1986     0      0.004320     0.005888     0.005125
   1986     1-4    0.000348     0.000537     0.000444
   1986     5-9    0.000097     0.000216     0.000158
   1986    10-14   0.000143     0.000169     0.000156
   1986    15-19   0.000260     0.000611     0.000438
   1986    20-24   0.000293     0.001049     0.000662
   1986    25-29   0.000366     0.000642     0.000505
   1986    30-34   0.000509     0.000754     0.000633
   1986    35-39   0.000755     0.001262     0.001011
   1986    40-44   0.001254     0.002095     0.001679
   1986    45-49   0.001539     0.003518     0.002539
   1986    50-54   0.002641     0.005693     0.004170
   1986    55-59   0.003767     0.008174     0.005958
   1986    60-64   0.005958     0.012016     0.008705
   1986    65-69   0.009570     0.019838     0.013858
   1986    70-74   0.016086     0.030919     0.022291
   1986    75-79   0.034743     0.061317     0.045799
   1986    80-84   0.065822     0.099949     0.079009
   1986    85-89   0.121664     0.163435     0.135784
   1986    90-94   0.215463     0.244441     0.223871
   1986    95-99   0.315489     0.362413     0.327845
   1986   100-104  0.530035     0.805970     0.582857
   1986   105-109  0.000000            .     0.000000
   1986   110+            .            .            .
   1987     0      0.003628     0.004574     0.004113
   1987     1-4    0.000503     0.000656     0.000582
   1987     5-9    0.000108     0.000238     0.000175
   1987    10-14   0.000118     0.000212     0.000166
   1987    15-19   0.000246     0.000566     0.000407
   1987    20-24   0.000307     0.000866     0.000583
   1987    25-29   0.000322     0.000691     0.000508
   1987    30-34   0.000531     0.000905     0.000720
   1987    35-39   0.000649     0.001156     0.000906
   1987    40-44   0.000986     0.001879     0.001437
   1987    45-49   0.001661     0.003368     0.002524
   1987    50-54   0.002584     0.005274     0.003933
   1987    55-59   0.003711     0.008883     0.006286
   1987    60-64   0.005570     0.011767     0.008465
   1987    65-69   0.009176     0.019155     0.013293
   1987    70-74   0.016112     0.031566     0.022558
   1987    75-79   0.032867     0.057217     0.042860
   1987    80-84   0.065075     0.101947     0.079440
   1987    85-89   0.116200     0.168542     0.133799
   1987    90-94   0.197632     0.249941     0.212797
   1987    95-99   0.293434     0.285760     0.291460
   1987   100-104  0.284211     0.302521     0.288577
   1987   105-109  0.461538            .     0.461538
   1987   110+            .            .            .
   1988     0      0.003365     0.005243     0.004330
   1988     1-4    0.000386     0.000559     0.000475
   1988     5-9    0.000111     0.000163     0.000138
   1988    10-14   0.000122     0.000164     0.000144
   1988    15-19   0.000200     0.000690     0.000446
   1988    20-24   0.000258     0.001070     0.000662
   1988    25-29   0.000270     0.000739     0.000506
   1988    30-34   0.000474     0.000885     0.000682
   1988    35-39   0.000924     0.001099     0.001012
   1988    40-44   0.000912     0.001922     0.001423
   1988    45-49   0.001494     0.002847     0.002178
   1988    50-54   0.002539     0.005331     0.003941
   1988    55-59   0.003575     0.008890     0.006219
   1988    60-64   0.005536     0.012115     0.008682
   1988    65-69   0.009885     0.018282     0.013337
   1988    70-74   0.017074     0.031820     0.023220
   1988    75-79   0.032648     0.057609     0.042778
   1988    80-84   0.066375     0.104272     0.081029
   1988    85-89   0.121780     0.170295     0.138126
   1988    90-94   0.214183     0.262821     0.228252
   1988    95-99   0.328474     0.321849     0.326817
   1988   100-104  0.415584     0.263736     0.372671
   1988   105-109  0.461538     6.000000     0.857143
   1988   110+            .            .            .
   1989     0      0.003497     0.003804     0.003655
   1989     1-4    0.000493     0.000653     0.000575
   1989     5-9    0.000157     0.000183     0.000170
   1989    10-14   0.000127     0.000149     0.000138
   1989    15-19   0.000219     0.000658     0.000440
   1989    20-24   0.000260     0.000866     0.000562
   1989    25-29   0.000281     0.000765     0.000525
   1989    30-34   0.000635     0.000795     0.000716
   1989    35-39   0.000694     0.001081     0.000890
   1989    40-44   0.001136     0.001960     0.001553
   1989    45-49   0.001572     0.002879     0.002233
   1989    50-54   0.002528     0.005172     0.003857
   1989    55-59   0.003628     0.008698     0.006147
   1989    60-64   0.005210     0.011921     0.008466
   1989    65-69   0.009007     0.019029     0.013180
   1989    70-74   0.015299     0.031416     0.021987
   1989    75-79   0.030515     0.054823     0.040274
   1989    80-84   0.060690     0.101220     0.076247
   1989    85-89   0.115408     0.163951     0.131767
   1989    90-94   0.198639     0.254114     0.214602
   1989    95-99   0.337849     0.366021     0.345005
   1989   100-104  0.467532     0.685714     0.527473
   1989   105-109  0.600000            .     0.600000
   1989   110+     0.000000            .     0.000000
   1990     0      0.004321     0.004081     0.004198
   1990     1-4    0.000434     0.000461     0.000448
   1990     5-9    0.000151     0.000246     0.000199
   1990    10-14   0.000101     0.000200     0.000152
   1990    15-19   0.000273     0.000576     0.000426
   1990    20-24   0.000296     0.000756     0.000523
   1990    25-29   0.000330     0.000675     0.000505
   1990    30-34   0.000566     0.000669     0.000619
   1990    35-39   0.000703     0.001113     0.000911
   1990    40-44   0.001000     0.001578     0.001293
   1990    45-49   0.001515     0.002839     0.002184
   1990    50-54   0.002323     0.004515     0.003427
   1990    55-59   0.003633     0.008838     0.006216
   1990    60-64   0.005689     0.013107     0.009311
   1990    65-69   0.008848     0.017775     0.012679
   1990    70-74   0.016157     0.030358     0.021978
   1990    75-79   0.031476     0.055569     0.041058
   1990    80-84   0.060498     0.097561     0.074731
   1990    85-89   0.112223     0.164601     0.129741
   1990    90-94   0.203912     0.257209     0.219001
   1990    95-99   0.300956     0.385626     0.323092
   1990   100-104  0.455090     0.718310     0.513219
   1990   105-109  0.461538            .     0.461538
   1990   110+     0.000000            .     0.000000
   1991     0      0.004509     0.005004     0.004763
   1991     1-4    0.000333     0.000501     0.000419
   1991     5-9    0.000135     0.000250     0.000194
   1991    10-14   0.000129     0.000146     0.000138
   1991    15-19   0.000208     0.000466     0.000339
   1991    20-24   0.000312     0.000909     0.000607
   1991    25-29   0.000323     0.000647     0.000488
   1991    30-34   0.000396     0.000687     0.000544
   1991    35-39   0.000600     0.001041     0.000824
   1991    40-44   0.000958     0.001922     0.001446
   1991    45-49   0.001449     0.002825     0.002144
   1991    50-54   0.002357     0.004604     0.003489
   1991    55-59   0.003606     0.008293     0.005932
   1991    60-64   0.005490     0.012544     0.008944
   1991    65-69   0.008211     0.018413     0.012746
   1991    70-74   0.016749     0.030340     0.022230
   1991    75-79   0.028165     0.053728     0.038258
   1991    80-84   0.058987     0.098131     0.073856
   1991    85-89   0.109925     0.157720     0.126001
   1991    90-94   0.185811     0.244494     0.202405
   1991    95-99   0.300076     0.329131     0.307322
   1991   100-104  0.404372     0.595420     0.441176
   1991   105-109  0.240000            .     0.240000
   1991   110+     1.500000            .     1.500000
   1992     0      0.004279     0.004686     0.004488
   1992     1-4    0.000277     0.000467     0.000374
   1992     5-9    0.000156     0.000202     0.000180
   1992    10-14   0.000150     0.000159     0.000154
   1992    15-19   0.000312     0.000489     0.000402
   1992    20-24   0.000227     0.000937     0.000580
   1992    25-29   0.000393     0.000654     0.000526
   1992    30-34   0.000364     0.000714     0.000542
   1992    35-39   0.000521     0.000978     0.000753
   1992    40-44   0.001049     0.001663     0.001360
   1992    45-49   0.001364     0.002970     0.002175
   1992    50-54   0.002206     0.004831     0.003528
   1992    55-59   0.003610     0.008700     0.006137
   1992    60-64   0.005552     0.012815     0.009111
   1992    65-69   0.008664     0.019020     0.013402
   1992    70-74   0.015204     0.030418     0.021258
   1992    75-79   0.028031     0.052946     0.037851
   1992    80-84   0.057853     0.093782     0.071257
   1992    85-89   0.102828     0.156053     0.120849
   1992    90-94   0.192332     0.255085     0.209938
   1992    95-99   0.339738     0.367808     0.346612
   1992   100-104  0.327280     0.545455     0.367022
   1992   105-109  0.307692     0.000000     0.285714
   1992   110+            .            .            .
   1993     0      0.004408     0.004115     0.004258
   1993     1-4    0.000285     0.000454     0.000372
   1993     5-9    0.000169     0.000108     0.000138
   1993    10-14   0.000102     0.000138     0.000120
   1993    15-19   0.000196     0.000601     0.000402
   1993    20-24   0.000180     0.000774     0.000478
   1993    25-29   0.000321     0.000631     0.000479
   1993    30-34   0.000551     0.000665     0.000609
   1993    35-39   0.000649     0.000993     0.000823
   1993    40-44   0.001094     0.001543     0.001321
   1993    45-49   0.001751     0.002807     0.002285
   1993    50-54   0.002553     0.004607     0.003587
   1993    55-59   0.003436     0.007971     0.005689
   1993    60-64   0.004943     0.013647     0.009202
   1993    65-69   0.008289     0.019420     0.013497
   1993    70-74   0.015019     0.028860     0.020505
   1993    75-79   0.026298     0.052863     0.036755
   1993    80-84   0.054701     0.094472     0.069412
   1993    85-89   0.103565     0.150521     0.119289
   1993    90-94   0.187822     0.256070     0.206792
   1993    95-99   0.298544     0.316887     0.303046
   1993   100-104  0.456000     0.367347     0.441472
   1993   105-109  0.418605     0.750000     0.470588
   1993   110+            .            .            .
   1994     0      0.003859     0.004433     0.004154
   1994     1-4    0.000348     0.000371     0.000360
   1994     5-9    0.000078     0.000222     0.000151
   1994    10-14   0.000087     0.000174     0.000131
   1994    15-19   0.000238     0.000572     0.000408
   1994    20-24   0.000384     0.000828     0.000607
   1994    25-29   0.000178     0.000492     0.000338
   1994    30-34   0.000383     0.000758     0.000574
   1994    35-39   0.000708     0.000830     0.000770
   1994    40-44   0.000979     0.001531     0.001259
   1994    45-49   0.001491     0.002665     0.002085
   1994    50-54   0.002425     0.004807     0.003623
   1994    55-59   0.003629     0.007794     0.005702
   1994    60-64   0.005329     0.013374     0.009257
   1994    65-69   0.008352     0.019095     0.013446
   1994    70-74   0.013472     0.029970     0.020096
   1994    75-79   0.026351     0.049662     0.035480
   1994    80-84   0.054405     0.090456     0.067670
   1994    85-89   0.097071     0.149510     0.114434
   1994    90-94   0.174326     0.246062     0.194281
   1994    95-99   0.304067     0.357211     0.316626
   1994   100-104  0.504000     0.670464     0.536084
   1994   105-109  0.000000     0.545455     0.107143
   1994   110+            .            .            .
   1995     0      0.003747     0.005269     0.004529
   1995     1-4    0.000282     0.000494     0.000391
   1995     5-9    0.000090     0.000191     0.000142
   1995    10-14   0.000115     0.000152     0.000134
   1995    15-19   0.000219     0.000528     0.000377
   1995    20-24   0.000312     0.000898     0.000604
   1995    25-29   0.000335     0.000673     0.000508
   1995    30-34   0.000352     0.000659     0.000509
   1995    35-39   0.000519     0.001076     0.000802
   1995    40-44   0.000843     0.001586     0.001220
   1995    45-49   0.001625     0.002600     0.002119
   1995    50-54   0.002384     0.004504     0.003448
   1995    55-59   0.003356     0.007647     0.005495
   1995    60-64   0.004901     0.013117     0.008908
   1995    65-69   0.007901     0.018916     0.013153
   1995    70-74   0.013513     0.029219     0.020008
   1995    75-79   0.026823     0.052615     0.036796
   1995    80-84   0.054436     0.094435     0.068996
   1995    85-89   0.098969     0.154219     0.117225
   1995    90-94   0.182841     0.246937     0.200529
   1995    95-99   0.289362     0.337181     0.300310
   1995   100-104  0.499369     0.453161     0.489618
   1995   105-109  0.276923     2.250000     0.493151
   1995   110+     0.000000            .     0.000000
   1996     0      0.003386     0.003322     0.003353
   1996     1-4    0.000198     0.000429     0.000317
   1996     5-9    0.000083     0.000187     0.000136
   1996    10-14   0.000117     0.000173     0.000146
   1996    15-19   0.000199     0.000549     0.000377
   1996    20-24   0.000296     0.000721     0.000509
   1996    25-29   0.000345     0.000626     0.000489
   1996    30-34   0.000443     0.000611     0.000529
   1996    35-39   0.000596     0.000944     0.000773
   1996    40-44   0.000966     0.001411     0.001192
   1996    45-49   0.001542     0.002680     0.002119
   1996    50-54   0.002267     0.004625     0.003451
   1996    55-59   0.003117     0.006760     0.004934
   1996    60-64   0.004845     0.012836     0.008741
   1996    65-69   0.007747     0.018909     0.013084
   1996    70-74   0.012944     0.028051     0.019415
   1996    75-79   0.024543     0.049577     0.034054
   1996    80-84   0.049653     0.084342     0.062185
   1996    85-89   0.091840     0.143076     0.108603
   1996    90-94   0.171631     0.224278     0.186151
   1996    95-99   0.267818     0.354107     0.287661
   1996   100-104  0.439957     0.439541     0.439875
   1996   105-109  0.537313     0.000000     0.493151
   1996   110+     0.000000            .     0.000000
   1997     0      0.002863     0.003609     0.003245
   1997     1-4    0.000343     0.000379     0.000362
   1997     5-9    0.000106     0.000162     0.000135
   1997    10-14   0.000110     0.000105     0.000108
   1997    15-19   0.000235     0.000567     0.000404
   1997    20-24   0.000205     0.000639     0.000424
   1997    25-29   0.000187     0.000618     0.000408
   1997    30-34   0.000361     0.000763     0.000567
   1997    35-39   0.000503     0.000913     0.000711
   1997    40-44   0.000879     0.001426     0.001157
   1997    45-49   0.001458     0.002583     0.002028
   1997    50-54   0.002152     0.004135     0.003149
   1997    55-59   0.003011     0.006853     0.004928
   1997    60-64   0.004753     0.011859     0.008221
   1997    65-69   0.007114     0.018947     0.012772
   1997    70-74   0.012630     0.027574     0.019227
   1997    75-79   0.023190     0.046274     0.031848
   1997    80-84   0.046551     0.083706     0.059954
   1997    85-89   0.092036     0.145926     0.109338
   1997    90-94   0.168917     0.224406     0.184237
   1997    95-99   0.248593     0.365767     0.274504
   1997   100-104  0.339041     0.623323     0.390816
   1997   105-109  0.590164     3.000000     0.666667
   1997   110+     0.000000            .     0.000000
   1998     0      0.002598     0.003395     0.003007
   1998     1-4    0.000229     0.000326     0.000278
   1998     5-9    0.000153     0.000187     0.000171
   1998    10-14   0.000066     0.000126     0.000096
   1998    15-19   0.000199     0.000578     0.000392
   1998    20-24   0.000321     0.000798     0.000563
   1998    25-29   0.000253     0.000645     0.000454
   1998    30-34   0.000412     0.000795     0.000609
   1998    35-39   0.000602     0.001088     0.000850
   1998    40-44   0.000985     0.001494     0.001244
   1998    45-49   0.001396     0.002409     0.001909
   1998    50-54   0.002132     0.004731     0.003440
   1998    55-59   0.003169     0.006574     0.004868
   1998    60-64   0.004694     0.011577     0.008061
   1998    65-69   0.007161     0.019056     0.012837
   1998    70-74   0.012608     0.027660     0.019411
   1998    75-79   0.022772     0.045534     0.031280
   1998    80-84   0.046840     0.082192     0.059576
   1998    85-89   0.089234     0.136679     0.104343
   1998    90-94   0.156088     0.229800     0.176268
   1998    95-99   0.263296     0.357738     0.283156
   1998   100-104  0.417665     0.380172     0.410786
   1998   105-109  0.441176     0.000000     0.405405
   1998   110+     0.000000            .     0.000000
   1999     0      0.002668     0.003560     0.003127
   1999     1-4    0.000401     0.000341     0.000370
   1999     5-9    0.000033     0.000085     0.000060
   1999    10-14   0.000087     0.000185     0.000137
   1999    15-19   0.000156     0.000395     0.000278
   1999    20-24   0.000292     0.000689     0.000493
   1999    25-29   0.000249     0.000760     0.000511
   1999    30-34   0.000420     0.000693     0.000560
   1999    35-39   0.000570     0.000935     0.000757
   1999    40-44   0.000923     0.001476     0.001204
   1999    45-49   0.001266     0.002581     0.001932
   1999    50-54   0.001971     0.004434     0.003212
   1999    55-59   0.003265     0.006926     0.005089
   1999    60-64   0.004650     0.011854     0.008184
   1999    65-69   0.007438     0.019075     0.012978
   1999    70-74   0.013250     0.028423     0.020206
   1999    75-79   0.023645     0.046743     0.032409
   1999    80-84   0.044803     0.084154     0.058870
   1999    85-89   0.090496     0.142639     0.107033
   1999    90-94   0.165470     0.249997     0.188299
   1999    95-99   0.267436     0.369083     0.288345
   1999   100-104  0.398734     0.725919     0.453138
   1999   105-109  0.507042     0.750000     0.531646
   1999   110+     3.000000            .     3.000000
   2000     0      0.002220     0.003218     0.002733
   2000     1-4    0.000302     0.000385     0.000345
   2000     5-9    0.000101     0.000192     0.000148
   2000    10-14   0.000070     0.000115     0.000093
   2000    15-19   0.000176     0.000543     0.000363
   2000    20-24   0.000313     0.000760     0.000539
   2000    25-29   0.000354     0.000616     0.000488
   2000    30-34   0.000408     0.000808     0.000614
   2000    35-39   0.000553     0.001035     0.000800
   2000    40-44   0.000825     0.001476     0.001156
   2000    45-49   0.001507     0.002666     0.002094
   2000    50-54   0.002155     0.004204     0.003189
   2000    55-59   0.002931     0.006786     0.004848
   2000    60-64   0.004390     0.011233     0.007754
   2000    65-69   0.007270     0.017785     0.012272
   2000    70-74   0.012068     0.027878     0.019361
   2000    75-79   0.021095     0.044523     0.030272
   2000    80-84   0.042865     0.078650     0.055434
   2000    85-89   0.083311     0.133578     0.099128
   2000    90-94   0.155808     0.218353     0.172658
   2000    95-99   0.277166     0.316944     0.285338
   2000   100-104  0.371146     0.420786     0.378648
   2000   105-109  0.428571     0.600000     0.446809
   2000   110+     0.000000            .     0.000000
   2001     0      0.002400     0.002487     0.002444
   2001     1-4    0.000260     0.000276     0.000268
   2001     5-9    0.000125     0.000140     0.000133
   2001    10-14   0.000073     0.000109     0.000091
   2001    15-19   0.000254     0.000459     0.000359
   2001    20-24   0.000223     0.000602     0.000414
   2001    25-29   0.000282     0.000614     0.000453
   2001    30-34   0.000359     0.000707     0.000539
   2001    35-39   0.000533     0.000997     0.000771
   2001    40-44   0.000950     0.001716     0.001339
   2001    45-49   0.001408     0.002217     0.001818
   2001    50-54   0.002189     0.004350     0.003280
   2001    55-59   0.002831     0.006693     0.004752
   2001    60-64   0.004216     0.010348     0.007234
   2001    65-69   0.007384     0.017048     0.011988
   2001    70-74   0.011828     0.028801     0.019676
   2001    75-79   0.020819     0.044101     0.030280
   2001    80-84   0.041196     0.077524     0.053701
   2001    85-89   0.082004     0.139944     0.100117
   2001    90-94   0.146657     0.219388     0.165930
   2001    95-99   0.235932     0.325468     0.254467
   2001   100-104  0.338272     0.556703     0.371140
   2001   105-109  0.388889     0.750000     0.413793
   2001   110+     0.750000            .     0.750000
   2002     0      0.002355     0.002975     0.002675
   2002     1-4    0.000291     0.000331     0.000311
   2002     5-9    0.000068     0.000195     0.000134
   2002    10-14   0.000054     0.000214     0.000136
   2002    15-19   0.000131     0.000434     0.000286
   2002    20-24   0.000321     0.000631     0.000479
   2002    25-29   0.000206     0.000492     0.000353
   2002    30-34   0.000410     0.000861     0.000643
   2002    35-39   0.000528     0.000929     0.000734
   2002    40-44   0.000893     0.001368     0.001135
   2002    45-49   0.001273     0.002686     0.001990
   2002    50-54   0.002027     0.004166     0.003106
   2002    55-59   0.003055     0.006664     0.004853
   2002    60-64   0.004132     0.009312     0.006684
   2002    65-69   0.006599     0.017192     0.011659
   2002    70-74   0.010995     0.027685     0.018708
   2002    75-79   0.019631     0.042922     0.029390
   2002    80-84   0.039866     0.073954     0.051460
   2002    85-89   0.073731     0.125037     0.089701
   2002    90-94   0.150767     0.207245     0.165415
   2002    95-99   0.250363     0.331985     0.267225
   2002   100-104  0.348671     0.335417     0.346605
   2002   105-109  0.580645     2.000000     0.646154
   2002   110+     0.000000            .     0.000000
   2003     0      0.003240     0.003104     0.003169
   2003     1-4    0.000175     0.000248     0.000213
   2003     5-9    0.000114     0.000076     0.000095
   2003    10-14   0.000132     0.000167     0.000150
   2003    15-19   0.000200     0.000475     0.000340
   2003    20-24   0.000251     0.000612     0.000435
   2003    25-29   0.000280     0.000632     0.000461
   2003    30-34   0.000366     0.000825     0.000603
   2003    35-39   0.000541     0.001074     0.000815
   2003    40-44   0.000791     0.001643     0.001225
   2003    45-49   0.001078     0.002545     0.001823
   2003    50-54   0.002033     0.004246     0.003148
   2003    55-59   0.002726     0.006494     0.004606
   2003    60-64   0.003857     0.009722     0.006749
   2003    65-69   0.006653     0.016677     0.011458
   2003    70-74   0.010841     0.027377     0.018468
   2003    75-79   0.019556     0.044179     0.030115
   2003    80-84   0.038075     0.072590     0.049774
   2003    85-89   0.076660     0.125761     0.091943
   2003    90-94   0.142470     0.205164     0.158633
   2003    95-99   0.234443     0.302960     0.248436
   2003   100-104  0.367131     0.358498     0.365696
   2003   105-109  0.313953     0.000000     0.298343
   2003   110+     0.000000            .     0.000000
   2004     0      0.002321     0.002607     0.002468
   2004     1-4    0.000236     0.000166     0.000200
   2004     5-9    0.000103     0.000142     0.000123
   2004    10-14   0.000112     0.000064     0.000087
   2004    15-19   0.000228     0.000323     0.000276
   2004    20-24   0.000255     0.000665     0.000464
   2004    25-29   0.000243     0.000539     0.000396
   2004    30-34   0.000308     0.000855     0.000590
   2004    35-39   0.000479     0.001000     0.000747
   2004    40-44   0.000866     0.001638     0.001260
   2004    45-49   0.001309     0.002316     0.001821
   2004    50-54   0.002112     0.004019     0.003072
   2004    55-59   0.003003     0.005882     0.004442
   2004    60-64   0.003913     0.009449     0.006639
   2004    65-69   0.006350     0.014684     0.010362
   2004    70-74   0.010462     0.024980     0.017149
   2004    75-79   0.018789     0.042063     0.028905
   2004    80-84   0.038108     0.069334     0.048901
   2004    85-89   0.076038     0.118406     0.089191
   2004    90-94   0.129929     0.202008     0.148357
   2004    95-99   0.239384     0.311236     0.254160
   2004   100-104  0.416933     0.536150     0.436496
   2004   105-109  0.545455     1.285714     0.589744
   2004   110+     1.333333            .     1.333333
   2005     0      0.002667     0.003404     0.003046
   2005     1-4    0.000239     0.000351     0.000297
   2005     5-9    0.000081     0.000121     0.000101
   2005    10-14   0.000091     0.000118     0.000105
   2005    15-19   0.000254     0.000253     0.000254
   2005    20-24   0.000377     0.000686     0.000534
   2005    25-29   0.000309     0.000775     0.000550
   2005    30-34   0.000442     0.000766     0.000609
   2005    35-39   0.000600     0.001010     0.000811
   2005    40-44   0.000802     0.001574     0.001197
   2005    45-49   0.001391     0.002466     0.001937
   2005    50-54   0.001925     0.004156     0.003049
   2005    55-59   0.002734     0.006217     0.004477
   2005    60-64   0.004346     0.009444     0.006853
   2005    65-69   0.006172     0.014934     0.010406
   2005    70-74   0.011112     0.026088     0.018013
   2005    75-79   0.018640     0.043186     0.029373
   2005    80-84   0.035566     0.074784     0.049623
   2005    85-89   0.074847     0.124694     0.090061
   2005    90-94   0.139059     0.210642     0.157234
   2005    95-99   0.226666     0.362005     0.253860
   2005   100-104  0.391599     0.579698     0.418484
   2005   105-109  0.393013     0.818182     0.430279
   2005   110+     3.000000            .     3.000000
   2006     0      0.002372     0.003042     0.002715
   2006     1-4    0.000199     0.000201     0.000200
   2006     5-9    0.000127     0.000143     0.000135
   2006    10-14   0.000057     0.000065     0.000061
   2006    15-19   0.000214     0.000385     0.000302
   2006    20-24   0.000275     0.000641     0.000461
   2006    25-29   0.000426     0.000548     0.000489
   2006    30-34   0.000304     0.000824     0.000573
   2006    35-39   0.000576     0.000960     0.000774
   2006    40-44   0.000721     0.001301     0.001019
   2006    45-49   0.001142     0.002553     0.001858
   2006    50-54   0.001918     0.003787     0.002861
   2006    55-59   0.002764     0.005861     0.004315
   2006    60-64   0.003942     0.009640     0.006745
   2006    65-69   0.006165     0.014255     0.010085
   2006    70-74   0.010326     0.025639     0.017396
   2006    75-79   0.018903     0.040732     0.028478
   2006    80-84   0.035631     0.070308     0.048516
   2006    85-89   0.071484     0.120799     0.086210
   2006    90-94   0.140223     0.204796     0.156635
   2006    95-99   0.246840     0.292982     0.255812
   2006   100-104  0.366134     0.534676     0.387676
   2006   105-109  0.597510     0.562500     0.593407
   2006   110+            .            .            .
   2007     0      0.002361     0.002559     0.002462
   2007     1-4    0.000078     0.000147     0.000114
   2007     5-9    0.000093     0.000077     0.000085
   2007    10-14   0.000092     0.000076     0.000084
   2007    15-19   0.000176     0.000436     0.000309
   2007    20-24   0.000311     0.000671     0.000495
   2007    25-29   0.000305     0.000604     0.000460
   2007    30-34   0.000274     0.000687     0.000488
   2007    35-39   0.000435     0.001038     0.000747
   2007    40-44   0.000779     0.001410     0.001103
   2007    45-49   0.001255     0.002235     0.001752
   2007    50-54   0.002127     0.003741     0.002942
   2007    55-59   0.003136     0.005738     0.004439
   2007    60-64   0.004030     0.009369     0.006662
   2007    65-69   0.005810     0.013743     0.009660
   2007    70-74   0.010092     0.023736     0.016415
   2007    75-79   0.017423     0.040041     0.027347
   2007    80-84   0.034554     0.069249     0.047877
   2007    85-89   0.070569     0.126011     0.086891
   2007    90-94   0.135633     0.198138     0.151642
   2007    95-99   0.237734     0.296795     0.249211
   2007   100-104  0.383699     0.554259     0.405644
   2007   105-109  0.627615     0.947368     0.671480
   2007   110+     0.000000            .     0.000000
   2008     0      0.002123     0.002747     0.002442
   2008     1-4    0.000236     0.000299     0.000268
   2008     5-9    0.000047     0.000122     0.000086
   2008    10-14   0.000057     0.000098     0.000078
   2008    15-19   0.000233     0.000552     0.000396
   2008    20-24   0.000255     0.000537     0.000400
   2008    25-29   0.000253     0.000697     0.000483
   2008    30-34   0.000434     0.000745     0.000595
   2008    35-39   0.000579     0.000985     0.000789
   2008    40-44   0.000897     0.001492     0.001203
   2008    45-49   0.001180     0.002375     0.001788
   2008    50-54   0.001754     0.003368     0.002571
   2008    55-59   0.002733     0.005473     0.004105
   2008    60-64   0.003747     0.009354     0.006516
   2008    65-69   0.005470     0.014084     0.009652
   2008    70-74   0.010910     0.024026     0.017021
   2008    75-79   0.018777     0.041444     0.028713
   2008    80-84   0.035863     0.073618     0.050711
   2008    85-89   0.069873     0.126358     0.086409
   2008    90-94   0.140180     0.206553     0.157113
   2008    95-99   0.240786     0.346212     0.260926
   2008   100-104  0.444399     0.642519     0.469244
   2008   105-109  0.461538     0.480000     0.463158
   2008   110+     3.000000            .     3.000000
   2009     0      0.001856     0.002194     0.002029
   2009     1-4    0.000221     0.000136     0.000177
   2009     5-9    0.000108     0.000101     0.000104
   2009    10-14   0.000058     0.000099     0.000079
   2009    15-19   0.000125     0.000323     0.000227
   2009    20-24   0.000238     0.000552     0.000399
   2009    25-29   0.000332     0.000508     0.000424
   2009    30-34   0.000412     0.000906     0.000669
   2009    35-39   0.000520     0.000952     0.000743
   2009    40-44   0.000675     0.001296     0.000995
   2009    45-49   0.001449     0.002261     0.001863
   2009    50-54   0.001978     0.003577     0.002788
   2009    55-59   0.002585     0.005720     0.004156
   2009    60-64   0.003585     0.008980     0.006255
   2009    65-69   0.005436     0.013629     0.009409
   2009    70-74   0.009617     0.022530     0.015667
   2009    75-79   0.017953     0.039353     0.027330
   2009    80-84   0.032752     0.070936     0.047925
   2009    85-89   0.069024     0.121173     0.084585
   2009    90-94   0.133965     0.201025     0.150845
   2009    95-99   0.231446     0.316967     0.247619
   2009   100-104  0.391678     0.465793     0.401277
   2009   105-109  0.401338     0.620690     0.420732
   2009   110+     0.000000            .     0.000000
   2010     0      0.002553     0.001802     0.002168
   2010     1-4    0.000111     0.000198     0.000156
   2010     5-9    0.000049     0.000103     0.000077
   2010    10-14   0.000093     0.000122     0.000108
   2010    15-19   0.000198     0.000306     0.000253
   2010    20-24   0.000201     0.000782     0.000498
   2010    25-29   0.000264     0.000629     0.000455
   2010    30-34   0.000432     0.000796     0.000621
   2010    35-39   0.000572     0.000955     0.000770
   2010    40-44   0.000660     0.001416     0.001051
   2010    45-49   0.001341     0.002057     0.001707
   2010    50-54   0.002003     0.003734     0.002880
   2010    55-59   0.002705     0.005925     0.004319
   2010    60-64   0.004126     0.008394     0.006243
   2010    65-69   0.006195     0.014299     0.010120
   2010    70-74   0.009778     0.022011     0.015536
   2010    75-79   0.017682     0.039571     0.027295
   2010    80-84   0.035324     0.071729     0.049879
   2010    85-89   0.070330     0.122598     0.086503
   2010    90-94   0.144493     0.204487     0.159219
   2010    95-99   0.252521     0.295287     0.260811
   2010   100-104  0.408336     0.404108     0.407729
   2010   105-109  0.656127     1.111111     0.691523
   2010   110+     0.461538            .     0.461538
   2011     0      0.002106     0.002386     0.002249
   2011     1-4    0.000225     0.000215     0.000220
   2011     5-9    0.000099     0.000105     0.000102
   2011    10-14   0.000060     0.000056     0.000058
   2011    15-19   0.000296     0.000279     0.000287
   2011    20-24   0.000356     0.000749     0.000557
   2011    25-29   0.000269     0.000649     0.000468
   2011    30-34   0.000356     0.000572     0.000468
   2011    35-39   0.000535     0.000930     0.000740
   2011    40-44   0.000803     0.001528     0.001178
   2011    45-49   0.001482     0.002171     0.001835
   2011    50-54   0.001843     0.003602     0.002734
   2011    55-59   0.002563     0.005160     0.003865
   2011    60-64   0.003987     0.008915     0.006434
   2011    65-69   0.005914     0.014089     0.009875
   2011    70-74   0.009440     0.022276     0.015502
   2011    75-79   0.017388     0.038381     0.026643
   2011    80-84   0.034847     0.071201     0.049461
   2011    85-89   0.070553     0.119877     0.086408
   2011    90-94   0.137058     0.212171     0.154972
   2011    95-99   0.262941     0.322806     0.274839
   2011   100-104  0.450422     0.496084     0.457121
   2011   105-109  0.918761     0.428571     0.896485
   2011   110+     0.545455            .     0.545455
   2012     0      0.002405     0.001395     0.001887
   2012     1-4    0.000130     0.000279     0.000206
   2012     5-9    0.000075     0.000071     0.000073
   2012    10-14   0.000059     0.000133     0.000097
   2012    15-19   0.000137     0.000248     0.000194
   2012    20-24   0.000214     0.000854     0.000542
   2012    25-29   0.000264     0.000533     0.000405
   2012    30-34   0.000416     0.000618     0.000521
   2012    35-39   0.000527     0.000819     0.000678
   2012    40-44   0.000732     0.001274     0.001012
   2012    45-49   0.001132     0.002192     0.001676
   2012    50-54   0.001771     0.003355     0.002573
   2012    55-59   0.002786     0.004931     0.003863
   2012    60-64   0.003824     0.008736     0.006263
   2012    65-69   0.005489     0.013592     0.009426
   2012    70-74   0.009600     0.021754     0.015352
   2012    75-79   0.017687     0.038116     0.026740
   2012    80-84   0.034608     0.070671     0.049105
   2012    85-89   0.070614     0.120743     0.087297
   2012    90-94   0.142338     0.214243     0.159157
   2012    95-99   0.260739     0.328434     0.274325
   2012   100-104  0.415167     0.458351     0.421446
   2012   105-109  0.411215     0.960000     0.450867
   2012   110+     1.000000            .     1.000000
   2013     0      0.002044     0.002180     0.002114
   2013     1-4    0.000198     0.000204     0.000201
   2013     5-9    0.000051     0.000096     0.000074
   2013    10-14   0.000036     0.000078     0.000057
   2013    15-19   0.000190     0.000277     0.000235
   2013    20-24   0.000296     0.000633     0.000470
   2013    25-29   0.000272     0.000561     0.000423
   2013    30-34   0.000439     0.000553     0.000498
   2013    35-39   0.000426     0.000859     0.000651
   2013    40-44   0.000765     0.001125     0.000951
   2013    45-49   0.001208     0.002147     0.001691
   2013    50-54   0.001870     0.003545     0.002719
   2013    55-59   0.002594     0.005487     0.004049
   2013    60-64   0.003798     0.008182     0.005974
   2013    65-69   0.005661     0.013324     0.009392
   2013    70-74   0.009062     0.020521     0.014490
   2013    75-79   0.016560     0.037312     0.025820
   2013    80-84   0.033163     0.068563     0.047380
   2013    85-89   0.068104     0.124633     0.087365
   2013    90-94   0.137350     0.207166     0.153697
   2013    95-99   0.252717     0.332161     0.268360
   2013   100-104  0.364809     0.499668     0.383661
   2013   105-109  0.633166     0.450000     0.616438
   2013   110+     2.000000            .     2.000000
   2014     0      0.002132     0.002068     0.002099
   2014     1-4    0.000168     0.000191     0.000180
   2014     5-9    0.000090     0.000061     0.000075
   2014    10-14   0.000072     0.000090     0.000081
   2014    15-19   0.000140     0.000230     0.000186
   2014    20-24   0.000164     0.000576     0.000377
   2014    25-29   0.000269     0.000607     0.000446
   2014    30-34   0.000286     0.000716     0.000510
   2014    35-39   0.000644     0.000804     0.000727
   2014    40-44   0.000801     0.001309     0.001064
   2014    45-49   0.001123     0.001905     0.001526
   2014    50-54   0.002037     0.003345     0.002702
   2014    55-59   0.002587     0.005153     0.003880
   2014    60-64   0.003529     0.008489     0.005990
   2014    65-69   0.005517     0.012593     0.008970
   2014    70-74   0.009596     0.020549     0.014782
   2014    75-79   0.015886     0.035358     0.024638
   2014    80-84   0.031990     0.064781     0.045195
   2014    85-89   0.066546     0.117815     0.084244
   2014    90-94   0.130843     0.199341     0.147286
   2014    95-99   0.240309     0.315158     0.254479
   2014   100-104  0.408655     0.539580     0.426575
   2014   105-109  0.544218     0.685714     0.563601
   2014   110+            .            .            .
   2015     0      0.001552     0.002249     0.001909
   2015     1-4    0.000103     0.000311     0.000210
   2015     5-9    0.000103     0.000061     0.000082
   2015    10-14   0.000085     0.000138     0.000112
   2015    15-19   0.000050     0.000249     0.000152
   2015    20-24   0.000183     0.000542     0.000368
   2015    25-29   0.000217     0.000525     0.000378
   2015    30-34   0.000313     0.000722     0.000526
   2015    35-39   0.000440     0.000908     0.000683
   2015    40-44   0.000778     0.001396     0.001098
   2015    45-49   0.001095     0.001929     0.001525
   2015    50-54   0.001678     0.003109     0.002407
   2015    55-59   0.002551     0.005149     0.003860
   2015    60-64   0.003580     0.007974     0.005761
   2015    65-69   0.004960     0.011974     0.008390
   2015    70-74   0.008948     0.019882     0.014123
   2015    75-79   0.016240     0.035159     0.024794
   2015    80-84   0.032688     0.065139     0.045832
   2015    85-89   0.068122     0.118975     0.085845
   2015    90-94   0.133235     0.206401     0.151496
   2015    95-99   0.248252     0.327364     0.262649
   2015   100-104  0.386177     0.473321     0.398405
   2015   105-109  0.565574     0.348837     0.533101
   2015   110+            .            .            .
   2016     0      0.001726     0.001647     0.001685
   2016     1-4    0.000195     0.000337     0.000268
   2016     5-9    0.000104     0.000111     0.000108
   2016    10-14   0.000025     0.000070     0.000048
   2016    15-19   0.000075     0.000302     0.000192
   2016    20-24   0.000129     0.000720     0.000433
   2016    25-29   0.000323     0.000595     0.000466
   2016    30-34   0.000351     0.000706     0.000536
   2016    35-39   0.000458     0.000737     0.000603
   2016    40-44   0.000704     0.001220     0.000972
   2016    45-49   0.001060     0.001894     0.001490
   2016    50-54   0.001660     0.002943     0.002315
   2016    55-59   0.002501     0.004339     0.003427
   2016    60-64   0.003563     0.007859     0.005697
   2016    65-69   0.005310     0.012355     0.008760
   2016    70-74   0.009013     0.020447     0.014429
   2016    75-79   0.015859     0.033043     0.023665
   2016    80-84   0.031458     0.063184     0.044404
   2016    85-89   0.062715     0.110340     0.079461
   2016    90-94   0.127410     0.193664     0.144601
   2016    95-99   0.238341     0.329344     0.254372
   2016   100-104  0.405893     0.447755     0.411976
   2016   105-109  0.574513     0.837209     0.608722
   2016   110+     0.000000            .     0.000000
   2017     0      0.002074     0.001455     0.001756
   2017     1-4    0.000109     0.000224     0.000168
   2017     5-9    0.000066     0.000088     0.000077
   2017    10-14   0.000050     0.000143     0.000098
   2017    15-19   0.000176     0.000340     0.000261
   2017    20-24   0.000243     0.000550     0.000401
   2017    25-29   0.000180     0.000454     0.000324
   2017    30-34   0.000392     0.000488     0.000442
   2017    35-39   0.000340     0.000834     0.000596
   2017    40-44   0.000662     0.001072     0.000874
   2017    45-49   0.001112     0.001906     0.001521
   2017    50-54   0.001585     0.003089     0.002354
   2017    55-59   0.002333     0.004795     0.003573
   2017    60-64   0.003093     0.008030     0.005551
   2017    65-69   0.005115     0.012714     0.008837
   2017    70-74   0.008792     0.019959     0.014093
   2017    75-79   0.015332     0.033295     0.023520
   2017    80-84   0.032178     0.061427     0.044243
   2017    85-89   0.065427     0.116579     0.083453
   2017    90-94   0.132606     0.196587     0.149883
   2017    95-99   0.248808     0.326883     0.262236
   2017   100-104  0.424446     0.553770     0.442694
   2017   105-109  0.784355     0.870968     0.792802
   2017   110+     3.000000            .     3.000000
   2018     0      0.002243     0.001680     0.001955
   2018     1-4    0.000130     0.000141     0.000136
   2018     5-9    0.000080     0.000051     0.000065
   2018    10-14   0.000038     0.000132     0.000086
   2018    15-19   0.000180     0.000263     0.000223
   2018    20-24   0.000170     0.000445     0.000313
   2018    25-29   0.000240     0.000519     0.000386
   2018    30-34   0.000269     0.000632     0.000459
   2018    35-39   0.000388     0.000737     0.000569
   2018    40-44   0.000640     0.001054     0.000855
   2018    45-49   0.001000     0.001877     0.001453
   2018    50-54   0.001646     0.003054     0.002367
   2018    55-59   0.002214     0.004428     0.003331
   2018    60-64   0.003216     0.007356     0.005282
   2018    65-69   0.005318     0.012600     0.008885
   2018    70-74   0.008732     0.020444     0.014305
   2018    75-79   0.015021     0.033167     0.023303
   2018    80-84   0.031560     0.061037     0.043855
   2018    85-89   0.066081     0.113787     0.082928
   2018    90-94   0.132246     0.198836     0.150719
   2018    95-99   0.248620     0.334580     0.263337
   2018   100-104  0.435776     0.537138     0.449407
   2018   105-109  0.561769     0.736842     0.577254
   2018   110+     0.000000            .     0.000000
   2019     0      0.002214     0.002348     0.002283
   2019     1-4    0.000173     0.000309     0.000243
   2019     5-9    0.000068     0.000078     0.000073
   2019    10-14   0.000064     0.000073     0.000069
   2019    15-19   0.000195     0.000362     0.000282
   2019    20-24   0.000198     0.000442     0.000325
   2019    25-29   0.000232     0.000581     0.000416
   2019    30-34   0.000405     0.000580     0.000496
   2019    35-39   0.000437     0.000773     0.000612
   2019    40-44   0.000663     0.001304     0.000996
   2019    45-49   0.000956     0.001816     0.001400
   2019    50-54   0.001498     0.002590     0.002058
   2019    55-59   0.002513     0.004431     0.003483
   2019    60-64   0.003431     0.007537     0.005484
   2019    65-69   0.005193     0.012148     0.008600
   2019    70-74   0.008595     0.019647     0.013867
   2019    75-79   0.015779     0.032722     0.023507
   2019    80-84   0.030222     0.059091     0.042371
   2019    85-89   0.063734     0.112292     0.080992
   2019    90-94   0.128321     0.191122     0.146015
   2019    95-99   0.244968     0.321065     0.258499
   2019   100-104  0.399051     0.528215     0.415986
   2019   105-109  0.667827     0.857143     0.684844
   2019   110+     1.200000     0.000000     1.000000
   2020     0      0.001901     0.002156     0.002031
   2020     1-4    0.000100     0.000113     0.000107
   2020     5-9    0.000153     0.000053     0.000102
   2020    10-14   0.000052     0.000160     0.000107
   2020    15-19   0.000169     0.000216     0.000193
   2020    20-24   0.000304     0.000584     0.000450
   2020    25-29   0.000264     0.000544     0.000412
   2020    30-34   0.000384     0.000600     0.000498
   2020    35-39   0.000468     0.000847     0.000665
   2020    40-44   0.000737     0.001134     0.000943
   2020    45-49   0.001188     0.001730     0.001468
   2020    50-54   0.001557     0.002822     0.002207
   2020    55-59   0.002268     0.004550     0.003425
   2020    60-64   0.003640     0.007080     0.005360
   2020    65-69   0.004948     0.012700     0.008750
   2020    70-74   0.007988     0.020053     0.013759
   2020    75-79   0.015305     0.032692     0.023226
   2020    80-84   0.029840     0.056641     0.041217
   2020    85-89   0.061253     0.106752     0.077554
   2020    90-94   0.126110     0.191759     0.144900
   2020    95-99   0.221359     0.294809     0.235157
   2020   100-104  0.347711     0.475534     0.362987
   2020   105-109  0.555274     0.810811     0.578380
   2020   110+     0.000000     3.000000     0.260870
   2021     0      0.002377     0.002552     0.002467
   2021     1-4    0.000147     0.000099     0.000123
   2021     5-9    0.000029     0.000054     0.000042
   2021    10-14   0.000065     0.000087     0.000076
   2021    15-19   0.000154     0.000238     0.000197
   2021    20-24   0.000175     0.000645     0.000419
   2021    25-29   0.000226     0.000549     0.000397
   2021    30-34   0.000348     0.000576     0.000468
   2021    35-39   0.000595     0.000736     0.000668
   2021    40-44   0.000561     0.001119     0.000851
   2021    45-49   0.000974     0.001655     0.001326
   2021    50-54   0.001731     0.002950     0.002358
   2021    55-59   0.002300     0.004480     0.003408
   2021    60-64   0.003047     0.007144     0.005094
   2021    65-69   0.004995     0.011972     0.008420
   2021    70-74   0.008628     0.019213     0.013697
   2021    75-79   0.014599     0.033353     0.023145
   2021    80-84   0.029391     0.056677     0.041053
   2021    85-89   0.061244     0.105895     0.077441
   2021    90-94   0.123330     0.187408     0.141877
   2021    95-99   0.233406     0.312379     0.248944
   2021   100-104  0.383613     0.495787     0.396344
   2021   105-109  0.680806     0.951060     0.698651
   2021   110+     0.708661            .     0.708661
   2022     0      0.001950     0.002210     0.002083
   2022     1-4    0.000177     0.000126     0.000151
   2022     5-9    0.000059     0.000056     0.000057
   2022    10-14   0.000105     0.000088     0.000096
   2022    15-19   0.000152     0.000250     0.000202
   2022    20-24   0.000273     0.000477     0.000379
   2022    25-29   0.000298     0.000480     0.000394
   2022    30-34   0.000387     0.000594     0.000496
   2022    35-39   0.000490     0.000818     0.000661
   2022    40-44   0.000677     0.001051     0.000871
   2022    45-49   0.001066     0.001711     0.001400
   2022    50-54   0.001646     0.002884     0.002283
   2022    55-59   0.002473     0.004527     0.003519
   2022    60-64   0.003332     0.007507     0.005419
   2022    65-69   0.005376     0.012547     0.008900
   2022    70-74   0.008867     0.021044     0.014697
   2022    75-79   0.015645     0.033846     0.023960
   2022    80-84   0.031113     0.060656     0.043769
   2022    85-89   0.065100     0.114649     0.083366
   2022    90-94   0.135452     0.209778     0.156964
   2022    95-99   0.251853     0.334401     0.268797
   2022   100-104  0.446561     0.570220     0.460776
   2022   105-109  0.651357     0.721298     0.655900
   2022   110+     1.521298            .     1.521298
