09.Tochigi.ken, Death Rates (period 5x1)     Last modified:2023-12-05, ver.004_004 JMD(IPSS)

   Year      Age       Female       Male         Total
   1947     0      0.079234     0.091937     0.085733
   1947     1-4    0.017695     0.018805     0.018257
   1947     5-9    0.003693     0.003939     0.003818
   1947    10-14   0.001853     0.001835     0.001844
   1947    15-19   0.004390     0.003961     0.004184
   1947    20-24   0.007882     0.008393     0.008121
   1947    25-29   0.007830     0.007875     0.007850
   1947    30-34   0.007614     0.007572     0.007595
   1947    35-39   0.007814     0.008219     0.008010
   1947    40-44   0.008237     0.008243     0.008240
   1947    45-49   0.009302     0.012303     0.010810
   1947    50-54   0.011790     0.016759     0.014267
   1947    55-59   0.016931     0.025470     0.021115
   1947    60-64   0.025596     0.040532     0.032528
   1947    65-69   0.038854     0.064955     0.050183
   1947    70-74   0.065836     0.097525     0.078829
   1947    75-79   0.095668     0.125845     0.106839
   1947    80-84   0.169566     0.202622     0.180173
   1947    85-89   0.252652     0.332413     0.273008
   1947    90-94   0.361860     0.593512     0.421496
   1947    95-99   0.306592     0.983607     0.423071
   1947   100-104  0.655022            .     0.655022
   1947   105-109  0.000000            .     0.000000
   1947   110+     0.000000            .     0.000000
   1948     0      0.048286     0.059450     0.054003
   1948     1-4    0.009413     0.009904     0.009662
   1948     5-9    0.002240     0.002247     0.002244
   1948    10-14   0.001269     0.001328     0.001299
   1948    15-19   0.002669     0.003039     0.002849
   1948    20-24   0.006531     0.008160     0.007302
   1948    25-29   0.006309     0.007751     0.006931
   1948    30-34   0.006056     0.006781     0.006385
   1948    35-39   0.006823     0.006697     0.006762
   1948    40-44   0.007127     0.008342     0.007737
   1948    45-49   0.007684     0.010268     0.008980
   1948    50-54   0.012109     0.014965     0.013533
   1948    55-59   0.016163     0.022956     0.019498
   1948    60-64   0.022912     0.036824     0.029406
   1948    65-69   0.038139     0.056450     0.046095
   1948    70-74   0.060366     0.082400     0.069385
   1948    75-79   0.090233     0.111546     0.098225
   1948    80-84   0.161349     0.195771     0.172513
   1948    85-89   0.249197     0.247708     0.248809
   1948    90-94   0.361666     0.202402     0.321515
   1948    95-99   0.663717     1.297765     0.735595
   1948   100-104  0.000000     0.000000     0.000000
   1948   105-109  0.000000            .     0.000000
   1948   110+     0.000000            .     0.000000
   1949     0      0.053761     0.063493     0.058728
   1949     1-4    0.011458     0.012299     0.011886
   1949     5-9    0.002131     0.002408     0.002271
   1949    10-14   0.001268     0.001044     0.001155
   1949    15-19   0.002553     0.002358     0.002458
   1949    20-24   0.005544     0.005534     0.005539
   1949    25-29   0.006430     0.006701     0.006547
   1949    30-34   0.005730     0.006094     0.005894
   1949    35-39   0.006472     0.006226     0.006356
   1949    40-44   0.006295     0.007429     0.006861
   1949    45-49   0.007153     0.009880     0.008519
   1949    50-54   0.010687     0.014534     0.012604
   1949    55-59   0.014536     0.022101     0.018259
   1949    60-64   0.023326     0.034736     0.028686
   1949    65-69   0.037914     0.056786     0.046165
   1949    70-74   0.056991     0.089730     0.070336
   1949    75-79   0.084410     0.124997     0.099732
   1949    80-84   0.157704     0.209572     0.174478
   1949    85-89   0.214177     0.311230     0.239914
   1949    90-94   0.328111     0.442004     0.355736
   1949    95-99   0.381992     0.326442     0.374036
   1949   100-104  1.015228     0.000000     0.977995
   1949   105-109  0.000000            .     0.000000
   1949   110+     0.000000            .     0.000000
   1950     0      0.052765     0.059623     0.056268
   1950     1-4    0.012928     0.013257     0.013096
   1950     5-9    0.002657     0.002662     0.002659
   1950    10-14   0.001101     0.001256     0.001179
   1950    15-19   0.002183     0.002269     0.002225
   1950    20-24   0.004740     0.005597     0.005149
   1950    25-29   0.005356     0.005817     0.005560
   1950    30-34   0.005245     0.005456     0.005339
   1950    35-39   0.005500     0.006236     0.005845
   1950    40-44   0.007118     0.006838     0.006979
   1950    45-49   0.009051     0.009759     0.009405
   1950    50-54   0.011969     0.013644     0.012805
   1950    55-59   0.015576     0.022375     0.018924
   1950    60-64   0.023032     0.035344     0.028844
   1950    65-69   0.040818     0.060493     0.049488
   1950    70-74   0.066753     0.088985     0.075763
   1950    75-79   0.100273     0.122168     0.108547
   1950    80-84   0.172717     0.197060     0.180635
   1950    85-89   0.244480     0.305860     0.260944
   1950    90-94   0.261296     0.548446     0.321393
   1950    95-99   0.353625     0.336795     0.349741
   1950   100-104  0.000000     0.000000     0.000000
   1950   105-109  0.000000            .     0.000000
   1950   110+     0.000000            .     0.000000
   1951     0      0.050666     0.057163     0.053988
   1951     1-4    0.010514     0.010898     0.010710
   1951     5-9    0.002416     0.002426     0.002421
   1951    10-14   0.000971     0.000905     0.000938
   1951    15-19   0.001566     0.001598     0.001582
   1951    20-24   0.002823     0.003440     0.003118
   1951    25-29   0.004140     0.004463     0.004287
   1951    30-34   0.004000     0.004162     0.004071
   1951    35-39   0.004502     0.005035     0.004748
   1951    40-44   0.005608     0.005793     0.005699
   1951    45-49   0.007069     0.009330     0.008202
   1951    50-54   0.009589     0.013363     0.011475
   1951    55-59   0.013539     0.021422     0.017416
   1951    60-64   0.022202     0.033423     0.027540
   1951    65-69   0.037160     0.056497     0.045729
   1951    70-74   0.063522     0.088032     0.073435
   1951    75-79   0.094613     0.127185     0.106924
   1951    80-84   0.148650     0.242729     0.178844
   1951    85-89   0.232169     0.281866     0.245658
   1951    90-94   0.326296     0.428212     0.344143
   1951    95-99   0.581283     0.245742     0.472794
   1951   100-104  0.352941     0.000000     0.322457
   1951   105-109  0.666667            .     0.666667
   1951   110+     0.428571            .     0.428571
   1952     0      0.046552     0.052059     0.049354
   1952     1-4    0.008830     0.008524     0.008674
   1952     5-9    0.002055     0.001848     0.001950
   1952    10-14   0.000945     0.001125     0.001035
   1952    15-19   0.001359     0.001410     0.001384
   1952    20-24   0.002293     0.002722     0.002500
   1952    25-29   0.003187     0.004061     0.003597
   1952    30-34   0.003957     0.003358     0.003697
   1952    35-39   0.003934     0.004053     0.003988
   1952    40-44   0.005199     0.005059     0.005131
   1952    45-49   0.006773     0.007508     0.007142
   1952    50-54   0.009774     0.013890     0.011831
   1952    55-59   0.014342     0.020066     0.017163
   1952    60-64   0.019270     0.031097     0.024938
   1952    65-69   0.034516     0.053812     0.043100
   1952    70-74   0.056162     0.082014     0.066648
   1952    75-79   0.089709     0.117477     0.100184
   1952    80-84   0.160539     0.184399     0.168206
   1952    85-89   0.220690     0.293472     0.240454
   1952    90-94   0.357606     0.396114     0.364779
   1952    95-99   0.435369     0.471817     0.447932
   1952   100-104  0.834347     0.000000     0.741391
   1952   105-109  0.947368            .     0.947368
   1952   110+     3.000000            .     3.000000
   1953     0      0.046511     0.052519     0.049562
   1953     1-4    0.006958     0.006953     0.006955
   1953     5-9    0.001978     0.001778     0.001876
   1953    10-14   0.000859     0.000971     0.000915
   1953    15-19   0.001384     0.001301     0.001344
   1953    20-24   0.002348     0.002454     0.002399
   1953    25-29   0.002806     0.003249     0.003018
   1953    30-34   0.003384     0.003428     0.003403
   1953    35-39   0.003786     0.003588     0.003696
   1953    40-44   0.004910     0.005237     0.005067
   1953    45-49   0.007087     0.007786     0.007438
   1953    50-54   0.008812     0.011859     0.010334
   1953    55-59   0.013224     0.020327     0.016730
   1953    60-64   0.021472     0.035860     0.028382
   1953    65-69   0.035537     0.057361     0.045325
   1953    70-74   0.059603     0.092233     0.072875
   1953    75-79   0.095170     0.146223     0.114206
   1953    80-84   0.163245     0.191722     0.172649
   1953    85-89   0.262031     0.336561     0.281899
   1953    90-94   0.391114     0.362957     0.385584
   1953    95-99   0.452361     0.396325     0.435487
   1953   100-104  0.000000     0.000000     0.000000
   1953   105-109  0.000000     0.000000     0.000000
   1953   110+            .            .            .
   1954     0      0.044926     0.052458     0.048753
   1954     1-4    0.007269     0.007119     0.007193
   1954     5-9    0.002245     0.001981     0.002111
   1954    10-14   0.000826     0.000807     0.000817
   1954    15-19   0.001243     0.001565     0.001398
   1954    20-24   0.002062     0.002165     0.002111
   1954    25-29   0.002413     0.002709     0.002556
   1954    30-34   0.002786     0.003439     0.003071
   1954    35-39   0.003358     0.004132     0.003707
   1954    40-44   0.004383     0.004928     0.004642
   1954    45-49   0.005813     0.008695     0.007254
   1954    50-54   0.008983     0.011560     0.010272
   1954    55-59   0.012175     0.018602     0.015350
   1954    60-64   0.019847     0.031193     0.025308
   1954    65-69   0.032078     0.048383     0.039465
   1954    70-74   0.053464     0.079464     0.064119
   1954    75-79   0.085606     0.115184     0.096502
   1954    80-84   0.135411     0.162326     0.144444
   1954    85-89   0.232491     0.222495     0.229759
   1954    90-94   0.309805     0.432305     0.334017
   1954    95-99   0.234974     0.000000     0.169665
   1954   100-104  0.962389     0.000000     0.862240
   1954   105-109  0.648649     0.000000     0.461538
   1954   110+     0.000000            .     0.000000
   1955     0      0.038913     0.042466     0.040730
   1955     1-4    0.005401     0.005248     0.005323
   1955     5-9    0.001575     0.001628     0.001602
   1955    10-14   0.000737     0.000660     0.000698
   1955    15-19   0.001043     0.001664     0.001340
   1955    20-24   0.002223     0.002880     0.002535
   1955    25-29   0.002332     0.002751     0.002536
   1955    30-34   0.002440     0.003241     0.002797
   1955    35-39   0.003127     0.003539     0.003312
   1955    40-44   0.004357     0.004387     0.004371
   1955    45-49   0.005338     0.007449     0.006389
   1955    50-54   0.007690     0.011450     0.009568
   1955    55-59   0.013117     0.018550     0.015808
   1955    60-64   0.017304     0.031826     0.024307
   1955    65-69   0.028752     0.047094     0.037114
   1955    70-74   0.054122     0.075073     0.062817
   1955    75-79   0.082834     0.109715     0.092706
   1955    80-84   0.134478     0.164527     0.144651
   1955    85-89   0.202260     0.252033     0.216256
   1955    90-94   0.322920     0.495839     0.356493
   1955    95-99   0.303831     0.556017     0.358107
   1955   100-104  1.913907     1.426934     1.778486
   1955   105-109  0.789474     3.600000     1.485149
   1955   110+     0.000000            .     0.000000
   1956     0      0.035937     0.043780     0.039984
   1956     1-4    0.004276     0.004284     0.004280
   1956     5-9    0.001341     0.001276     0.001308
   1956    10-14   0.000696     0.000784     0.000740
   1956    15-19   0.001252     0.001661     0.001448
   1956    20-24   0.001681     0.002801     0.002208
   1956    25-29   0.002113     0.002332     0.002220
   1956    30-34   0.002559     0.002693     0.002621
   1956    35-39   0.003164     0.003329     0.003237
   1956    40-44   0.003173     0.004375     0.003730
   1956    45-49   0.005167     0.006884     0.006015
   1956    50-54   0.007998     0.011421     0.009710
   1956    55-59   0.011903     0.019257     0.015554
   1956    60-64   0.018770     0.032202     0.025246
   1956    65-69   0.030731     0.050224     0.039675
   1956    70-74   0.050905     0.078264     0.062339
   1956    75-79   0.084934     0.125868     0.099942
   1956    80-84   0.140041     0.166985     0.149235
   1956    85-89   0.201831     0.291022     0.226714
   1956    90-94   0.339863     0.418107     0.355571
   1956    95-99   0.535994     0.564486     0.540835
   1956   100-104  0.000000     0.000000     0.000000
   1956   105-109  0.000000            .     0.000000
   1956   110+     0.000000            .     0.000000
   1957     0      0.040014     0.050356     0.045318
   1957     1-4    0.004230     0.004930     0.004586
   1957     5-9    0.001509     0.001342     0.001424
   1957    10-14   0.000737     0.000757     0.000747
   1957    15-19   0.000921     0.001458     0.001178
   1957    20-24   0.001740     0.002031     0.001877
   1957    25-29   0.002159     0.002615     0.002383
   1957    30-34   0.002801     0.002576     0.002695
   1957    35-39   0.002629     0.003709     0.003100
   1957    40-44   0.003821     0.004549     0.004155
   1957    45-49   0.005565     0.007833     0.006671
   1957    50-54   0.008723     0.011865     0.010298
   1957    55-59   0.013264     0.020953     0.017084
   1957    60-64   0.020483     0.031850     0.025971
   1957    65-69   0.031639     0.052018     0.041039
   1957    70-74   0.054322     0.088521     0.068615
   1957    75-79   0.095169     0.142212     0.112424
   1957    80-84   0.156175     0.212870     0.175305
   1957    85-89   0.232428     0.344087     0.263211
   1957    90-94   0.333843     0.423882     0.352199
   1957    95-99   0.560212     0.158189     0.474871
   1957   100-104  1.361596     0.000000     0.450867
   1957   105-109  2.250000            .     2.250000
   1957   110+     2.000000            .     2.000000
   1958     0      0.036603     0.041787     0.039240
   1958     1-4    0.003706     0.003356     0.003527
   1958     5-9    0.000938     0.001431     0.001189
   1958    10-14   0.000533     0.000581     0.000557
   1958    15-19   0.000834     0.001400     0.001103
   1958    20-24   0.001819     0.002450     0.002113
   1958    25-29   0.002001     0.002548     0.002269
   1958    30-34   0.001842     0.002620     0.002217
   1958    35-39   0.002546     0.002999     0.002743
   1958    40-44   0.003292     0.004002     0.003615
   1958    45-49   0.005633     0.007633     0.006596
   1958    50-54   0.007120     0.011069     0.009099
   1958    55-59   0.011609     0.018386     0.014973
   1958    60-64   0.017201     0.029005     0.022905
   1958    65-69   0.029321     0.047661     0.037798
   1958    70-74   0.050222     0.076381     0.061251
   1958    75-79   0.085199     0.111843     0.095048
   1958    80-84   0.134293     0.173912     0.147465
   1958    85-89   0.231100     0.252727     0.237233
   1958    90-94   0.330949     0.335056     0.331770
   1958    95-99   0.386673     1.222411     0.519987
   1958   100-104  0.000000     0.540541     0.298507
   1958   105-109         .            .            .
   1958   110+            .            .            .
   1959     0      0.030916     0.038584     0.034826
   1959     1-4    0.002959     0.003797     0.003387
   1959     5-9    0.000901     0.001136     0.001021
   1959    10-14   0.000494     0.000663     0.000580
   1959    15-19   0.000884     0.001763     0.001299
   1959    20-24   0.001664     0.002535     0.002066
   1959    25-29   0.001606     0.002482     0.002035
   1959    30-34   0.002267     0.002568     0.002414
   1959    35-39   0.002504     0.003175     0.002798
   1959    40-44   0.003254     0.004272     0.003715
   1959    45-49   0.004803     0.005938     0.005343
   1959    50-54   0.007178     0.009839     0.008506
   1959    55-59   0.010586     0.018183     0.014357
   1959    60-64   0.016487     0.029121     0.022598
   1959    65-69   0.027326     0.046945     0.036410
   1959    70-74   0.047911     0.074956     0.059452
   1959    75-79   0.079602     0.117089     0.093594
   1959    80-84   0.139800     0.190994     0.156728
   1959    85-89   0.209528     0.254579     0.222665
   1959    90-94   0.366473     0.293730     0.351092
   1959    95-99   0.404264     0.000000     0.356821
   1959   100-104  0.000000     1.916933     0.452659
   1959   105-109         .            .            .
   1959   110+            .            .            .
   1960     0      0.032075     0.034246     0.033187
   1960     1-4    0.002788     0.003095     0.002945
   1960     5-9    0.000827     0.001148     0.000990
   1960    10-14   0.000434     0.000748     0.000594
   1960    15-19   0.000954     0.001220     0.001079
   1960    20-24   0.001574     0.002209     0.001861
   1960    25-29   0.001572     0.002518     0.002035
   1960    30-34   0.001881     0.002289     0.002081
   1960    35-39   0.002344     0.002698     0.002502
   1960    40-44   0.003416     0.004401     0.003858
   1960    45-49   0.004347     0.006813     0.005506
   1960    50-54   0.006776     0.011091     0.008920
   1960    55-59   0.009962     0.019141     0.014507
   1960    60-64   0.017114     0.030013     0.023369
   1960    65-69   0.028894     0.047372     0.037463
   1960    70-74   0.046487     0.071700     0.057316
   1960    75-79   0.080960     0.128026     0.098613
   1960    80-84   0.138968     0.193429     0.156749
   1960    85-89   0.204876     0.245187     0.216706
   1960    90-94   0.276358     0.380394     0.298910
   1960    95-99   0.539568     1.165803     0.627501
   1960   100-104  0.543478            .     0.543478
   1960   105-109         .            .            .
   1960   110+            .            .            .
   1961     0      0.028027     0.038253     0.033283
   1961     1-4    0.002605     0.002746     0.002677
   1961     5-9    0.000923     0.001140     0.001034
   1961    10-14   0.000418     0.000713     0.000568
   1961    15-19   0.000772     0.001431     0.001085
   1961    20-24   0.001244     0.002885     0.001984
   1961    25-29   0.001467     0.001973     0.001713
   1961    30-34   0.001631     0.002120     0.001872
   1961    35-39   0.002152     0.002806     0.002453
   1961    40-44   0.003125     0.003996     0.003510
   1961    45-49   0.004702     0.005732     0.005179
   1961    50-54   0.006479     0.010277     0.008352
   1961    55-59   0.009779     0.017994     0.013850
   1961    60-64   0.016174     0.029248     0.022529
   1961    65-69   0.028890     0.046207     0.036928
   1961    70-74   0.049113     0.078478     0.061810
   1961    75-79   0.083741     0.123378     0.098637
   1961    80-84   0.137722     0.177193     0.150515
   1961    85-89   0.218378     0.317612     0.247033
   1961    90-94   0.347010     0.415177     0.361649
   1961    95-99   0.391627     0.319915     0.380952
   1961   100-104  0.972447            .     0.972447
   1961   105-109         .            .            .
   1961   110+            .            .            .
   1962     0      0.032607     0.033879     0.033257
   1962     1-4    0.002218     0.002508     0.002366
   1962     5-9    0.000689     0.000964     0.000829
   1962    10-14   0.000425     0.000632     0.000529
   1962    15-19   0.000519     0.001224     0.000859
   1962    20-24   0.001461     0.001866     0.001646
   1962    25-29   0.001182     0.002287     0.001717
   1962    30-34   0.001609     0.001854     0.001731
   1962    35-39   0.001813     0.002595     0.002184
   1962    40-44   0.002818     0.003996     0.003332
   1962    45-49   0.004312     0.006265     0.005208
   1962    50-54   0.006723     0.009822     0.008231
   1962    55-59   0.009943     0.018378     0.014132
   1962    60-64   0.017527     0.029953     0.023572
   1962    65-69   0.027598     0.046421     0.036350
   1962    70-74   0.049701     0.082136     0.063799
   1962    75-79   0.083088     0.141769     0.105115
   1962    80-84   0.145068     0.214617     0.167547
   1962    85-89   0.226403     0.319948     0.252044
   1962    90-94   0.388411     0.477465     0.408612
   1962    95-99   0.587618     0.597610     0.589132
   1962   100-104  1.005025            .     1.005025
   1962   105-109         .            .            .
   1962   110+            .            .            .
   1963     0      0.025147     0.026186     0.025679
   1963     1-4    0.001475     0.002264     0.001878
   1963     5-9    0.000656     0.000711     0.000684
   1963    10-14   0.000254     0.000530     0.000393
   1963    15-19   0.000545     0.001065     0.000798
   1963    20-24   0.001139     0.002440     0.001737
   1963    25-29   0.001185     0.002262     0.001705
   1963    30-34   0.001461     0.001935     0.001697
   1963    35-39   0.001565     0.002576     0.002054
   1963    40-44   0.003093     0.003903     0.003445
   1963    45-49   0.004111     0.005814     0.004886
   1963    50-54   0.006968     0.010452     0.008642
   1963    55-59   0.011166     0.015690     0.013415
   1963    60-64   0.015412     0.026725     0.020909
   1963    65-69   0.024980     0.047080     0.035260
   1963    70-74   0.043707     0.071687     0.055902
   1963    75-79   0.073291     0.120091     0.091004
   1963    80-84   0.120927     0.181747     0.140363
   1963    85-89   0.201013     0.270441     0.219367
   1963    90-94   0.321131     0.357955     0.329735
   1963    95-99   0.482617     0.298433     0.454563
   1963   100-104  0.985222            .     0.985222
   1963   105-109         .            .            .
   1963   110+            .            .            .
   1964     0      0.023061     0.028424     0.025820
   1964     1-4    0.001437     0.001873     0.001660
   1964     5-9    0.000568     0.000641     0.000605
   1964    10-14   0.000369     0.000547     0.000459
   1964    15-19   0.000426     0.001086     0.000748
   1964    20-24   0.000995     0.002116     0.001511
   1964    25-29   0.000900     0.002056     0.001461
   1964    30-34   0.001250     0.002112     0.001680
   1964    35-39   0.001851     0.002745     0.002289
   1964    40-44   0.002413     0.003507     0.002893
   1964    45-49   0.003822     0.006339     0.004962
   1964    50-54   0.006005     0.009229     0.007537
   1964    55-59   0.008844     0.017810     0.013285
   1964    60-64   0.015340     0.028031     0.021508
   1964    65-69   0.025954     0.043747     0.034242
   1964    70-74   0.044701     0.072567     0.056873
   1964    75-79   0.080024     0.108498     0.090995
   1964    80-84   0.134889     0.172167     0.146780
   1964    85-89   0.219123     0.275161     0.233887
   1964    90-94   0.321038     0.437539     0.347721
   1964    95-99   0.455818     0.820345     0.502320
   1964   100-104  0.000000            .     0.000000
   1964   105-109         .            .            .
   1964   110+            .            .            .
   1965     0      0.019707     0.028092     0.023980
   1965     1-4    0.001314     0.001908     0.001618
   1965     5-9    0.000385     0.000683     0.000537
   1965    10-14   0.000435     0.000619     0.000528
   1965    15-19   0.000397     0.001036     0.000709
   1965    20-24   0.000992     0.001838     0.001381
   1965    25-29   0.001219     0.001918     0.001560
   1965    30-34   0.001228     0.001972     0.001599
   1965    35-39   0.001754     0.002488     0.002117
   1965    40-44   0.002296     0.003484     0.002828
   1965    45-49   0.004225     0.005452     0.004776
   1965    50-54   0.005869     0.009066     0.007371
   1965    55-59   0.008974     0.015706     0.012293
   1965    60-64   0.013384     0.029480     0.021194
   1965    65-69   0.025242     0.046798     0.035300
   1965    70-74   0.045051     0.076436     0.058774
   1965    75-79   0.083010     0.125622     0.099621
   1965    80-84   0.141377     0.189899     0.156907
   1965    85-89   0.215081     0.301984     0.237594
   1965    90-94   0.338698     0.305784     0.330911
   1965    95-99   0.428816     0.000000     0.379205
   1965   100-104  2.068966     0.000000     1.507538
   1965   105-109         .            .            .
   1965   110+            .            .            .
   1966     0      0.017505     0.022602     0.020103
   1966     1-4    0.001413     0.002031     0.001728
   1966     5-9    0.000492     0.000725     0.000611
   1966    10-14   0.000386     0.000533     0.000460
   1966    15-19   0.000453     0.001251     0.000845
   1966    20-24   0.000878     0.001967     0.001382
   1966    25-29   0.001135     0.001825     0.001472
   1966    30-34   0.001201     0.002485     0.001842
   1966    35-39   0.001326     0.002494     0.001906
   1966    40-44   0.002225     0.004331     0.003197
   1966    45-49   0.003424     0.005555     0.004368
   1966    50-54   0.005926     0.008782     0.007250
   1966    55-59   0.008096     0.015716     0.011823
   1966    60-64   0.014105     0.027086     0.020412
   1966    65-69   0.024814     0.039599     0.031731
   1966    70-74   0.041970     0.069305     0.053912
   1966    75-79   0.073263     0.118471     0.090994
   1966    80-84   0.124258     0.170842     0.139209
   1966    85-89   0.204488     0.248579     0.215843
   1966    90-94   0.287343     0.322367     0.295809
   1966    95-99   0.494794     0.106990     0.432140
   1966   100-104  0.000000     2.097902     0.960000
   1966   105-109         .            .            .
   1966   110+            .            .            .
   1967     0      0.014928     0.025120     0.020141
   1967     1-4    0.001249     0.001325     0.001288
   1967     5-9    0.000474     0.000425     0.000449
   1967    10-14   0.000262     0.000536     0.000401
   1967    15-19   0.000562     0.001135     0.000844
   1967    20-24   0.000878     0.001659     0.001247
   1967    25-29   0.000915     0.001616     0.001257
   1967    30-34   0.001277     0.002030     0.001653
   1967    35-39   0.001731     0.002569     0.002149
   1967    40-44   0.002079     0.003121     0.002574
   1967    45-49   0.003378     0.005105     0.004134
   1967    50-54   0.005431     0.009140     0.007132
   1967    55-59   0.008064     0.014850     0.011341
   1967    60-64   0.014305     0.026187     0.020096
   1967    65-69   0.023233     0.040287     0.031227
   1967    70-74   0.037156     0.070156     0.051579
   1967    75-79   0.070818     0.112026     0.087059
   1967    80-84   0.127900     0.163645     0.139449
   1967    85-89   0.210088     0.259746     0.223168
   1967    90-94   0.315137     0.281457     0.307293
   1967    95-99   0.485454     0.366854     0.458917
   1967   100-104  3.833866     0.000000     1.572739
   1967   105-109         .            .            .
   1967   110+            .            .            .
   1968     0      0.016721     0.021747     0.019291
   1968     1-4    0.001204     0.001590     0.001401
   1968     5-9    0.000531     0.000619     0.000576
   1968    10-14   0.000288     0.000492     0.000391
   1968    15-19   0.000529     0.001119     0.000819
   1968    20-24   0.000791     0.001687     0.001221
   1968    25-29   0.001007     0.001764     0.001376
   1968    30-34   0.001344     0.001789     0.001567
   1968    35-39   0.001665     0.002405     0.002036
   1968    40-44   0.002123     0.002959     0.002529
   1968    45-49   0.003054     0.005444     0.004096
   1968    50-54   0.004968     0.008735     0.006682
   1968    55-59   0.008631     0.013776     0.011086
   1968    60-64   0.013962     0.024730     0.019215
   1968    65-69   0.021767     0.041514     0.031009
   1968    70-74   0.040512     0.067214     0.052200
   1968    75-79   0.073438     0.107792     0.087034
   1968    80-84   0.126127     0.187900     0.146217
   1968    85-89   0.195944     0.275922     0.217064
   1968    90-94   0.345794     0.333053     0.342914
   1968    95-99   0.587510     0.293755     0.508001
   1968   100-104  0.000000     2.000000     0.869565
   1968   105-109         .            .            .
   1968   110+            .            .            .
   1969     0      0.014391     0.019006     0.016772
   1969     1-4    0.000923     0.001048     0.000987
   1969     5-9    0.000428     0.000613     0.000523
   1969    10-14   0.000283     0.000355     0.000320
   1969    15-19   0.000497     0.001350     0.000916
   1969    20-24   0.000735     0.001726     0.001212
   1969    25-29   0.001292     0.001659     0.001472
   1969    30-34   0.001369     0.002249     0.001810
   1969    35-39   0.001556     0.002490     0.002025
   1969    40-44   0.002268     0.003998     0.003119
   1969    45-49   0.003066     0.005508     0.004138
   1969    50-54   0.005032     0.008597     0.006646
   1969    55-59   0.008471     0.014654     0.011391
   1969    60-64   0.012189     0.022592     0.017248
   1969    65-69   0.022385     0.039299     0.030307
   1969    70-74   0.039522     0.067878     0.051963
   1969    75-79   0.072410     0.110067     0.087390
   1969    80-84   0.113712     0.164625     0.130454
   1969    85-89   0.205438     0.262177     0.220422
   1969    90-94   0.299904     0.350723     0.311081
   1969    95-99   0.515311     0.771141     0.579529
   1969   100-104  0.000000            .     0.000000
   1969   105-109         .            .            .
   1969   110+            .            .            .
   1970     0      0.013966     0.018460     0.016280
   1970     1-4    0.000930     0.001205     0.001070
   1970     5-9    0.000461     0.000488     0.000475
   1970    10-14   0.000309     0.000382     0.000346
   1970    15-19   0.000440     0.001513     0.000969
   1970    20-24   0.000780     0.001777     0.001258
   1970    25-29   0.000974     0.002042     0.001505
   1970    30-34   0.001268     0.001956     0.001614
   1970    35-39   0.001659     0.003042     0.002354
   1970    40-44   0.002427     0.004264     0.003339
   1970    45-49   0.003181     0.004883     0.003943
   1970    50-54   0.004915     0.008178     0.006382
   1970    55-59   0.008424     0.014882     0.011439
   1970    60-64   0.012967     0.024824     0.018713
   1970    65-69   0.023554     0.042081     0.032226
   1970    70-74   0.042438     0.069363     0.054275
   1970    75-79   0.072215     0.112918     0.088413
   1970    80-84   0.119499     0.165753     0.134999
   1970    85-89   0.210729     0.250934     0.221422
   1970    90-94   0.341129     0.398452     0.353395
   1970    95-99   0.482598     0.392131     0.461295
   1970   100-104  0.000000            .     0.000000
   1970   105-109         .            .            .
   1970   110+            .            .            .
   1971     0      0.011534     0.018905     0.015334
   1971     1-4    0.000827     0.001199     0.001018
   1971     5-9    0.000384     0.000545     0.000466
   1971    10-14   0.000168     0.000485     0.000330
   1971    15-19   0.000577     0.001837     0.001203
   1971    20-24   0.000800     0.001552     0.001163
   1971    25-29   0.001110     0.001646     0.001377
   1971    30-34   0.001159     0.002163     0.001666
   1971    35-39   0.001421     0.002756     0.002093
   1971    40-44   0.002041     0.003512     0.002775
   1971    45-49   0.003230     0.005826     0.004428
   1971    50-54   0.004869     0.007805     0.006170
   1971    55-59   0.008022     0.013374     0.010487
   1971    60-64   0.013531     0.022363     0.017778
   1971    65-69   0.020562     0.040511     0.029910
   1971    70-74   0.038155     0.064590     0.049803
   1971    75-79   0.065365     0.104943     0.081094
   1971    80-84   0.120839     0.168333     0.136951
   1971    85-89   0.188022     0.247539     0.203779
   1971    90-94   0.261913     0.335749     0.277576
   1971    95-99   0.362576     0.476402     0.388363
   1971   100-104  0.245902     0.000000     0.218978
   1971   105-109         .            .            .
   1971   110+            .            .            .
   1972     0      0.012394     0.017220     0.014886
   1972     1-4    0.000905     0.001361     0.001139
   1972     5-9    0.000515     0.000734     0.000626
   1972    10-14   0.000265     0.000481     0.000375
   1972    15-19   0.000423     0.001280     0.000850
   1972    20-24   0.000777     0.001557     0.001157
   1972    25-29   0.000881     0.001468     0.001174
   1972    30-34   0.001204     0.001952     0.001583
   1972    35-39   0.001270     0.002543     0.001911
   1972    40-44   0.002092     0.003681     0.002888
   1972    45-49   0.003182     0.004550     0.003831
   1972    50-54   0.004456     0.007866     0.005944
   1972    55-59   0.007016     0.012389     0.009463
   1972    60-64   0.012358     0.021325     0.016615
   1972    65-69   0.019656     0.035350     0.027031
   1972    70-74   0.037140     0.064181     0.049056
   1972    75-79   0.063712     0.097577     0.077234
   1972    80-84   0.106582     0.151063     0.121797
   1972    85-89   0.192963     0.235019     0.204119
   1972    90-94   0.284273     0.307256     0.289358
   1972    95-99   0.384753     0.457627     0.398019
   1972   100-104  0.692308     0.461538     0.615385
   1972   105-109         .            .            .
   1972   110+            .            .            .
   1973     0      0.010749     0.013655     0.012243
   1973     1-4    0.001146     0.001221     0.001184
   1973     5-9    0.000422     0.000623     0.000525
   1973    10-14   0.000159     0.000366     0.000264
   1973    15-19   0.000493     0.001217     0.000854
   1973    20-24   0.000632     0.001640     0.001126
   1973    25-29   0.000876     0.001505     0.001192
   1973    30-34   0.001217     0.002180     0.001705
   1973    35-39   0.001347     0.002330     0.001844
   1973    40-44   0.001775     0.003442     0.002614
   1973    45-49   0.002564     0.005123     0.003804
   1973    50-54   0.004397     0.007398     0.005699
   1973    55-59   0.006556     0.012191     0.009099
   1973    60-64   0.011219     0.020334     0.015495
   1973    65-69   0.019057     0.037222     0.027609
   1973    70-74   0.035034     0.060842     0.046391
   1973    75-79   0.071806     0.103748     0.084627
   1973    80-84   0.121452     0.166656     0.137170
   1973    85-89   0.194257     0.243444     0.207441
   1973    90-94   0.312698     0.320658     0.314529
   1973    95-99   0.407880     0.330275     0.395497
   1973   100-104  0.818182     0.000000     0.450000
   1973   105-109         .            .            .
   1973   110+            .            .            .
   1974     0      0.010650     0.014594     0.012679
   1974     1-4    0.000886     0.001120     0.001007
   1974     5-9    0.000190     0.000486     0.000341
   1974    10-14   0.000113     0.000263     0.000190
   1974    15-19   0.000417     0.001311     0.000865
   1974    20-24   0.000531     0.001481     0.000996
   1974    25-29   0.000716     0.001342     0.001033
   1974    30-34   0.000969     0.001674     0.001327
   1974    35-39   0.001259     0.002358     0.001816
   1974    40-44   0.001837     0.003501     0.002676
   1974    45-49   0.002535     0.004571     0.003536
   1974    50-54   0.004113     0.006977     0.005364
   1974    55-59   0.007067     0.011483     0.009047
   1974    60-64   0.010711     0.020402     0.015205
   1974    65-69   0.020415     0.034507     0.027033
   1974    70-74   0.036395     0.056035     0.045053
   1974    75-79   0.065217     0.101780     0.079935
   1974    80-84   0.113403     0.159916     0.129614
   1974    85-89   0.178873     0.250078     0.198370
   1974    90-94   0.308091     0.364132     0.320866
   1974    95-99   0.474523     0.590164     0.496126
   1974   100-104  0.214286     0.428571     0.285714
   1974   105-109         .            .            .
   1974   110+            .            .            .
   1975     0      0.008803     0.013131     0.011032
   1975     1-4    0.000802     0.001206     0.001010
   1975     5-9    0.000248     0.000475     0.000364
   1975    10-14   0.000113     0.000496     0.000308
   1975    15-19   0.000252     0.001126     0.000692
   1975    20-24   0.000623     0.001304     0.000956
   1975    25-29   0.000519     0.001177     0.000853
   1975    30-34   0.000787     0.001523     0.001163
   1975    35-39   0.001332     0.002148     0.001747
   1975    40-44   0.001695     0.003393     0.002552
   1975    45-49   0.002937     0.005095     0.004007
   1975    50-54   0.004209     0.007342     0.005603
   1975    55-59   0.005767     0.011326     0.008237
   1975    60-64   0.010066     0.018785     0.014066
   1975    65-69   0.018661     0.033439     0.025584
   1975    70-74   0.031655     0.056990     0.042811
   1975    75-79   0.059994     0.099162     0.075790
   1975    80-84   0.113215     0.155806     0.128056
   1975    85-89   0.188652     0.224937     0.198885
   1975    90-94   0.325118     0.345848     0.329825
   1975    95-99   0.345909     0.257143     0.328029
   1975   100-104  0.545455     0.545455     0.545455
   1975   105-109         .            .            .
   1975   110+            .            .            .
   1976     0      0.008227     0.011343     0.009833
   1976     1-4    0.000907     0.001017     0.000963
   1976     5-9    0.000310     0.000422     0.000367
   1976    10-14   0.000131     0.000205     0.000169
   1976    15-19   0.000354     0.000971     0.000664
   1976    20-24   0.000645     0.001235     0.000934
   1976    25-29   0.000643     0.001076     0.000863
   1976    30-34   0.000917     0.001491     0.001212
   1976    35-39   0.001188     0.001977     0.001590
   1976    40-44   0.001674     0.003505     0.002599
   1976    45-49   0.002117     0.004948     0.003527
   1976    50-54   0.003864     0.006737     0.005182
   1976    55-59   0.005757     0.010403     0.007790
   1976    60-64   0.008932     0.017086     0.012626
   1976    65-69   0.017491     0.030560     0.023581
   1976    70-74   0.031072     0.050708     0.039753
   1976    75-79   0.058206     0.091118     0.071510
   1976    80-84   0.112392     0.146449     0.124361
   1976    85-89   0.194539     0.242612     0.208362
   1976    90-94   0.289902     0.335849     0.299938
   1976    95-99   0.484800     0.515053     0.491316
   1976   100-104  0.157895     0.428571     0.230769
   1976   105-109         .            .            .
   1976   110+            .            .            .
   1977     0      0.009203     0.011019     0.010137
   1977     1-4    0.000732     0.000818     0.000776
   1977     5-9    0.000269     0.000485     0.000380
   1977    10-14   0.000098     0.000250     0.000176
   1977    15-19   0.000281     0.001134     0.000709
   1977    20-24   0.000313     0.001237     0.000768
   1977    25-29   0.000713     0.001124     0.000921
   1977    30-34   0.000794     0.001013     0.000906
   1977    35-39   0.000928     0.001765     0.001356
   1977    40-44   0.001426     0.003266     0.002357
   1977    45-49   0.002156     0.004505     0.003331
   1977    50-54   0.003427     0.006732     0.004987
   1977    55-59   0.005672     0.009055     0.007131
   1977    60-64   0.010045     0.016072     0.012745
   1977    65-69   0.017047     0.029226     0.022668
   1977    70-74   0.033199     0.050377     0.040856
   1977    75-79   0.056335     0.083901     0.067524
   1977    80-84   0.105954     0.135371     0.116449
   1977    85-89   0.180676     0.200654     0.186534
   1977    90-94   0.275487     0.273860     0.275134
   1977    95-99   0.408838     0.492927     0.429815
   1977   100-104  0.470312     1.714286     0.620369
   1977   105-109         .     6.000000     6.000000
   1977   110+            .            .            .
   1978     0      0.008506     0.009647     0.009093
   1978     1-4    0.000630     0.000917     0.000778
   1978     5-9    0.000316     0.000430     0.000374
   1978    10-14   0.000095     0.000168     0.000132
   1978    15-19   0.000325     0.001342     0.000835
   1978    20-24   0.000400     0.001175     0.000784
   1978    25-29   0.000649     0.001058     0.000856
   1978    30-34   0.000915     0.001203     0.001064
   1978    35-39   0.000785     0.001833     0.001322
   1978    40-44   0.001145     0.002816     0.001993
   1978    45-49   0.001998     0.004642     0.003324
   1978    50-54   0.003147     0.007009     0.005008
   1978    55-59   0.005314     0.010374     0.007486
   1978    60-64   0.008920     0.016975     0.012495
   1978    65-69   0.016005     0.030224     0.022500
   1978    70-74   0.032088     0.046944     0.038767
   1978    75-79   0.058423     0.088344     0.070606
   1978    80-84   0.102084     0.137817     0.114958
   1978    85-89   0.177791     0.233105     0.194473
   1978    90-94   0.279984     0.346601     0.294924
   1978    95-99   0.365439     0.293333     0.348013
   1978   100-104  0.783572            .     0.783572
   1978   105-109         .            .            .
   1978   110+            .            .            .
   1979     0      0.007953     0.009952     0.008982
   1979     1-4    0.000474     0.000680     0.000580
   1979     5-9    0.000306     0.000340     0.000324
   1979    10-14   0.000108     0.000134     0.000121
   1979    15-19   0.000279     0.000881     0.000582
   1979    20-24   0.000379     0.001223     0.000797
   1979    25-29   0.000563     0.000933     0.000750
   1979    30-34   0.000757     0.001063     0.000916
   1979    35-39   0.000990     0.001616     0.001311
   1979    40-44   0.001350     0.002449     0.001910
   1979    45-49   0.001971     0.004591     0.003288
   1979    50-54   0.003546     0.006257     0.004870
   1979    55-59   0.004898     0.010218     0.007195
   1979    60-64   0.007890     0.015356     0.011185
   1979    65-69   0.014158     0.026351     0.019664
   1979    70-74   0.028472     0.045559     0.036182
   1979    75-79   0.052372     0.080046     0.063694
   1979    80-84   0.094834     0.125245     0.105917
   1979    85-89   0.163853     0.186842     0.170910
   1979    90-94   0.257247     0.277481     0.261899
   1979    95-99   0.506024     0.422852     0.486638
   1979   100-104  0.782609     0.000000     0.514286
   1979   105-109  0.000000            .     0.000000
   1979   110+            .            .            .
   1980     0      0.007974     0.009247     0.008628
   1980     1-4    0.000815     0.000839     0.000827
   1980     5-9    0.000209     0.000259     0.000235
   1980    10-14   0.000152     0.000262     0.000208
   1980    15-19   0.000274     0.001113     0.000697
   1980    20-24   0.000380     0.001173     0.000771
   1980    25-29   0.000439     0.000856     0.000649
   1980    30-34   0.000676     0.001119     0.000905
   1980    35-39   0.000767     0.001583     0.001187
   1980    40-44   0.001805     0.003106     0.002469
   1980    45-49   0.002427     0.004814     0.003628
   1980    50-54   0.003285     0.005846     0.004547
   1980    55-59   0.004825     0.010118     0.007156
   1980    60-64   0.007927     0.016143     0.011521
   1980    65-69   0.014874     0.025041     0.019417
   1980    70-74   0.028484     0.047382     0.037008
   1980    75-79   0.050380     0.086691     0.065266
   1980    80-84   0.100230     0.133403     0.112436
   1980    85-89   0.166886     0.209657     0.180227
   1980    90-94   0.268034     0.325377     0.281669
   1980    95-99   0.457219     0.574285     0.480738
   1980   100-104  0.428571     0.750000     0.545455
   1980   105-109  0.000000            .     0.000000
   1980   110+            .            .            .
   1981     0      0.008029     0.009196     0.008632
   1981     1-4    0.000596     0.000687     0.000642
   1981     5-9    0.000169     0.000295     0.000234
   1981    10-14   0.000160     0.000194     0.000177
   1981    15-19   0.000343     0.000688     0.000517
   1981    20-24   0.000468     0.001076     0.000768
   1981    25-29   0.000619     0.000977     0.000800
   1981    30-34   0.000466     0.001072     0.000779
   1981    35-39   0.001060     0.001460     0.001267
   1981    40-44   0.001621     0.002595     0.002119
   1981    45-49   0.002069     0.004250     0.003168
   1981    50-54   0.003083     0.006343     0.004697
   1981    55-59   0.004843     0.009027     0.006742
   1981    60-64   0.008365     0.015726     0.011531
   1981    65-69   0.014162     0.025821     0.019310
   1981    70-74   0.027613     0.046519     0.036105
   1981    75-79   0.052508     0.081471     0.064454
   1981    80-84   0.094229     0.134979     0.109260
   1981    85-89   0.165724     0.176951     0.169249
   1981    90-94   0.287872     0.313466     0.294271
   1981    95-99   0.382979     0.252552     0.359053
   1981   100-104  0.285714     0.461538     0.327273
   1981   105-109  0.000000            .     0.000000
   1981   110+            .            .            .
   1982     0      0.006199     0.008639     0.007464
   1982     1-4    0.000672     0.000416     0.000540
   1982     5-9    0.000225     0.000350     0.000289
   1982    10-14   0.000126     0.000199     0.000163
   1982    15-19   0.000239     0.000906     0.000576
   1982    20-24   0.000527     0.001127     0.000825
   1982    25-29   0.000375     0.001019     0.000700
   1982    30-34   0.000725     0.001121     0.000928
   1982    35-39   0.001135     0.001495     0.001321
   1982    40-44   0.001556     0.002416     0.001997
   1982    45-49   0.002177     0.004114     0.003156
   1982    50-54   0.002822     0.006516     0.004656
   1982    55-59   0.004884     0.008874     0.006748
   1982    60-64   0.006949     0.014297     0.010060
   1982    65-69   0.012573     0.024037     0.017579
   1982    70-74   0.024414     0.044697     0.033414
   1982    75-79   0.048842     0.078883     0.061400
   1982    80-84   0.093206     0.128564     0.106285
   1982    85-89   0.154559     0.198121     0.168367
   1982    90-94   0.248872     0.296572     0.261266
   1982    95-99   0.431894     0.430827     0.431693
   1982   100-104  0.260870     3.600000     0.588235
   1982   105-109  0.000000            .     0.000000
   1982   110+            .            .            .
   1983     0      0.006431     0.006682     0.006561
   1983     1-4    0.000554     0.000595     0.000575
   1983     5-9    0.000163     0.000410     0.000290
   1983    10-14   0.000189     0.000205     0.000197
   1983    15-19   0.000338     0.000798     0.000570
   1983    20-24   0.000345     0.001110     0.000727
   1983    25-29   0.000470     0.001017     0.000746
   1983    30-34   0.000714     0.001098     0.000910
   1983    35-39   0.000973     0.001522     0.001258
   1983    40-44   0.001413     0.002668     0.002057
   1983    45-49   0.002534     0.004465     0.003512
   1983    50-54   0.003360     0.006407     0.004879
   1983    55-59   0.004266     0.009529     0.006776
   1983    60-64   0.007279     0.013828     0.010037
   1983    65-69   0.013878     0.024755     0.018581
   1983    70-74   0.023009     0.041325     0.031033
   1983    75-79   0.046759     0.073381     0.058014
   1983    80-84   0.088291     0.125328     0.102039
   1983    85-89   0.150508     0.190592     0.163268
   1983    90-94   0.259317     0.301488     0.270555
   1983    95-99   0.441718     0.423184     0.438053
   1983   100-104  0.626866     0.000000     0.552632
   1983   105-109  1.500000            .     1.500000
   1983   110+            .            .            .
   1984     0      0.004565     0.007422     0.006034
   1984     1-4    0.000404     0.000684     0.000548
   1984     5-9    0.000112     0.000278     0.000197
   1984    10-14   0.000171     0.000199     0.000185
   1984    15-19   0.000297     0.000905     0.000604
   1984    20-24   0.000422     0.000843     0.000632
   1984    25-29   0.000387     0.001023     0.000709
   1984    30-34   0.000529     0.000999     0.000768
   1984    35-39   0.000827     0.001415     0.001132
   1984    40-44   0.001560     0.002841     0.002219
   1984    45-49   0.002189     0.003966     0.003092
   1984    50-54   0.003223     0.006915     0.005066
   1984    55-59   0.004416     0.009367     0.006807
   1984    60-64   0.006599     0.012714     0.009193
   1984    65-69   0.011769     0.021865     0.016108
   1984    70-74   0.024072     0.040087     0.031022
   1984    75-79   0.043697     0.070476     0.055042
   1984    80-84   0.085899     0.117451     0.097658
   1984    85-89   0.142443     0.197218     0.160009
   1984    90-94   0.241762     0.256146     0.245611
   1984    95-99   0.362522     0.283858     0.345428
   1984   100-104  0.631579     0.300000     0.562500
   1984   105-109         .            .            .
   1984   110+            .            .            .
   1985     0      0.005309     0.005569     0.005442
   1985     1-4    0.000267     0.000523     0.000399
   1985     5-9    0.000130     0.000273     0.000204
   1985    10-14   0.000142     0.000244     0.000195
   1985    15-19   0.000192     0.000993     0.000598
   1985    20-24   0.000351     0.001023     0.000687
   1985    25-29   0.000680     0.000804     0.000743
   1985    30-34   0.000501     0.000982     0.000747
   1985    35-39   0.000754     0.001405     0.001091
   1985    40-44   0.001435     0.002731     0.002103
   1985    45-49   0.002285     0.003861     0.003088
   1985    50-54   0.002979     0.007049     0.005012
   1985    55-59   0.004546     0.009560     0.006987
   1985    60-64   0.006442     0.013882     0.009662
   1985    65-69   0.011963     0.021714     0.016117
   1985    70-74   0.020636     0.039001     0.028525
   1985    75-79   0.043143     0.067610     0.053513
   1985    80-84   0.083210     0.121558     0.097540
   1985    85-89   0.143396     0.181505     0.155725
   1985    90-94   0.235297     0.273712     0.245674
   1985    95-99   0.424821     0.284204     0.390804
   1985   100-104  0.441176     0.571429     0.471910
   1985   105-109         .            .            .
   1985   110+            .            .            .
   1986     0      0.005585     0.005099     0.005337
   1986     1-4    0.000394     0.000827     0.000616
   1986     5-9    0.000208     0.000211     0.000210
   1986    10-14   0.000142     0.000196     0.000170
   1986    15-19   0.000272     0.000743     0.000512
   1986    20-24   0.000321     0.001024     0.000672
   1986    25-29   0.000459     0.000660     0.000561
   1986    30-34   0.000595     0.000872     0.000737
   1986    35-39   0.000883     0.001474     0.001189
   1986    40-44   0.000974     0.002543     0.001785
   1986    45-49   0.001837     0.003747     0.002813
   1986    50-54   0.003232     0.006100     0.004668
   1986    55-59   0.003829     0.008767     0.006245
   1986    60-64   0.006775     0.012549     0.009352
   1986    65-69   0.011603     0.023629     0.016647
   1986    70-74   0.021325     0.037378     0.028127
   1986    75-79   0.039357     0.064683     0.050069
   1986    80-84   0.082233     0.112472     0.093655
   1986    85-89   0.139824     0.179331     0.152661
   1986    90-94   0.240511     0.302692     0.257478
   1986    95-99   0.366716     0.438567     0.384245
   1986   100-104  0.736842     0.300000     0.623377
   1986   105-109         .            .            .
   1986   110+            .            .            .
   1987     0      0.005344     0.004743     0.005036
   1987     1-4    0.000336     0.000400     0.000369
   1987     5-9    0.000184     0.000245     0.000215
   1987    10-14   0.000131     0.000186     0.000159
   1987    15-19   0.000307     0.000915     0.000617
   1987    20-24   0.000390     0.000899     0.000646
   1987    25-29   0.000294     0.000787     0.000545
   1987    30-34   0.000590     0.000821     0.000708
   1987    35-39   0.000855     0.001397     0.001134
   1987    40-44   0.001127     0.002257     0.001713
   1987    45-49   0.002066     0.003671     0.002889
   1987    50-54   0.002685     0.005902     0.004300
   1987    55-59   0.004011     0.008697     0.006313
   1987    60-64   0.006046     0.013357     0.009405
   1987    65-69   0.009227     0.021243     0.014185
   1987    70-74   0.019477     0.035575     0.026232
   1987    75-79   0.036615     0.061037     0.046831
   1987    80-84   0.073090     0.104818     0.085276
   1987    85-89   0.121318     0.170144     0.137217
   1987    90-94   0.215096     0.268429     0.229745
   1987    95-99   0.379987     0.422379     0.389698
   1987   100-104  0.843750     0.666667     0.804878
   1987   105-109  6.000000            .     6.000000
   1987   110+            .            .            .
   1988     0      0.004666     0.007182     0.005950
   1988     1-4    0.000257     0.000676     0.000471
   1988     5-9    0.000281     0.000207     0.000243
   1988    10-14   0.000134     0.000203     0.000169
   1988    15-19   0.000287     0.000867     0.000583
   1988    20-24   0.000411     0.000961     0.000689
   1988    25-29   0.000578     0.000676     0.000628
   1988    30-34   0.000567     0.000748     0.000660
   1988    35-39   0.000774     0.001430     0.001111
   1988    40-44   0.001455     0.002147     0.001814
   1988    45-49   0.002150     0.003408     0.002798
   1988    50-54   0.002773     0.006731     0.004766
   1988    55-59   0.004034     0.008901     0.006434
   1988    60-64   0.005934     0.012905     0.009206
   1988    65-69   0.010196     0.019868     0.014166
   1988    70-74   0.020022     0.035974     0.026664
   1988    75-79   0.036926     0.066207     0.049012
   1988    80-84   0.073490     0.108115     0.086928
   1988    85-89   0.136848     0.183809     0.152168
   1988    90-94   0.224084     0.243145     0.229332
   1988    95-99   0.352772     0.493348     0.384523
   1988   100-104  0.739726     0.000000     0.635294
   1988   105-109         .     0.000000     0.000000
   1988   110+            .            .            .
   1989     0      0.003902     0.004380     0.004147
   1989     1-4    0.000374     0.000674     0.000527
   1989     5-9    0.000207     0.000285     0.000247
   1989    10-14   0.000124     0.000248     0.000188
   1989    15-19   0.000322     0.000814     0.000574
   1989    20-24   0.000365     0.000797     0.000584
   1989    25-29   0.000391     0.000952     0.000678
   1989    30-34   0.000721     0.000989     0.000858
   1989    35-39   0.000748     0.001672     0.001222
   1989    40-44   0.001062     0.002023     0.001562
   1989    45-49   0.001707     0.003318     0.002538
   1989    50-54   0.002918     0.005780     0.004366
   1989    55-59   0.004063     0.009208     0.006602
   1989    60-64   0.005532     0.013226     0.009193
   1989    65-69   0.010219     0.019491     0.014058
   1989    70-74   0.017593     0.033596     0.024215
   1989    75-79   0.034225     0.061945     0.045540
   1989    80-84   0.067250     0.102167     0.080851
   1989    85-89   0.125739     0.167679     0.139508
   1989    90-94   0.206255     0.238152     0.215191
   1989    95-99   0.415719     0.428006     0.418482
   1989   100-104  0.814815     0.413793     0.709091
   1989   105-109         .     0.000000     0.000000
   1989   110+            .            .            .
   1990     0      0.005058     0.006074     0.005584
   1990     1-4    0.000478     0.000522     0.000500
   1990     5-9    0.000113     0.000229     0.000173
   1990    10-14   0.000100     0.000108     0.000104
   1990    15-19   0.000340     0.000813     0.000582
   1990    20-24   0.000485     0.000912     0.000702
   1990    25-29   0.000389     0.000704     0.000551
   1990    30-34   0.000499     0.000985     0.000748
   1990    35-39   0.000997     0.001179     0.001090
   1990    40-44   0.001370     0.001889     0.001640
   1990    45-49   0.001986     0.003408     0.002723
   1990    50-54   0.002542     0.005638     0.004115
   1990    55-59   0.003933     0.009447     0.006656
   1990    60-64   0.005469     0.013590     0.009364
   1990    65-69   0.010512     0.020067     0.014556
   1990    70-74   0.019986     0.035997     0.026552
   1990    75-79   0.034952     0.060935     0.045457
   1990    80-84   0.071653     0.108099     0.085866
   1990    85-89   0.131705     0.179988     0.147592
   1990    90-94   0.214919     0.264801     0.229026
   1990    95-99   0.351317     0.356392     0.352467
   1990   100-104  0.297030     1.058824     0.488889
   1990   105-109         .     0.000000     0.000000
   1990   110+            .            .            .
   1991     0      0.004077     0.004748     0.004422
   1991     1-4    0.000519     0.000652     0.000587
   1991     5-9    0.000115     0.000202     0.000159
   1991    10-14   0.000073     0.000153     0.000114
   1991    15-19   0.000256     0.000918     0.000596
   1991    20-24   0.000450     0.000970     0.000714
   1991    25-29   0.000304     0.000858     0.000589
   1991    30-34   0.000446     0.000916     0.000687
   1991    35-39   0.000860     0.001136     0.001002
   1991    40-44   0.001061     0.002123     0.001612
   1991    45-49   0.001663     0.003569     0.002652
   1991    50-54   0.003053     0.005830     0.004469
   1991    55-59   0.003957     0.008906     0.006407
   1991    60-64   0.005579     0.012994     0.009152
   1991    65-69   0.010287     0.020042     0.014549
   1991    70-74   0.017686     0.035025     0.024676
   1991    75-79   0.030618     0.061964     0.043126
   1991    80-84   0.067682     0.104640     0.081959
   1991    85-89   0.128693     0.160889     0.139421
   1991    90-94   0.202220     0.254289     0.216742
   1991    95-99   0.321881     0.287932     0.313657
   1991   100-104  0.631579     0.375000     0.581818
   1991   105-109         .     0.857143     0.857143
   1991   110+            .            .            .
   1992     0      0.005227     0.006960     0.006115
   1992     1-4    0.000367     0.000697     0.000536
   1992     5-9    0.000066     0.000285     0.000178
   1992    10-14   0.000075     0.000257     0.000169
   1992    15-19   0.000331     0.000847     0.000596
   1992    20-24   0.000333     0.000946     0.000646
   1992    25-29   0.000338     0.000821     0.000587
   1992    30-34   0.000420     0.000929     0.000681
   1992    35-39   0.000680     0.001128     0.000910
   1992    40-44   0.001205     0.001910     0.001570
   1992    45-49   0.001592     0.003232     0.002445
   1992    50-54   0.002833     0.005179     0.004035
   1992    55-59   0.003698     0.009292     0.006474
   1992    60-64   0.005805     0.013800     0.009672
   1992    65-69   0.009950     0.020905     0.014873
   1992    70-74   0.017499     0.034505     0.024248
   1992    75-79   0.033668     0.062228     0.044913
   1992    80-84   0.064426     0.105520     0.080061
   1992    85-89   0.127797     0.168937     0.141798
   1992    90-94   0.207951     0.260342     0.222434
   1992    95-99   0.262744     0.327590     0.279114
   1992   100-104  0.357143     0.648649     0.409756
   1992   105-109         .     0.000000     0.000000
   1992   110+            .            .            .
   1993     0      0.004823     0.006109     0.005483
   1993     1-4    0.000327     0.000430     0.000379
   1993     5-9    0.000170     0.000261     0.000216
   1993    10-14   0.000108     0.000218     0.000165
   1993    15-19   0.000243     0.000800     0.000529
   1993    20-24   0.000243     0.000836     0.000548
   1993    25-29   0.000277     0.000737     0.000513
   1993    30-34   0.000629     0.001003     0.000821
   1993    35-39   0.000796     0.001288     0.001049
   1993    40-44   0.001030     0.001917     0.001487
   1993    45-49   0.001902     0.002896     0.002419
   1993    50-54   0.002905     0.005020     0.003991
   1993    55-59   0.004171     0.009397     0.006774
   1993    60-64   0.005733     0.014771     0.010115
   1993    65-69   0.009896     0.022934     0.015873
   1993    70-74   0.016611     0.034868     0.023823
   1993    75-79   0.032496     0.059784     0.043141
   1993    80-84   0.063845     0.102270     0.078298
   1993    85-89   0.117224     0.166428     0.134062
   1993    90-94   0.207920     0.245148     0.218440
   1993    95-99   0.350233     0.422693     0.366936
   1993   100-104  0.586047     0.612245     0.590909
   1993   105-109         .     3.000000     3.000000
   1993   110+            .            .            .
   1994     0      0.004624     0.004791     0.004710
   1994     1-4    0.000284     0.000514     0.000402
   1994     5-9    0.000157     0.000151     0.000154
   1994    10-14   0.000063     0.000193     0.000129
   1994    15-19   0.000208     0.000884     0.000555
   1994    20-24   0.000266     0.001003     0.000646
   1994    25-29   0.000304     0.000911     0.000616
   1994    30-34   0.000327     0.001027     0.000687
   1994    35-39   0.000644     0.001068     0.000862
   1994    40-44   0.001131     0.001742     0.001445
   1994    45-49   0.001452     0.003008     0.002262
   1994    50-54   0.002707     0.004918     0.003845
   1994    55-59   0.003807     0.008255     0.006034
   1994    60-64   0.005373     0.013604     0.009364
   1994    65-69   0.009841     0.021265     0.015142
   1994    70-74   0.016512     0.031587     0.022520
   1994    75-79   0.030571     0.057266     0.040934
   1994    80-84   0.062707     0.097212     0.075539
   1994    85-89   0.113124     0.157256     0.128144
   1994    90-94   0.192544     0.239095     0.205827
   1994    95-99   0.279058     0.354087     0.295840
   1994   100-104  0.543396     0.600000     0.555224
   1994   105-109  6.000000            .     6.000000
   1994   110+            .            .            .
   1995     0      0.004314     0.005739     0.005045
   1995     1-4    0.000367     0.000549     0.000460
   1995     5-9    0.000127     0.000277     0.000203
   1995    10-14   0.000064     0.000136     0.000101
   1995    15-19   0.000196     0.000771     0.000491
   1995    20-24   0.000369     0.000775     0.000579
   1995    25-29   0.000365     0.000873     0.000627
   1995    30-34   0.000480     0.001137     0.000818
   1995    35-39   0.000613     0.001094     0.000860
   1995    40-44   0.000868     0.001789     0.001342
   1995    45-49   0.001543     0.002848     0.002222
   1995    50-54   0.001892     0.005138     0.003565
   1995    55-59   0.003516     0.007808     0.005675
   1995    60-64   0.005777     0.012874     0.009223
   1995    65-69   0.008459     0.021644     0.014618
   1995    70-74   0.015609     0.033474     0.022886
   1995    75-79   0.029850     0.054421     0.039312
   1995    80-84   0.057382     0.099540     0.072846
   1995    85-89   0.106883     0.169234     0.127974
   1995    90-94   0.203054     0.265658     0.220663
   1995    95-99   0.297192     0.355774     0.310408
   1995   100-104  0.519231     0.433735     0.501266
   1995   105-109         .            .            .
   1995   110+            .            .            .
   1996     0      0.003858     0.005365     0.004629
   1996     1-4    0.000397     0.000581     0.000491
   1996     5-9    0.000188     0.000125     0.000156
   1996    10-14   0.000097     0.000139     0.000118
   1996    15-19   0.000200     0.000627     0.000419
   1996    20-24   0.000342     0.000936     0.000649
   1996    25-29   0.000301     0.000652     0.000483
   1996    30-34   0.000485     0.001048     0.000775
   1996    35-39   0.000743     0.001173     0.000964
   1996    40-44   0.000878     0.001811     0.001359
   1996    45-49   0.001540     0.002718     0.002151
   1996    50-54   0.002514     0.004842     0.003716
   1996    55-59   0.003626     0.007979     0.005824
   1996    60-64   0.005273     0.013810     0.009429
   1996    65-69   0.008709     0.020368     0.014177
   1996    70-74   0.013991     0.032965     0.021954
   1996    75-79   0.029120     0.053307     0.038285
   1996    80-84   0.053212     0.090245     0.066654
   1996    85-89   0.095768     0.151372     0.114207
   1996    90-94   0.189193     0.228941     0.200553
   1996    95-99   0.326003     0.387316     0.339790
   1996   100-104  0.397878     0.574468     0.433121
   1996   105-109         .     0.000000     0.000000
   1996   110+            .            .            .
   1997     0      0.002600     0.004784     0.003715
   1997     1-4    0.000563     0.000307     0.000432
   1997     5-9    0.000116     0.000240     0.000180
   1997    10-14   0.000082     0.000094     0.000088
   1997    15-19   0.000224     0.000621     0.000428
   1997    20-24   0.000331     0.000889     0.000619
   1997    25-29   0.000368     0.000542     0.000458
   1997    30-34   0.000361     0.000680     0.000526
   1997    35-39   0.000494     0.001033     0.000771
   1997    40-44   0.001088     0.002136     0.001627
   1997    45-49   0.001727     0.003063     0.002418
   1997    50-54   0.002339     0.005395     0.003920
   1997    55-59   0.003391     0.007467     0.005458
   1997    60-64   0.005336     0.012651     0.008907
   1997    65-69   0.008880     0.020759     0.014473
   1997    70-74   0.013570     0.032396     0.021686
   1997    75-79   0.027178     0.054607     0.037407
   1997    80-84   0.052447     0.090635     0.066169
   1997    85-89   0.102979     0.152798     0.119179
   1997    90-94   0.179333     0.242739     0.197633
   1997    95-99   0.295680     0.333363     0.304203
   1997   100-104  0.331288     0.336449     0.332215
   1997   105-109  0.000000     1.500000     0.857143
   1997   110+            .            .            .
   1998     0      0.004062     0.003768     0.003911
   1998     1-4    0.000403     0.000513     0.000459
   1998     5-9    0.000180     0.000190     0.000185
   1998    10-14   0.000084     0.000226     0.000157
   1998    15-19   0.000282     0.000599     0.000444
   1998    20-24   0.000215     0.000950     0.000594
   1998    25-29   0.000433     0.000719     0.000582
   1998    30-34   0.000420     0.000744     0.000587
   1998    35-39   0.000566     0.001394     0.000992
   1998    40-44   0.001190     0.001625     0.001414
   1998    45-49   0.001442     0.003317     0.002409
   1998    50-54   0.002398     0.004986     0.003739
   1998    55-59   0.003530     0.008097     0.005851
   1998    60-64   0.005205     0.013345     0.009194
   1998    65-69   0.008081     0.020168     0.013789
   1998    70-74   0.014111     0.030512     0.021327
   1998    75-79   0.025910     0.052568     0.035804
   1998    80-84   0.048425     0.091430     0.063671
   1998    85-89   0.098937     0.146115     0.114233
   1998    90-94   0.163557     0.225006     0.181116
   1998    95-99   0.299597     0.312527     0.302617
   1998   100-104  0.372671     0.642857     0.412698
   1998   105-109  0.000000            .     0.000000
   1998   110+            .            .            .
   1999     0      0.004556     0.004378     0.004464
   1999     1-4    0.000216     0.000464     0.000343
   1999     5-9    0.000082     0.000195     0.000140
   1999    10-14   0.000104     0.000199     0.000153
   1999    15-19   0.000220     0.000547     0.000388
   1999    20-24   0.000350     0.000898     0.000632
   1999    25-29   0.000628     0.000752     0.000693
   1999    30-34   0.000526     0.000912     0.000725
   1999    35-39   0.000677     0.001429     0.001064
   1999    40-44   0.000974     0.001877     0.001439
   1999    45-49   0.001549     0.002947     0.002269
   1999    50-54   0.002580     0.004649     0.003652
   1999    55-59   0.003584     0.008055     0.005860
   1999    60-64   0.004753     0.011763     0.008205
   1999    65-69   0.008291     0.019784     0.013723
   1999    70-74   0.013621     0.032180     0.021889
   1999    75-79   0.024996     0.052186     0.035176
   1999    80-84   0.050955     0.091639     0.065325
   1999    85-89   0.097365     0.140454     0.111231
   1999    90-94   0.183036     0.232448     0.196918
   1999    95-99   0.292515     0.350051     0.305995
   1999   100-104  0.410959     0.521739     0.427461
   1999   105-109  1.090909            .     1.090909
   1999   110+            .            .            .
   2000     0      0.004271     0.003782     0.004018
   2000     1-4    0.000245     0.000780     0.000519
   2000     5-9    0.000083     0.000238     0.000162
   2000    10-14   0.000018     0.000155     0.000088
   2000    15-19   0.000221     0.000598     0.000414
   2000    20-24   0.000367     0.000790     0.000584
   2000    25-29   0.000346     0.000606     0.000482
   2000    30-34   0.000325     0.001031     0.000690
   2000    35-39   0.000657     0.001148     0.000910
   2000    40-44   0.001159     0.001519     0.001344
   2000    45-49   0.001347     0.003129     0.002264
   2000    50-54   0.002331     0.004424     0.003414
   2000    55-59   0.003503     0.007420     0.005501
   2000    60-64   0.005645     0.012294     0.008933
   2000    65-69   0.007621     0.020048     0.013509
   2000    70-74   0.013462     0.029094     0.020479
   2000    75-79   0.023364     0.047862     0.032732
   2000    80-84   0.048604     0.088184     0.062425
   2000    85-89   0.086842     0.141947     0.104332
   2000    90-94   0.162012     0.221687     0.178605
   2000    95-99   0.258999     0.288723     0.265900
   2000   100-104  0.322870     0.389610     0.335358
   2000   105-109  1.043478     0.000000     0.827586
   2000   110+            .            .            .
   2001     0      0.002522     0.004081     0.003320
   2001     1-4    0.000247     0.000366     0.000308
   2001     5-9    0.000084     0.000241     0.000164
   2001    10-14   0.000169     0.000071     0.000119
   2001    15-19   0.000188     0.000585     0.000392
   2001    20-24   0.000175     0.000743     0.000467
   2001    25-29   0.000434     0.000846     0.000650
   2001    30-34   0.000482     0.000939     0.000720
   2001    35-39   0.000682     0.001368     0.001036
   2001    40-44   0.000967     0.001683     0.001335
   2001    45-49   0.001339     0.003197     0.002295
   2001    50-54   0.002419     0.004483     0.003485
   2001    55-59   0.003025     0.007747     0.005438
   2001    60-64   0.004818     0.010810     0.007796
   2001    65-69   0.007699     0.018060     0.012626
   2001    70-74   0.012928     0.028468     0.019947
   2001    75-79   0.022778     0.046877     0.032284
   2001    80-84   0.045730     0.081833     0.058040
   2001    85-89   0.085504     0.135091     0.101050
   2001    90-94   0.153118     0.215204     0.170092
   2001    95-99   0.286181     0.369655     0.305584
   2001   100-104  0.434670     0.426266     0.432963
   2001   105-109  1.161290     0.000000     0.837209
   2001   110+            .            .            .
   2002     0      0.002404     0.004013     0.003222
   2002     1-4    0.000358     0.000235     0.000295
   2002     5-9    0.000127     0.000264     0.000197
   2002    10-14   0.000116     0.000203     0.000160
   2002    15-19   0.000210     0.000533     0.000376
   2002    20-24   0.000429     0.000672     0.000554
   2002    25-29   0.000267     0.000823     0.000558
   2002    30-34   0.000271     0.000833     0.000564
   2002    35-39   0.000426     0.001072     0.000759
   2002    40-44   0.001034     0.001484     0.001265
   2002    45-49   0.001381     0.002720     0.002070
   2002    50-54   0.002383     0.004436     0.003440
   2002    55-59   0.002850     0.007264     0.005110
   2002    60-64   0.004610     0.010577     0.007591
   2002    65-69   0.007422     0.017818     0.012387
   2002    70-74   0.011894     0.028268     0.019328
   2002    75-79   0.022158     0.046154     0.031898
   2002    80-84   0.042728     0.083556     0.056370
   2002    85-89   0.089598     0.141019     0.105492
   2002    90-94   0.159664     0.200107     0.170538
   2002    95-99   0.259508     0.340719     0.278358
   2002   100-104  0.527777     0.591946     0.540884
   2002   105-109  0.333333     0.000000     0.235294
   2002   110+            .            .            .
   2003     0      0.004054     0.003027     0.003529
   2003     1-4    0.000275     0.000392     0.000335
   2003     5-9    0.000086     0.000082     0.000084
   2003    10-14   0.000120     0.000114     0.000117
   2003    15-19   0.000273     0.000468     0.000373
   2003    20-24   0.000309     0.000779     0.000553
   2003    25-29   0.000350     0.000795     0.000583
   2003    30-34   0.000486     0.000997     0.000753
   2003    35-39   0.000766     0.001046     0.000911
   2003    40-44   0.000882     0.001923     0.001417
   2003    45-49   0.001598     0.002722     0.002177
   2003    50-54   0.002260     0.004760     0.003544
   2003    55-59   0.003389     0.007061     0.005274
   2003    60-64   0.004761     0.011219     0.007996
   2003    65-69   0.007929     0.018535     0.013020
   2003    70-74   0.012021     0.027931     0.019268
   2003    75-79   0.020936     0.048833     0.032505
   2003    80-84   0.044958     0.084224     0.057981
   2003    85-89   0.083333     0.139624     0.100458
   2003    90-94   0.153359     0.226264     0.172910
   2003    95-99   0.265305     0.347825     0.284264
   2003   100-104  0.357827     0.349913     0.356216
   2003   105-109  0.190476     0.800000     0.307692
   2003   110+            .            .            .
   2004     0      0.003785     0.003386     0.003580
   2004     1-4    0.000193     0.000527     0.000364
   2004     5-9    0.000086     0.000062     0.000074
   2004    10-14   0.000143     0.000058     0.000100
   2004    15-19   0.000188     0.000591     0.000394
   2004    20-24   0.000427     0.000620     0.000527
   2004    25-29   0.000333     0.000794     0.000574
   2004    30-34   0.000288     0.000628     0.000467
   2004    35-39   0.000572     0.001085     0.000837
   2004    40-44   0.000862     0.001643     0.001265
   2004    45-49   0.001361     0.002837     0.002121
   2004    50-54   0.002258     0.004371     0.003341
   2004    55-59   0.002881     0.006830     0.004910
   2004    60-64   0.004570     0.010870     0.007731
   2004    65-69   0.006283     0.017004     0.011462
   2004    70-74   0.010985     0.028511     0.018977
   2004    75-79   0.021618     0.046802     0.032204
   2004    80-84   0.041864     0.079780     0.054573
   2004    85-89   0.083265     0.135464     0.099033
   2004    90-94   0.149474     0.220328     0.168139
   2004    95-99   0.217759     0.324238     0.241251
   2004   100-104  0.292058     0.559696     0.340535
   2004   105-109  0.700000     0.375000     0.631579
   2004   110+            .            .            .
   2005     0      0.002497     0.004124     0.003337
   2005     1-4    0.000334     0.000267     0.000300
   2005     5-9    0.000109     0.000103     0.000106
   2005    10-14   0.000042     0.000059     0.000051
   2005    15-19   0.000135     0.000403     0.000272
   2005    20-24   0.000307     0.000876     0.000602
   2005    25-29   0.000313     0.000850     0.000595
   2005    30-34   0.000426     0.000890     0.000670
   2005    35-39   0.000565     0.001144     0.000865
   2005    40-44   0.000945     0.001761     0.001366
   2005    45-49   0.001416     0.002760     0.002107
   2005    50-54   0.002446     0.003871     0.003176
   2005    55-59   0.003150     0.006998     0.005126
   2005    60-64   0.004835     0.011084     0.007976
   2005    65-69   0.007440     0.017201     0.012181
   2005    70-74   0.012539     0.028293     0.019747
   2005    75-79   0.022177     0.047938     0.033102
   2005    80-84   0.040676     0.079605     0.054051
   2005    85-89   0.086611     0.147141     0.104678
   2005    90-94   0.165530     0.237415     0.183910
   2005    95-99   0.247241     0.326462     0.264342
   2005   100-104  0.405317     0.693751     0.448236
   2005   105-109  0.085714     1.636364     0.296296
   2005   110+            .            .            .
   2006     0      0.003241     0.003266     0.003254
   2006     1-4    0.000285     0.000326     0.000306
   2006     5-9    0.000065     0.000103     0.000085
   2006    10-14   0.000085     0.000121     0.000103
   2006    15-19   0.000178     0.000527     0.000357
   2006    20-24   0.000353     0.000732     0.000549
   2006    25-29   0.000444     0.000940     0.000705
   2006    30-34   0.000328     0.000582     0.000461
   2006    35-39   0.000558     0.001231     0.000908
   2006    40-44   0.001027     0.001700     0.001375
   2006    45-49   0.001420     0.002473     0.001960
   2006    50-54   0.002351     0.004777     0.003595
   2006    55-59   0.003353     0.006982     0.005213
   2006    60-64   0.004001     0.011586     0.007819
   2006    65-69   0.006686     0.015992     0.011229
   2006    70-74   0.011695     0.029163     0.019718
   2006    75-79   0.021258     0.046660     0.032087
   2006    80-84   0.037653     0.077266     0.051744
   2006    85-89   0.080741     0.129920     0.095042
   2006    90-94   0.146682     0.216958     0.164224
   2006    95-99   0.262175     0.322705     0.274835
   2006   100-104  0.489152     0.480000     0.487814
   2006   105-109  0.593407     0.857143     0.612245
   2006   110+     0.000000            .     0.000000
   2007     0      0.003085     0.002696     0.002885
   2007     1-4    0.000175     0.000248     0.000213
   2007     5-9    0.000110     0.000083     0.000096
   2007    10-14   0.000021     0.000122     0.000073
   2007    15-19   0.000227     0.000275     0.000252
   2007    20-24   0.000356     0.000997     0.000687
   2007    25-29   0.000424     0.000891     0.000670
   2007    30-34   0.000436     0.000935     0.000698
   2007    35-39   0.000615     0.001112     0.000875
   2007    40-44   0.000938     0.001861     0.001416
   2007    45-49   0.001481     0.002893     0.002206
   2007    50-54   0.001954     0.004017     0.003013
   2007    55-59   0.002946     0.006631     0.004830
   2007    60-64   0.004151     0.010119     0.007162
   2007    65-69   0.007084     0.016585     0.011741
   2007    70-74   0.011945     0.026754     0.018772
   2007    75-79   0.020626     0.044072     0.030664
   2007    80-84   0.039012     0.074509     0.052070
   2007    85-89   0.078145     0.129180     0.092685
   2007    90-94   0.149975     0.220763     0.167325
   2007    95-99   0.260563     0.299679     0.268573
   2007   100-104  0.395847     0.289131     0.377131
   2007   105-109  0.423529     0.000000     0.395604
   2007   110+     1.200000            .     1.200000
   2008     0      0.004476     0.002597     0.003504
   2008     1-4    0.000178     0.000391     0.000287
   2008     5-9    0.000088     0.000168     0.000129
   2008    10-14   0.000021     0.000082     0.000052
   2008    15-19   0.000280     0.000288     0.000284
   2008    20-24   0.000261     0.000900     0.000592
   2008    25-29   0.000381     0.000605     0.000499
   2008    30-34   0.000391     0.000789     0.000600
   2008    35-39   0.000746     0.001183     0.000975
   2008    40-44   0.000801     0.001492     0.001159
   2008    45-49   0.001318     0.002540     0.001947
   2008    50-54   0.002164     0.004224     0.003221
   2008    55-59   0.002879     0.006609     0.004781
   2008    60-64   0.004252     0.009610     0.006965
   2008    65-69   0.006235     0.015378     0.010726
   2008    70-74   0.011734     0.026178     0.018435
   2008    75-79   0.019791     0.043808     0.030092
   2008    80-84   0.037033     0.075345     0.051516
   2008    85-89   0.077350     0.123079     0.090320
   2008    90-94   0.148710     0.221995     0.166402
   2008    95-99   0.254314     0.305078     0.264828
   2008   100-104  0.394956     0.497500     0.412392
   2008   105-109  0.521739     0.600000     0.529412
   2008   110+     1.200000            .     1.200000
   2009     0      0.002568     0.002512     0.002539
   2009     1-4    0.000270     0.000311     0.000291
   2009     5-9    0.000089     0.000085     0.000087
   2009    10-14   0.000130     0.000144     0.000137
   2009    15-19   0.000221     0.000274     0.000248
   2009    20-24   0.000291     0.000679     0.000492
   2009    25-29   0.000464     0.000799     0.000641
   2009    30-34   0.000530     0.000819     0.000681
   2009    35-39   0.000602     0.001155     0.000893
   2009    40-44   0.000949     0.001929     0.001457
   2009    45-49   0.001427     0.002599     0.002033
   2009    50-54   0.001969     0.004082     0.003053
   2009    55-59   0.003045     0.006289     0.004697
   2009    60-64   0.004327     0.009528     0.006965
   2009    65-69   0.005837     0.014662     0.010178
   2009    70-74   0.011049     0.024547     0.017361
   2009    75-79   0.019721     0.044087     0.030172
   2009    80-84   0.036930     0.075772     0.051835
   2009    85-89   0.074699     0.124215     0.088972
   2009    90-94   0.146888     0.209892     0.162113
   2009    95-99   0.237543     0.324686     0.255467
   2009   100-104  0.400494     0.457144     0.409517
   2009   105-109  0.514286     1.714286     0.589286
   2009   110+     0.000000            .     0.000000
   2010     0      0.001751     0.002372     0.002070
   2010     1-4    0.000152     0.000086     0.000118
   2010     5-9    0.000068     0.000108     0.000088
   2010    10-14   0.000066     0.000083     0.000075
   2010    15-19   0.000221     0.000400     0.000313
   2010    20-24   0.000110     0.000719     0.000424
   2010    25-29   0.000266     0.000611     0.000448
   2010    30-34   0.000437     0.000730     0.000591
   2010    35-39   0.000807     0.000985     0.000901
   2010    40-44   0.000841     0.001669     0.001272
   2010    45-49   0.001458     0.002743     0.002124
   2010    50-54   0.001979     0.004015     0.003023
   2010    55-59   0.002923     0.006612     0.004801
   2010    60-64   0.004432     0.009323     0.006912
   2010    65-69   0.006929     0.015295     0.011054
   2010    70-74   0.011100     0.023892     0.017126
   2010    75-79   0.019112     0.044644     0.030101
   2010    80-84   0.037836     0.078357     0.053514
   2010    85-89   0.075176     0.126904     0.090518
   2010    90-94   0.151956     0.213926     0.166818
   2010    95-99   0.259765     0.322871     0.272368
   2010   100-104  0.395258     0.423450     0.399966
   2010   105-109  0.333333     0.857143     0.357616
   2010   110+     1.200000            .     1.200000
   2011     0      0.002193     0.002544     0.002374
   2011     1-4    0.000340     0.000348     0.000344
   2011     5-9    0.000161     0.000175     0.000168
   2011    10-14   0.000022     0.000208     0.000118
   2011    15-19   0.000136     0.000275     0.000207
   2011    20-24   0.000320     0.000664     0.000497
   2011    25-29   0.000425     0.000501     0.000466
   2011    30-34   0.000418     0.000938     0.000692
   2011    35-39   0.000640     0.001065     0.000863
   2011    40-44   0.001011     0.001513     0.001274
   2011    45-49   0.001206     0.002281     0.001763
   2011    50-54   0.001773     0.003899     0.002862
   2011    55-59   0.002642     0.006658     0.004688
   2011    60-64   0.004225     0.009537     0.006915
   2011    65-69   0.006850     0.015314     0.011031
   2011    70-74   0.010077     0.025033     0.017170
   2011    75-79   0.019485     0.042641     0.029522
   2011    80-84   0.038685     0.078925     0.054324
   2011    85-89   0.076251     0.130154     0.092820
   2011    90-94   0.154238     0.226737     0.171177
   2011    95-99   0.265943     0.349085     0.281796
   2011   100-104  0.418817     0.473243     0.427844
   2011   105-109  0.569620     0.000000     0.520231
   2011   110+     4.000000            .     4.000000
   2012     0      0.002086     0.002697     0.002401
   2012     1-4    0.000313     0.000441     0.000379
   2012     5-9    0.000094     0.000067     0.000080
   2012    10-14   0.000066     0.000146     0.000107
   2012    15-19   0.000157     0.000473     0.000319
   2012    20-24   0.000279     0.000521     0.000404
   2012    25-29   0.000375     0.000672     0.000532
   2012    30-34   0.000380     0.000730     0.000565
   2012    35-39   0.000608     0.000944     0.000785
   2012    40-44   0.000826     0.001572     0.001217
   2012    45-49   0.001337     0.002922     0.002159
   2012    50-54   0.001941     0.003765     0.002876
   2012    55-59   0.002610     0.006784     0.004735
   2012    60-64   0.004031     0.009807     0.006950
   2012    65-69   0.006487     0.015519     0.010964
   2012    70-74   0.010518     0.022539     0.016257
   2012    75-79   0.019128     0.043165     0.029631
   2012    80-84   0.039046     0.074082     0.052714
   2012    85-89   0.077471     0.126292     0.092960
   2012    90-94   0.149760     0.220029     0.165892
   2012    95-99   0.261284     0.357670     0.278762
   2012   100-104  0.444445     0.418172     0.440004
   2012   105-109  0.644295     1.263158     0.714286
   2012   110+            .            .            .
   2013     0      0.002093     0.001620     0.001851
   2013     1-4    0.000095     0.000210     0.000154
   2013     5-9    0.000024     0.000068     0.000046
   2013    10-14   0.000133     0.000168     0.000151
   2013    15-19   0.000114     0.000350     0.000235
   2013    20-24   0.000354     0.000657     0.000512
   2013    25-29   0.000507     0.000691     0.000604
   2013    30-34   0.000426     0.000780     0.000613
   2013    35-39   0.000493     0.001082     0.000802
   2013    40-44   0.000981     0.001303     0.001150
   2013    45-49   0.001259     0.002586     0.001947
   2013    50-54   0.001905     0.003918     0.002939
   2013    55-59   0.002504     0.005088     0.003819
   2013    60-64   0.004021     0.008964     0.006512
   2013    65-69   0.006011     0.014403     0.010190
   2013    70-74   0.009968     0.022170     0.015815
   2013    75-79   0.019221     0.040483     0.028608
   2013    80-84   0.037393     0.072045     0.050961
   2013    85-89   0.076315     0.125038     0.092227
   2013    90-94   0.142568     0.209431     0.157766
   2013    95-99   0.269152     0.359291     0.285049
   2013   100-104  0.403479     0.308269     0.386422
   2013   105-109  0.585366     0.750000     0.606383
   2013   110+            .            .            .
   2014     0      0.003627     0.003705     0.003667
   2014     1-4    0.000259     0.000276     0.000267
   2014     5-9    0.000097     0.000069     0.000082
   2014    10-14   0.000022     0.000064     0.000043
   2014    15-19   0.000137     0.000330     0.000236
   2014    20-24   0.000363     0.000803     0.000592
   2014    25-29   0.000125     0.000598     0.000374
   2014    30-34   0.000309     0.000729     0.000531
   2014    35-39   0.000589     0.000856     0.000729
   2014    40-44   0.001004     0.001324     0.001172
   2014    45-49   0.001316     0.002463     0.001911
   2014    50-54   0.002200     0.003829     0.003039
   2014    55-59   0.002643     0.005766     0.004234
   2014    60-64   0.003964     0.008927     0.006459
   2014    65-69   0.005886     0.014247     0.010059
   2014    70-74   0.010078     0.022348     0.015970
   2014    75-79   0.018310     0.038704     0.027420
   2014    80-84   0.036753     0.069866     0.049764
   2014    85-89   0.071686     0.127595     0.090240
   2014    90-94   0.138226     0.207532     0.154282
   2014    95-99   0.246168     0.355073     0.265446
   2014   100-104  0.347180     0.629262     0.391011
   2014   105-109  0.468750     0.580645     0.484305
   2014   110+            .            .            .
   2015     0      0.001796     0.001300     0.001541
   2015     1-4    0.000165     0.000346     0.000258
   2015     5-9    0.000049     0.000046     0.000048
   2015    10-14   0.000113     0.000043     0.000077
   2015    15-19   0.000137     0.000502     0.000324
   2015    20-24   0.000422     0.000574     0.000501
   2015    25-29   0.000453     0.000462     0.000458
   2015    30-34   0.000316     0.000795     0.000569
   2015    35-39   0.000610     0.000841     0.000731
   2015    40-44   0.000893     0.001307     0.001111
   2015    45-49   0.001285     0.002214     0.001768
   2015    50-54   0.001905     0.003747     0.002855
   2015    55-59   0.002465     0.005200     0.003857
   2015    60-64   0.004185     0.008531     0.006369
   2015    65-69   0.005010     0.013517     0.009256
   2015    70-74   0.009869     0.022634     0.016013
   2015    75-79   0.017330     0.035557     0.025557
   2015    80-84   0.034563     0.066320     0.047155
   2015    85-89   0.069448     0.121837     0.086987
   2015    90-94   0.136865     0.198086     0.151598
   2015    95-99   0.245305     0.332071     0.260202
   2015   100-104  0.411566     0.409350     0.411270
   2015   105-109  0.418605     0.638298     0.458015
   2015   110+     1.500000            .     1.500000
   2016     0      0.001705     0.001852     0.001781
   2016     1-4    0.000237     0.000162     0.000198
   2016     5-9    0.000000     0.000094     0.000048
   2016    10-14   0.000023     0.000110     0.000067
   2016    15-19   0.000251     0.000325     0.000289
   2016    20-24   0.000151     0.000799     0.000486
   2016    25-29   0.000202     0.000635     0.000432
   2016    30-34   0.000265     0.000745     0.000519
   2016    35-39   0.000664     0.000990     0.000835
   2016    40-44   0.000726     0.001326     0.001041
   2016    45-49   0.001080     0.002214     0.001672
   2016    50-54   0.001986     0.003259     0.002642
   2016    55-59   0.002483     0.005228     0.003879
   2016    60-64   0.004056     0.008968     0.006528
   2016    65-69   0.005966     0.014457     0.010196
   2016    70-74   0.010153     0.021129     0.015448
   2016    75-79   0.017111     0.035478     0.025477
   2016    80-84   0.037261     0.065437     0.048575
   2016    85-89   0.071216     0.119051     0.087388
   2016    90-94   0.137393     0.212206     0.156166
   2016    95-99   0.257546     0.344025     0.271867
   2016   100-104  0.393114     0.435184     0.398800
   2016   105-109  0.522727     1.105263     0.596026
   2016   110+     0.000000            .     0.000000
   2017     0      0.001754     0.001901     0.001830
   2017     1-4    0.000138     0.000326     0.000235
   2017     5-9    0.000076     0.000095     0.000086
   2017    10-14   0.000071     0.000045     0.000057
   2017    15-19   0.000092     0.000437     0.000269
   2017    20-24   0.000303     0.000563     0.000438
   2017    25-29   0.000372     0.000538     0.000460
   2017    30-34   0.000389     0.000590     0.000495
   2017    35-39   0.000827     0.000822     0.000824
   2017    40-44   0.000843     0.001302     0.001084
   2017    45-49   0.000984     0.002253     0.001647
   2017    50-54   0.002150     0.003449     0.002821
   2017    55-59   0.002570     0.005107     0.003862
   2017    60-64   0.003848     0.008224     0.006052
   2017    65-69   0.006042     0.013218     0.009609
   2017    70-74   0.009364     0.022956     0.015944
   2017    75-79   0.017241     0.036021     0.025863
   2017    80-84   0.034618     0.063067     0.046200
   2017    85-89   0.070509     0.123324     0.088518
   2017    90-94   0.139701     0.201689     0.155760
   2017    95-99   0.249983     0.370124     0.269417
   2017   100-104  0.417618     0.488697     0.426715
   2017   105-109  0.574876     0.888889     0.602332
   2017   110+     0.000000            .     0.000000
   2018     0      0.001824     0.003258     0.002567
   2018     1-4    0.000141     0.000232     0.000188
   2018     5-9    0.000000     0.000122     0.000063
   2018    10-14   0.000048     0.000068     0.000058
   2018    15-19   0.000093     0.000289     0.000193
   2018    20-24   0.000228     0.000512     0.000376
   2018    25-29   0.000338     0.000618     0.000487
   2018    30-34   0.000482     0.000520     0.000502
   2018    35-39   0.000638     0.000988     0.000822
   2018    40-44   0.000841     0.001454     0.001163
   2018    45-49   0.001522     0.001826     0.001682
   2018    50-54   0.001796     0.003285     0.002564
   2018    55-59   0.002167     0.005566     0.003903
   2018    60-64   0.004210     0.008111     0.006177
   2018    65-69   0.005701     0.012796     0.009221
   2018    70-74   0.009531     0.021088     0.015152
   2018    75-79   0.016720     0.034881     0.025094
   2018    80-84   0.032780     0.063073     0.045280
   2018    85-89   0.068747     0.118259     0.085786
   2018    90-94   0.137789     0.208771     0.156612
   2018    95-99   0.242751     0.315397     0.254651
   2018   100-104  0.393230     0.451386     0.400206
   2018   105-109  0.686854     0.375000     0.653897
   2018   110+     0.000000            .     0.000000
   2019     0      0.002259     0.003006     0.002647
   2019     1-4    0.000145     0.000102     0.000123
   2019     5-9    0.000105     0.000100     0.000103
   2019    10-14   0.000073     0.000091     0.000082
   2019    15-19   0.000141     0.000425     0.000286
   2019    20-24   0.000359     0.000607     0.000488
   2019    25-29   0.000250     0.000524     0.000397
   2019    30-34   0.000540     0.000669     0.000608
   2019    35-39   0.000437     0.000720     0.000586
   2019    40-44   0.000796     0.001231     0.001024
   2019    45-49   0.001174     0.001849     0.001528
   2019    50-54   0.001560     0.003510     0.002567
   2019    55-59   0.002835     0.005323     0.004110
   2019    60-64   0.003590     0.008619     0.006126
   2019    65-69   0.005992     0.013189     0.009559
   2019    70-74   0.008608     0.020714     0.014512
   2019    75-79   0.016625     0.033656     0.024494
   2019    80-84   0.033125     0.062293     0.045299
   2019    85-89   0.069430     0.113561     0.084787
   2019    90-94   0.140342     0.190056     0.153777
   2019    95-99   0.239276     0.311665     0.251927
   2019   100-104  0.403079     0.350551     0.396497
   2019   105-109  0.473390     0.307692     0.453058
   2019   110+     1.846154            .     1.846154
   2020     0      0.001917     0.002268     0.002099
   2020     1-4    0.000076     0.000142     0.000110
   2020     5-9    0.000000     0.000025     0.000013
   2020    10-14   0.000000     0.000139     0.000072
   2020    15-19   0.000234     0.000224     0.000229
   2020    20-24   0.000208     0.000596     0.000410
   2020    25-29   0.000512     0.000462     0.000485
   2020    30-34   0.000195     0.000695     0.000460
   2020    35-39   0.000543     0.000940     0.000752
   2020    40-44   0.000890     0.001086     0.000993
   2020    45-49   0.001104     0.001733     0.001435
   2020    50-54   0.001757     0.003345     0.002579
   2020    55-59   0.002899     0.004986     0.003970
   2020    60-64   0.003501     0.008151     0.005844
   2020    65-69   0.005537     0.013489     0.009480
   2020    70-74   0.008364     0.019825     0.013955
   2020    75-79   0.015996     0.034101     0.024380
   2020    80-84   0.032203     0.057879     0.043061
   2020    85-89   0.065177     0.105625     0.079468
   2020    90-94   0.128194     0.191284     0.145551
   2020    95-99   0.226716     0.283636     0.237184
   2020   100-104  0.340432     0.480573     0.359015
   2020   105-109  0.578178     0.765957     0.602116
   2020   110+     1.500000            .     1.500000
   2021     0      0.002028     0.002047     0.002038
   2021     1-4    0.000121     0.000150     0.000136
   2021     5-9    0.000055     0.000129     0.000093
   2021    10-14   0.000050     0.000047     0.000048
   2021    15-19   0.000117     0.000312     0.000217
   2021    20-24   0.000310     0.000505     0.000411
   2021    25-29   0.000444     0.000514     0.000482
   2021    30-34   0.000384     0.000680     0.000541
   2021    35-39   0.000555     0.000841     0.000706
   2021    40-44   0.000939     0.001187     0.001069
   2021    45-49   0.001223     0.001973     0.001618
   2021    50-54   0.001739     0.003686     0.002751
   2021    55-59   0.002604     0.005423     0.004050
   2021    60-64   0.003585     0.007445     0.005531
   2021    65-69   0.004809     0.012229     0.008493
   2021    70-74   0.008963     0.022539     0.015572
   2021    75-79   0.016025     0.034215     0.024463
   2021    80-84   0.030605     0.059927     0.043158
   2021    85-89   0.065174     0.111866     0.081918
   2021    90-94   0.132860     0.186692     0.147920
   2021    95-99   0.230601     0.318263     0.247484
   2021   100-104  0.403418     0.263286     0.385177
   2021   105-109  0.677165     0.646552     0.673771
   2021   110+            .            .            .
   2022     0      0.000933     0.001587     0.001269
   2022     1-4    0.000212     0.000079     0.000143
   2022     5-9    0.000196     0.000106     0.000149
   2022    10-14   0.000102     0.000167     0.000136
   2022    15-19   0.000190     0.000425     0.000310
   2022    20-24   0.000302     0.000669     0.000490
   2022    25-29   0.000448     0.000658     0.000561
   2022    30-34   0.000328     0.000783     0.000570
   2022    35-39   0.000587     0.000754     0.000675
   2022    40-44   0.000815     0.001099     0.000964
   2022    45-49   0.001437     0.001989     0.001727
   2022    50-54   0.002066     0.003256     0.002687
   2022    55-59   0.002521     0.005477     0.004037
   2022    60-64   0.003495     0.007852     0.005695
   2022    65-69   0.005183     0.013247     0.009190
   2022    70-74   0.009889     0.021716     0.015630
   2022    75-79   0.016725     0.037358     0.026330
   2022    80-84   0.034386     0.063175     0.046817
   2022    85-89   0.071565     0.119153     0.088845
   2022    90-94   0.145895     0.212277     0.164720
   2022    95-99   0.262236     0.352116     0.280192
   2022   100-104  0.423236     0.561879     0.440566
   2022   105-109  0.687740     1.057968     0.726094
   2022   110+     0.000000            .     0.000000
