13.Tokyo.to, Death Rates (period 5x1)     Last modified:2023-12-05, ver.004_004 JMD(IPSS)

   Year      Age       Female       Male         Total
   1947     0      0.058971     0.066375     0.062767
   1947     1-4    0.013863     0.014179     0.014023
   1947     5-9    0.002522     0.003069     0.002798
   1947    10-14   0.001369     0.001347     0.001357
   1947    15-19   0.003722     0.003712     0.003717
   1947    20-24   0.005596     0.006357     0.005975
   1947    25-29   0.005081     0.005981     0.005492
   1947    30-34   0.005000     0.006183     0.005579
   1947    35-39   0.005250     0.006622     0.005937
   1947    40-44   0.005964     0.008313     0.007188
   1947    45-49   0.007582     0.010843     0.009302
   1947    50-54   0.010191     0.015341     0.012925
   1947    55-59   0.014122     0.022858     0.018612
   1947    60-64   0.021757     0.036333     0.028751
   1947    65-69   0.034333     0.056290     0.043799
   1947    70-74   0.054406     0.082333     0.065332
   1947    75-79   0.085344     0.117109     0.096482
   1947    80-84   0.137985     0.171640     0.147849
   1947    85-89   0.214597     0.268747     0.227863
   1947    90-94   0.260134     0.378187     0.289115
   1947    95-99   0.509857     1.065719     0.633831
   1947   100-104  0.000000     0.000000     0.000000
   1947   105-109  0.000000            .     0.000000
   1947   110+     0.000000            .     0.000000
   1948     0      0.038397     0.046298     0.042446
   1948     1-4    0.006105     0.006567     0.006340
   1948     5-9    0.001734     0.002154     0.001947
   1948    10-14   0.001396     0.001383     0.001389
   1948    15-19   0.003519     0.003171     0.003333
   1948    20-24   0.005644     0.006203     0.005930
   1948    25-29   0.005090     0.006003     0.005505
   1948    30-34   0.004991     0.005701     0.005335
   1948    35-39   0.004972     0.006283     0.005626
   1948    40-44   0.005800     0.007799     0.006834
   1948    45-49   0.007577     0.009951     0.008823
   1948    50-54   0.009803     0.014674     0.012388
   1948    55-59   0.014225     0.022745     0.018619
   1948    60-64   0.021064     0.033275     0.027009
   1948    65-69   0.033818     0.050712     0.041167
   1948    70-74   0.048569     0.073252     0.058293
   1948    75-79   0.076398     0.105179     0.086558
   1948    80-84   0.126334     0.143924     0.131574
   1948    85-89   0.170525     0.207484     0.179628
   1948    90-94   0.278730     0.269052     0.276471
   1948    95-99   0.458759     0.177672     0.390173
   1948   100-104  0.000000     0.000000     0.000000
   1948   105-109  0.000000            .     0.000000
   1948   110+     0.000000            .     0.000000
   1949     0      0.042160     0.047739     0.045011
   1949     1-4    0.008005     0.008599     0.008309
   1949     5-9    0.001604     0.002080     0.001845
   1949    10-14   0.001273     0.001133     0.001202
   1949    15-19   0.003229     0.002722     0.002959
   1949    20-24   0.004952     0.005522     0.005250
   1949    25-29   0.004898     0.005853     0.005336
   1949    30-34   0.004655     0.004900     0.004772
   1949    35-39   0.005127     0.005876     0.005499
   1949    40-44   0.005875     0.007071     0.006489
   1949    45-49   0.007080     0.009799     0.008501
   1949    50-54   0.010454     0.013384     0.012008
   1949    55-59   0.014139     0.021681     0.018047
   1949    60-64   0.022225     0.032363     0.027218
   1949    65-69   0.033234     0.051579     0.041312
   1949    70-74   0.052166     0.073885     0.060788
   1949    75-79   0.081109     0.102335     0.088660
   1949    80-84   0.122042     0.152276     0.131101
   1949    85-89   0.187332     0.242668     0.201381
   1949    90-94   0.263214     0.326367     0.277458
   1949    95-99   0.410241     0.474308     0.428031
   1949   100-104  0.000000     0.000000     0.000000
   1949   105-109  0.000000            .     0.000000
   1949   110+     0.000000            .     0.000000
   1950     0      0.036966     0.042926     0.040013
   1950     1-4    0.006668     0.006909     0.006791
   1950     5-9    0.001596     0.001983     0.001792
   1950    10-14   0.001077     0.001099     0.001088
   1950    15-19   0.002395     0.002514     0.002458
   1950    20-24   0.004163     0.004391     0.004284
   1950    25-29   0.004257     0.004898     0.004557
   1950    30-34   0.004260     0.004244     0.004252
   1950    35-39   0.004502     0.005366     0.004930
   1950    40-44   0.005389     0.006382     0.005895
   1950    45-49   0.007077     0.008884     0.008017
   1950    50-54   0.009752     0.013296     0.011624
   1950    55-59   0.013830     0.021476     0.017813
   1950    60-64   0.021837     0.033110     0.027430
   1950    65-69   0.036986     0.053673     0.044430
   1950    70-74   0.059728     0.080196     0.067913
   1950    75-79   0.094507     0.126274     0.105854
   1950    80-84   0.139910     0.179924     0.151924
   1950    85-89   0.205754     0.265557     0.220967
   1950    90-94   0.372840     0.326962     0.362948
   1950    95-99   0.404381     0.552588     0.439012
   1950   100-104  0.700525     0.000000     0.665557
   1950   105-109  0.000000            .     0.000000
   1950   110+     0.000000            .     0.000000
   1951     0      0.036866     0.044075     0.040553
   1951     1-4    0.005410     0.005741     0.005579
   1951     5-9    0.001290     0.001570     0.001432
   1951    10-14   0.000872     0.000769     0.000819
   1951    15-19   0.001715     0.001819     0.001771
   1951    20-24   0.002824     0.003009     0.002923
   1951    25-29   0.003062     0.003483     0.003264
   1951    30-34   0.003381     0.003339     0.003362
   1951    35-39   0.003753     0.004088     0.003918
   1951    40-44   0.004665     0.005482     0.005076
   1951    45-49   0.006385     0.007951     0.007198
   1951    50-54   0.009237     0.012313     0.010852
   1951    55-59   0.013536     0.020160     0.016993
   1951    60-64   0.021046     0.032512     0.026758
   1951    65-69   0.034745     0.051920     0.042514
   1951    70-74   0.054788     0.077792     0.064045
   1951    75-79   0.089353     0.118207     0.099680
   1951    80-84   0.128101     0.168068     0.140163
   1951    85-89   0.202854     0.232741     0.210474
   1951    90-94   0.292855     0.382729     0.311428
   1951    95-99   0.405335     0.610924     0.451138
   1951   100-104  0.926874     0.000000     0.845705
   1951   105-109  0.888889            .     0.888889
   1951   110+     1.000000            .     1.000000
   1952     0      0.031925     0.037182     0.034618
   1952     1-4    0.004148     0.003999     0.004072
   1952     5-9    0.001321     0.001376     0.001349
   1952    10-14   0.000677     0.000742     0.000711
   1952    15-19   0.001376     0.001485     0.001436
   1952    20-24   0.002374     0.002677     0.002536
   1952    25-29   0.002603     0.002968     0.002783
   1952    30-34   0.002766     0.002902     0.002828
   1952    35-39   0.003453     0.003435     0.003444
   1952    40-44   0.004039     0.004771     0.004404
   1952    45-49   0.006228     0.007741     0.007011
   1952    50-54   0.008930     0.012027     0.010546
   1952    55-59   0.012501     0.020190     0.016506
   1952    60-64   0.020262     0.030253     0.025250
   1952    65-69   0.032575     0.048816     0.040019
   1952    70-74   0.056453     0.079870     0.065935
   1952    75-79   0.091385     0.121992     0.102391
   1952    80-84   0.136688     0.169673     0.146787
   1952    85-89   0.207628     0.252529     0.219138
   1952    90-94   0.328637     0.446712     0.352057
   1952    95-99   0.190992     0.385480     0.229606
   1952   100-104  0.707733     0.000000     0.622120
   1952   105-109  0.367347     0.000000     0.318584
   1952   110+     3.000000            .     3.000000
   1953     0      0.032364     0.041165     0.036880
   1953     1-4    0.003808     0.003909     0.003860
   1953     5-9    0.001176     0.001350     0.001264
   1953    10-14   0.000624     0.000659     0.000642
   1953    15-19   0.001106     0.001219     0.001168
   1953    20-24   0.001944     0.002453     0.002218
   1953    25-29   0.002369     0.002691     0.002530
   1953    30-34   0.002638     0.002689     0.002661
   1953    35-39   0.002974     0.003298     0.003130
   1953    40-44   0.003630     0.004410     0.004016
   1953    45-49   0.005883     0.007226     0.006572
   1953    50-54   0.008718     0.012159     0.010503
   1953    55-59   0.013092     0.019521     0.016430
   1953    60-64   0.019719     0.031443     0.025576
   1953    65-69   0.034009     0.051124     0.041955
   1953    70-74   0.057839     0.083654     0.068335
   1953    75-79   0.094142     0.127296     0.106127
   1953    80-84   0.144935     0.174195     0.154041
   1953    85-89   0.226402     0.274342     0.238715
   1953    90-94   0.310157     0.422310     0.331757
   1953    95-99   0.417798     0.357757     0.406384
   1953   100-104  0.000000     0.000000     0.000000
   1953   105-109  0.000000     0.000000     0.000000
   1953   110+            .            .            .
   1954     0      0.029301     0.032936     0.031170
   1954     1-4    0.002751     0.003011     0.002884
   1954     5-9    0.001066     0.001313     0.001192
   1954    10-14   0.000522     0.000708     0.000617
   1954    15-19   0.001087     0.001317     0.001215
   1954    20-24   0.001950     0.002202     0.002088
   1954    25-29   0.002215     0.002851     0.002537
   1954    30-34   0.002503     0.002705     0.002595
   1954    35-39   0.002823     0.003009     0.002911
   1954    40-44   0.003749     0.004653     0.004194
   1954    45-49   0.005354     0.007334     0.006361
   1954    50-54   0.008108     0.012046     0.010138
   1954    55-59   0.011346     0.018134     0.014862
   1954    60-64   0.018379     0.030283     0.024336
   1954    65-69   0.031901     0.047978     0.039430
   1954    70-74   0.049919     0.077879     0.061373
   1954    75-79   0.085905     0.112701     0.095666
   1954    80-84   0.129692     0.152082     0.136757
   1954    85-89   0.193309     0.231084     0.203127
   1954    90-94   0.294089     0.440212     0.322200
   1954    95-99   0.427557     0.154533     0.370319
   1954   100-104  0.410328     0.000000     0.371447
   1954   105-109  0.144578     0.000000     0.099585
   1954   110+     0.000000            .     0.000000
   1955     0      0.025225     0.029348     0.027353
   1955     1-4    0.002413     0.002462     0.002438
   1955     5-9    0.000911     0.001135     0.001025
   1955    10-14   0.000521     0.000571     0.000546
   1955    15-19   0.000878     0.001241     0.001081
   1955    20-24   0.001484     0.001955     0.001748
   1955    25-29   0.001914     0.002375     0.002149
   1955    30-34   0.002166     0.002468     0.002305
   1955    35-39   0.002568     0.003051     0.002792
   1955    40-44   0.003535     0.004279     0.003899
   1955    45-49   0.005342     0.006694     0.006024
   1955    50-54   0.007455     0.010999     0.009272
   1955    55-59   0.010636     0.017606     0.014228
   1955    60-64   0.017861     0.028430     0.023164
   1955    65-69   0.029714     0.044302     0.036583
   1955    70-74   0.049430     0.073521     0.059396
   1955    75-79   0.082531     0.113473     0.093846
   1955    80-84   0.122528     0.150040     0.131338
   1955    85-89   0.187937     0.235132     0.200366
   1955    90-94   0.282701     0.355431     0.296889
   1955    95-99   0.644540     0.605263     0.636243
   1955   100-104  0.291876     0.000000     0.260870
   1955   105-109  0.155844     0.000000     0.098361
   1955   110+     0.000000            .     0.000000
   1956     0      0.023134     0.029261     0.026288
   1956     1-4    0.001991     0.002374     0.002187
   1956     5-9    0.000774     0.000954     0.000866
   1956    10-14   0.000417     0.000497     0.000458
   1956    15-19   0.000823     0.001000     0.000921
   1956    20-24   0.001560     0.001910     0.001758
   1956    25-29   0.001810     0.002163     0.001992
   1956    30-34   0.002007     0.002403     0.002194
   1956    35-39   0.002459     0.003005     0.002708
   1956    40-44   0.003398     0.004229     0.003801
   1956    45-49   0.004834     0.006686     0.005757
   1956    50-54   0.007768     0.011396     0.009626
   1956    55-59   0.011026     0.017953     0.014576
   1956    60-64   0.018743     0.030268     0.024537
   1956    65-69   0.030111     0.046980     0.038101
   1956    70-74   0.050721     0.074970     0.060890
   1956    75-79   0.089563     0.128412     0.103774
   1956    80-84   0.135617     0.173692     0.147961
   1956    85-89   0.200809     0.256503     0.215676
   1956    90-94   0.324492     0.410130     0.341104
   1956    95-99   0.387378     0.545619     0.415305
   1956   100-104  0.543428     0.000000     0.469502
   1956   105-109  0.142857     0.000000     0.077922
   1956   110+     0.300000            .     0.300000
   1957     0      0.024196     0.029910     0.027132
   1957     1-4    0.002141     0.002275     0.002210
   1957     5-9    0.000794     0.000919     0.000858
   1957    10-14   0.000454     0.000485     0.000470
   1957    15-19   0.000851     0.001202     0.001045
   1957    20-24   0.001389     0.001763     0.001600
   1957    25-29   0.001717     0.002194     0.001965
   1957    30-34   0.001987     0.002356     0.002165
   1957    35-39   0.002568     0.002912     0.002723
   1957    40-44   0.003341     0.004169     0.003740
   1957    45-49   0.004914     0.006907     0.005896
   1957    50-54   0.007421     0.011951     0.009733
   1957    55-59   0.010578     0.019345     0.015051
   1957    60-64   0.016849     0.029580     0.023247
   1957    65-69   0.030648     0.049617     0.039667
   1957    70-74   0.052257     0.080489     0.064278
   1957    75-79   0.088584     0.135991     0.105845
   1957    80-84   0.149226     0.174409     0.157421
   1957    85-89   0.227375     0.262839     0.237081
   1957    90-94   0.329087     0.362401     0.335535
   1957    95-99   0.469531     0.391368     0.456966
   1957   100-104  0.915595     2.119149     1.055336
   1957   105-109  2.142857     2.400000     2.264151
   1957   110+     2.000000            .     2.000000
   1958     0      0.022754     0.027789     0.025346
   1958     1-4    0.001618     0.001758     0.001690
   1958     5-9    0.000606     0.000876     0.000744
   1958    10-14   0.000390     0.000539     0.000468
   1958    15-19   0.000781     0.001069     0.000941
   1958    20-24   0.001295     0.001784     0.001569
   1958    25-29   0.001615     0.002008     0.001822
   1958    30-34   0.001776     0.002206     0.001987
   1958    35-39   0.002207     0.002875     0.002507
   1958    40-44   0.003128     0.004046     0.003565
   1958    45-49   0.004601     0.006117     0.005343
   1958    50-54   0.007170     0.010493     0.008854
   1958    55-59   0.009776     0.017212     0.013551
   1958    60-64   0.015624     0.028234     0.021952
   1958    65-69   0.026033     0.043892     0.034537
   1958    70-74   0.047192     0.069133     0.056693
   1958    75-79   0.080173     0.106279     0.089714
   1958    80-84   0.126567     0.170151     0.140753
   1958    85-89   0.192140     0.221225     0.200342
   1958    90-94   0.299133     0.376162     0.314398
   1958    95-99   0.280817     0.568003     0.325733
   1958   100-104  0.000000            .     0.000000
   1958   105-109         .            .            .
   1958   110+            .            .            .
   1959     0      0.021179     0.025834     0.023577
   1959     1-4    0.001545     0.001738     0.001644
   1959     5-9    0.000650     0.000827     0.000741
   1959    10-14   0.000347     0.000522     0.000438
   1959    15-19   0.000652     0.000955     0.000821
   1959    20-24   0.001061     0.001642     0.001388
   1959    25-29   0.001467     0.001880     0.001685
   1959    30-34   0.001646     0.002221     0.001933
   1959    35-39   0.002052     0.002578     0.002290
   1959    40-44   0.002925     0.003816     0.003343
   1959    45-49   0.004300     0.005975     0.005116
   1959    50-54   0.006379     0.010430     0.008414
   1959    55-59   0.009525     0.017213     0.013410
   1959    60-64   0.014577     0.026461     0.020531
   1959    65-69   0.024395     0.041486     0.032562
   1959    70-74   0.044196     0.067746     0.054514
   1959    75-79   0.076938     0.110996     0.089560
   1959    80-84   0.127358     0.164089     0.139336
   1959    85-89   0.187422     0.237795     0.201752
   1959    90-94   0.299730     0.264501     0.292443
   1959    95-99   0.383330     0.728376     0.431417
   1959   100-104  0.783034            .     0.783034
   1959   105-109         .            .            .
   1959   110+            .            .            .
   1960     0      0.018856     0.024829     0.021927
   1960     1-4    0.001267     0.001659     0.001468
   1960     5-9    0.000523     0.000793     0.000661
   1960    10-14   0.000355     0.000481     0.000420
   1960    15-19   0.000586     0.000966     0.000798
   1960    20-24   0.001073     0.001504     0.001317
   1960    25-29   0.001245     0.001763     0.001520
   1960    30-34   0.001632     0.002060     0.001847
   1960    35-39   0.002067     0.002738     0.002375
   1960    40-44   0.002734     0.003872     0.003258
   1960    45-49   0.004221     0.005743     0.004959
   1960    50-54   0.005910     0.010132     0.008013
   1960    55-59   0.009560     0.016457     0.013032
   1960    60-64   0.015039     0.025590     0.020304
   1960    65-69   0.025195     0.044628     0.034524
   1960    70-74   0.045420     0.067948     0.055351
   1960    75-79   0.076968     0.108139     0.088695
   1960    80-84   0.131930     0.175118     0.145976
   1960    85-89   0.195645     0.227017     0.204639
   1960    90-94   0.270709     0.294189     0.275804
   1960    95-99   0.468711     0.402836     0.458401
   1960   100-104  0.998668            .     0.998668
   1960   105-109         .            .            .
   1960   110+            .            .            .
   1961     0      0.018974     0.023526     0.021314
   1961     1-4    0.001228     0.001577     0.001407
   1961     5-9    0.000486     0.000668     0.000579
   1961    10-14   0.000284     0.000445     0.000367
   1961    15-19   0.000548     0.001002     0.000799
   1961    20-24   0.000906     0.001390     0.001180
   1961    25-29   0.001177     0.001548     0.001375
   1961    30-34   0.001508     0.002007     0.001760
   1961    35-39   0.001958     0.002533     0.002228
   1961    40-44   0.002524     0.003544     0.002987
   1961    45-49   0.003815     0.005746     0.004745
   1961    50-54   0.005875     0.009166     0.007497
   1961    55-59   0.009307     0.015829     0.012588
   1961    60-64   0.014412     0.024505     0.019434
   1961    65-69   0.023675     0.042616     0.032792
   1961    70-74   0.042933     0.067682     0.053923
   1961    75-79   0.077246     0.101751     0.086651
   1961    80-84   0.134426     0.165269     0.144453
   1961    85-89   0.197268     0.229877     0.206763
   1961    90-94   0.308466     0.321695     0.311455
   1961    95-99   0.338711     0.447427     0.357315
   1961   100-104  0.162602            .     0.162602
   1961   105-109         .            .            .
   1961   110+            .            .            .
   1962     0      0.017595     0.021331     0.019514
   1962     1-4    0.001132     0.001253     0.001194
   1962     5-9    0.000388     0.000568     0.000480
   1962    10-14   0.000250     0.000394     0.000325
   1962    15-19   0.000468     0.000886     0.000697
   1962    20-24   0.000767     0.001252     0.001039
   1962    25-29   0.001090     0.001461     0.001289
   1962    30-34   0.001435     0.001837     0.001639
   1962    35-39   0.001698     0.002252     0.001964
   1962    40-44   0.002541     0.003562     0.002999
   1962    45-49   0.003872     0.005422     0.004613
   1962    50-54   0.006040     0.009170     0.007570
   1962    55-59   0.009084     0.015613     0.012361
   1962    60-64   0.014380     0.025849     0.020079
   1962    65-69   0.025356     0.042529     0.033635
   1962    70-74   0.044997     0.068484     0.055499
   1962    75-79   0.081186     0.112987     0.093615
   1962    80-84   0.139004     0.180307     0.152558
   1962    85-89   0.208434     0.278160     0.228455
   1962    90-94   0.347606     0.321865     0.341472
   1962    95-99   0.404240     0.228731     0.370770
   1962   100-104  0.736739            .     0.736739
   1962   105-109         .            .            .
   1962   110+            .            .            .
   1963     0      0.014337     0.018409     0.016431
   1963     1-4    0.000944     0.001105     0.001026
   1963     5-9    0.000416     0.000612     0.000517
   1963    10-14   0.000246     0.000397     0.000324
   1963    15-19   0.000367     0.000704     0.000550
   1963    20-24   0.000730     0.001096     0.000934
   1963    25-29   0.000971     0.001371     0.001186
   1963    30-34   0.001168     0.001663     0.001421
   1963    35-39   0.001709     0.002377     0.002035
   1963    40-44   0.002311     0.003309     0.002757
   1963    45-49   0.003456     0.005112     0.004240
   1963    50-54   0.005543     0.008281     0.006874
   1963    55-59   0.008270     0.013776     0.011018
   1963    60-64   0.013604     0.023221     0.018369
   1963    65-69   0.022214     0.039608     0.030616
   1963    70-74   0.039214     0.063224     0.050004
   1963    75-79   0.069208     0.098819     0.081003
   1963    80-84   0.121172     0.145750     0.129370
   1963    85-89   0.185455     0.220110     0.195229
   1963    90-94   0.251073     0.272355     0.256289
   1963    95-99   0.304429     0.459316     0.336353
   1963   100-104  0.342857            .     0.342857
   1963   105-109  0.000000            .     0.000000
   1963   110+            .            .            .
   1964     0      0.014532     0.018440     0.016542
   1964     1-4    0.000898     0.001022     0.000961
   1964     5-9    0.000333     0.000566     0.000452
   1964    10-14   0.000328     0.000385     0.000358
   1964    15-19   0.000345     0.000699     0.000536
   1964    20-24   0.000590     0.001085     0.000865
   1964    25-29   0.000890     0.001235     0.001075
   1964    30-34   0.001021     0.001559     0.001297
   1964    35-39   0.001568     0.002248     0.001904
   1964    40-44   0.002298     0.003332     0.002764
   1964    45-49   0.003432     0.004817     0.004079
   1964    50-54   0.005197     0.008100     0.006604
   1964    55-59   0.007612     0.014212     0.010885
   1964    60-64   0.012808     0.023841     0.018259
   1964    65-69   0.021960     0.036499     0.028999
   1964    70-74   0.039945     0.062749     0.050254
   1964    75-79   0.072117     0.101656     0.084071
   1964    80-84   0.125266     0.160506     0.137219
   1964    85-89   0.186401     0.239274     0.201276
   1964    90-94   0.284256     0.294348     0.286789
   1964    95-99   0.434329     0.344009     0.415695
   1964   100-104  0.578871     0.000000     0.555942
   1964   105-109  0.000000            .     0.000000
   1964   110+            .            .            .
   1965     0      0.012930     0.016710     0.014868
   1965     1-4    0.000750     0.001048     0.000903
   1965     5-9    0.000379     0.000579     0.000481
   1965    10-14   0.000255     0.000414     0.000337
   1965    15-19   0.000357     0.000660     0.000520
   1965    20-24   0.000564     0.000956     0.000781
   1965    25-29   0.000812     0.001130     0.000981
   1965    30-34   0.001086     0.001500     0.001300
   1965    35-39   0.001513     0.002262     0.001885
   1965    40-44   0.002114     0.003186     0.002605
   1965    45-49   0.003239     0.004878     0.003993
   1965    50-54   0.005232     0.007776     0.006462
   1965    55-59   0.007815     0.013098     0.010416
   1965    60-64   0.012780     0.022717     0.017675
   1965    65-69   0.021746     0.037361     0.029299
   1965    70-74   0.037270     0.064430     0.049623
   1965    75-79   0.070344     0.100414     0.082619
   1965    80-84   0.132000     0.163237     0.142772
   1965    85-89   0.194952     0.228216     0.204259
   1965    90-94   0.313293     0.319154     0.314818
   1965    95-99   0.358664     0.578258     0.403731
   1965   100-104  0.544465     0.000000     0.501588
   1965   105-109  0.000000            .     0.000000
   1965   110+            .            .            .
   1966     0      0.011880     0.014168     0.013058
   1966     1-4    0.000850     0.000983     0.000918
   1966     5-9    0.000274     0.000513     0.000396
   1966    10-14   0.000251     0.000335     0.000294
   1966    15-19   0.000377     0.000651     0.000524
   1966    20-24   0.000578     0.000985     0.000804
   1966    25-29   0.000805     0.001209     0.001020
   1966    30-34   0.000999     0.001498     0.001257
   1966    35-39   0.001433     0.002219     0.001825
   1966    40-44   0.002065     0.002988     0.002497
   1966    45-49   0.003205     0.004797     0.003925
   1966    50-54   0.004919     0.007334     0.006079
   1966    55-59   0.007703     0.013208     0.010389
   1966    60-64   0.012283     0.022104     0.017118
   1966    65-69   0.020914     0.035438     0.027923
   1966    70-74   0.037016     0.060379     0.047687
   1966    75-79   0.066275     0.091779     0.076782
   1966    80-84   0.115497     0.153647     0.128881
   1966    85-89   0.183396     0.217457     0.193003
   1966    90-94   0.284267     0.320990     0.293898
   1966    95-99   0.433390     0.384149     0.422557
   1966   100-104  0.575080     1.734104     0.635786
   1966   105-109  2.000000            .     2.000000
   1966   110+            .            .            .
   1967     0      0.012134     0.014725     0.013468
   1967     1-4    0.000736     0.000941     0.000841
   1967     5-9    0.000299     0.000407     0.000355
   1967    10-14   0.000210     0.000329     0.000271
   1967    15-19   0.000312     0.000670     0.000503
   1967    20-24   0.000546     0.000863     0.000720
   1967    25-29   0.000769     0.001171     0.000983
   1967    30-34   0.001006     0.001419     0.001219
   1967    35-39   0.001356     0.002137     0.001748
   1967    40-44   0.002179     0.002990     0.002566
   1967    45-49   0.003155     0.004630     0.003815
   1967    50-54   0.004721     0.007428     0.006009
   1967    55-59   0.007274     0.012330     0.009718
   1967    60-64   0.011859     0.022396     0.017031
   1967    65-69   0.020404     0.035416     0.027633
   1967    70-74   0.037773     0.058166     0.047119
   1967    75-79   0.067601     0.094453     0.078774
   1967    80-84   0.120530     0.147597     0.130175
   1967    85-89   0.180766     0.207989     0.188645
   1967    90-94   0.273319     0.324709     0.286364
   1967    95-99   0.401422     0.362900     0.392106
   1967   100-104  0.531836     0.000000     0.468506
   1967   105-109         .            .            .
   1967   110+            .            .            .
   1968     0      0.011127     0.014671     0.012951
   1968     1-4    0.000703     0.000834     0.000770
   1968     5-9    0.000289     0.000441     0.000367
   1968    10-14   0.000229     0.000334     0.000283
   1968    15-19   0.000314     0.000644     0.000490
   1968    20-24   0.000515     0.000900     0.000726
   1968    25-29   0.000751     0.001107     0.000941
   1968    30-34   0.000926     0.001333     0.001136
   1968    35-39   0.001298     0.002118     0.001710
   1968    40-44   0.001858     0.003063     0.002443
   1968    45-49   0.003082     0.004449     0.003691
   1968    50-54   0.004401     0.007221     0.005730
   1968    55-59   0.006901     0.012486     0.009581
   1968    60-64   0.011542     0.020806     0.016060
   1968    65-69   0.019415     0.034758     0.026774
   1968    70-74   0.036171     0.057636     0.046037
   1968    75-79   0.064937     0.094545     0.077327
   1968    80-84   0.115296     0.149468     0.127711
   1968    85-89   0.183659     0.227701     0.196765
   1968    90-94   0.289290     0.302221     0.292507
   1968    95-99   0.405431     0.374776     0.397988
   1968   100-104  0.693633     0.276243     0.603057
   1968   105-109         .            .            .
   1968   110+            .            .            .
   1969     0      0.010707     0.013908     0.012359
   1969     1-4    0.000777     0.000977     0.000880
   1969     5-9    0.000311     0.000506     0.000411
   1969    10-14   0.000197     0.000373     0.000287
   1969    15-19   0.000335     0.000648     0.000502
   1969    20-24   0.000541     0.000963     0.000772
   1969    25-29   0.000700     0.001120     0.000923
   1969    30-34   0.000976     0.001392     0.001190
   1969    35-39   0.001434     0.002125     0.001782
   1969    40-44   0.001918     0.003152     0.002523
   1969    45-49   0.003212     0.004684     0.003872
   1969    50-54   0.004540     0.007061     0.005712
   1969    55-59   0.007260     0.012933     0.009966
   1969    60-64   0.011537     0.021297     0.016260
   1969    65-69   0.020881     0.035199     0.027722
   1969    70-74   0.035445     0.058494     0.046056
   1969    75-79   0.063628     0.097320     0.077785
   1969    80-84   0.114883     0.150007     0.127892
   1969    85-89   0.189079     0.218433     0.197957
   1969    90-94   0.308484     0.327352     0.313192
   1969    95-99   0.379830     0.491904     0.406676
   1969   100-104  0.396607     0.421053     0.402448
   1969   105-109  0.000000            .     0.000000
   1969   110+            .            .            .
   1970     0      0.010684     0.013531     0.012150
   1970     1-4    0.000779     0.000975     0.000880
   1970     5-9    0.000280     0.000496     0.000390
   1970    10-14   0.000165     0.000363     0.000267
   1970    15-19   0.000312     0.000685     0.000509
   1970    20-24   0.000490     0.000885     0.000707
   1970    25-29   0.000734     0.001026     0.000889
   1970    30-34   0.000904     0.001343     0.001128
   1970    35-39   0.001291     0.002127     0.001713
   1970    40-44   0.002017     0.002976     0.002489
   1970    45-49   0.002961     0.004460     0.003644
   1970    50-54   0.004467     0.007382     0.005801
   1970    55-59   0.006884     0.012016     0.009323
   1970    60-64   0.011300     0.020419     0.015676
   1970    65-69   0.020869     0.033427     0.026847
   1970    70-74   0.035495     0.057357     0.045536
   1970    75-79   0.063971     0.094947     0.077063
   1970    80-84   0.116534     0.148289     0.128481
   1970    85-89   0.194896     0.215707     0.201332
   1970    90-94   0.288031     0.274753     0.284723
   1970    95-99   0.363642     0.461716     0.387175
   1970   100-104  0.671619     0.169157     0.538358
   1970   105-109  0.000000            .     0.000000
   1970   110+            .            .            .
   1971     0      0.010416     0.012715     0.011601
   1971     1-4    0.000743     0.000811     0.000778
   1971     5-9    0.000279     0.000409     0.000345
   1971    10-14   0.000223     0.000340     0.000283
   1971    15-19   0.000343     0.000708     0.000536
   1971    20-24   0.000471     0.000811     0.000657
   1971    25-29   0.000625     0.001022     0.000835
   1971    30-34   0.000811     0.001374     0.001098
   1971    35-39   0.001167     0.001927     0.001551
   1971    40-44   0.001830     0.002874     0.002346
   1971    45-49   0.002732     0.004154     0.003393
   1971    50-54   0.004367     0.006823     0.005473
   1971    55-59   0.006501     0.011210     0.008725
   1971    60-64   0.010656     0.018525     0.014393
   1971    65-69   0.018564     0.032338     0.025115
   1971    70-74   0.032703     0.052008     0.041550
   1971    75-79   0.060863     0.087742     0.072296
   1971    80-84   0.111236     0.140844     0.122489
   1971    85-89   0.181574     0.210711     0.190784
   1971    90-94   0.273297     0.298519     0.279694
   1971    95-99   0.422175     0.518748     0.444375
   1971   100-104  0.230525     0.841751     0.386404
   1971   105-109  2.142857            .     2.142857
   1971   110+            .            .            .
   1972     0      0.009528     0.011453     0.010522
   1972     1-4    0.000701     0.000895     0.000801
   1972     5-9    0.000233     0.000451     0.000345
   1972    10-14   0.000156     0.000306     0.000233
   1972    15-19   0.000293     0.000675     0.000497
   1972    20-24   0.000488     0.000811     0.000664
   1972    25-29   0.000665     0.001072     0.000882
   1972    30-34   0.000813     0.001161     0.000991
   1972    35-39   0.001173     0.001802     0.001490
   1972    40-44   0.001718     0.003021     0.002363
   1972    45-49   0.002714     0.004238     0.003438
   1972    50-54   0.003981     0.006510     0.005106
   1972    55-59   0.006191     0.010755     0.008331
   1972    60-64   0.010074     0.017991     0.013799
   1972    65-69   0.017518     0.030651     0.023743
   1972    70-74   0.031154     0.050183     0.039868
   1972    75-79   0.056456     0.083315     0.067925
   1972    80-84   0.106261     0.133777     0.116822
   1972    85-89   0.174123     0.200475     0.182628
   1972    90-94   0.258638     0.296447     0.268540
   1972    95-99   0.382989     0.417353     0.390591
   1972   100-104  0.421053     0.642857     0.464789
   1972   105-109  0.000000     6.000000     1.500000
   1972   110+            .            .            .
   1973     0      0.008372     0.011543     0.010007
   1973     1-4    0.000638     0.000747     0.000694
   1973     5-9    0.000266     0.000382     0.000325
   1973    10-14   0.000182     0.000254     0.000219
   1973    15-19   0.000261     0.000681     0.000485
   1973    20-24   0.000468     0.000789     0.000643
   1973    25-29   0.000588     0.000861     0.000734
   1973    30-34   0.000787     0.001180     0.000988
   1973    35-39   0.001086     0.001810     0.001450
   1973    40-44   0.001777     0.002976     0.002372
   1973    45-49   0.002654     0.004331     0.003464
   1973    50-54   0.004100     0.006312     0.005079
   1973    55-59   0.006024     0.010011     0.007876
   1973    60-64   0.009814     0.017144     0.013243
   1973    65-69   0.016755     0.029353     0.022685
   1973    70-74   0.030831     0.050731     0.039916
   1973    75-79   0.056935     0.083040     0.068121
   1973    80-84   0.110117     0.134416     0.119530
   1973    85-89   0.175607     0.216062     0.188942
   1973    90-94   0.291530     0.292403     0.291767
   1973    95-99   0.409313     0.515644     0.432593
   1973   100-104  0.650000     0.452663     0.613711
   1973   105-109  0.000000            .     0.000000
   1973   110+            .            .            .
   1974     0      0.008047     0.009906     0.009003
   1974     1-4    0.000679     0.000786     0.000734
   1974     5-9    0.000227     0.000335     0.000282
   1974    10-14   0.000146     0.000257     0.000203
   1974    15-19   0.000285     0.000519     0.000409
   1974    20-24   0.000482     0.000777     0.000644
   1974    25-29   0.000593     0.000775     0.000691
   1974    30-34   0.000730     0.001184     0.000962
   1974    35-39   0.001018     0.001633     0.001326
   1974    40-44   0.001608     0.002896     0.002249
   1974    45-49   0.002523     0.004183     0.003331
   1974    50-54   0.003771     0.006060     0.004790
   1974    55-59   0.005756     0.009576     0.007505
   1974    60-64   0.009079     0.016478     0.012526
   1974    65-69   0.016124     0.028842     0.022066
   1974    70-74   0.029243     0.047286     0.037461
   1974    75-79   0.056196     0.081544     0.067075
   1974    80-84   0.105125     0.130756     0.115118
   1974    85-89   0.170537     0.193978     0.178440
   1974    90-94   0.284057     0.277664     0.282264
   1974    95-99   0.432199     0.401939     0.425345
   1974   100-104  0.705882     0.363636     0.631579
   1974   105-109  1.500000            .     1.500000
   1974   110+            .            .            .
   1975     0      0.007364     0.009934     0.008685
   1975     1-4    0.000578     0.000686     0.000634
   1975     5-9    0.000270     0.000346     0.000309
   1975    10-14   0.000176     0.000271     0.000225
   1975    15-19   0.000241     0.000574     0.000417
   1975    20-24   0.000420     0.000679     0.000564
   1975    25-29   0.000521     0.000788     0.000664
   1975    30-34   0.000701     0.001105     0.000908
   1975    35-39   0.001010     0.001612     0.001311
   1975    40-44   0.001486     0.002713     0.002097
   1975    45-49   0.002520     0.004363     0.003420
   1975    50-54   0.003712     0.006010     0.004753
   1975    55-59   0.005608     0.010193     0.007671
   1975    60-64   0.008940     0.016385     0.012401
   1975    65-69   0.016011     0.026880     0.021046
   1975    70-74   0.027959     0.046717     0.036481
   1975    75-79   0.052816     0.078730     0.063926
   1975    80-84   0.100177     0.130483     0.112056
   1975    85-89   0.175308     0.200325     0.183899
   1975    90-94   0.277274     0.286785     0.280008
   1975    95-99   0.402575     0.449822     0.413488
   1975   100-104  1.255814     0.685714     1.090909
   1975   105-109  6.000000            .     6.000000
   1975   110+            .            .            .
   1976     0      0.007034     0.009467     0.008286
   1976     1-4    0.000543     0.000663     0.000605
   1976     5-9    0.000275     0.000339     0.000307
   1976    10-14   0.000168     0.000213     0.000191
   1976    15-19   0.000242     0.000512     0.000385
   1976    20-24   0.000381     0.000594     0.000498
   1976    25-29   0.000477     0.000756     0.000627
   1976    30-34   0.000584     0.001017     0.000806
   1976    35-39   0.000925     0.001445     0.001184
   1976    40-44   0.001521     0.002757     0.002137
   1976    45-49   0.002273     0.004109     0.003173
   1976    50-54   0.003673     0.006145     0.004816
   1976    55-59   0.005413     0.009924     0.007412
   1976    60-64   0.008257     0.015801     0.011747
   1976    65-69   0.014987     0.027056     0.020527
   1976    70-74   0.027482     0.044865     0.035375
   1976    75-79   0.049287     0.073236     0.059547
   1976    80-84   0.092535     0.122665     0.104377
   1976    85-89   0.169083     0.189199     0.176085
   1976    90-94   0.271890     0.305218     0.281578
   1976    95-99   0.386802     0.378694     0.384830
   1976   100-104  0.421875     0.666667     0.475610
   1976   105-109         .            .            .
   1976   110+            .            .            .
   1977     0      0.007095     0.008001     0.007561
   1977     1-4    0.000493     0.000547     0.000521
   1977     5-9    0.000244     0.000321     0.000284
   1977    10-14   0.000153     0.000213     0.000184
   1977    15-19   0.000253     0.000530     0.000400
   1977    20-24   0.000304     0.000583     0.000457
   1977    25-29   0.000477     0.000759     0.000629
   1977    30-34   0.000597     0.001029     0.000820
   1977    35-39   0.000914     0.001527     0.001220
   1977    40-44   0.001367     0.002689     0.002025
   1977    45-49   0.002392     0.004297     0.003327
   1977    50-54   0.003347     0.006148     0.004670
   1977    55-59   0.005031     0.009279     0.006893
   1977    60-64   0.008318     0.015180     0.011471
   1977    65-69   0.014497     0.025562     0.019542
   1977    70-74   0.025323     0.043344     0.033482
   1977    75-79   0.048048     0.072914     0.058707
   1977    80-84   0.087025     0.123856     0.101492
   1977    85-89   0.158590     0.178621     0.165651
   1977    90-94   0.234255     0.267916     0.244132
   1977    95-99   0.344839     0.417819     0.363363
   1977   100-104  0.641300     0.724813     0.656426
   1977   105-109         .     0.000000     0.000000
   1977   110+            .            .            .
   1978     0      0.006730     0.008590     0.007687
   1978     1-4    0.000516     0.000562     0.000540
   1978     5-9    0.000213     0.000259     0.000237
   1978    10-14   0.000167     0.000216     0.000192
   1978    15-19   0.000224     0.000516     0.000380
   1978    20-24   0.000348     0.000539     0.000452
   1978    25-29   0.000426     0.000657     0.000551
   1978    30-34   0.000622     0.001051     0.000844
   1978    35-39   0.000909     0.001495     0.001202
   1978    40-44   0.001396     0.002634     0.002010
   1978    45-49   0.002205     0.004149     0.003162
   1978    50-54   0.003226     0.005826     0.004474
   1978    55-59   0.005008     0.009170     0.006824
   1978    60-64   0.008216     0.014876     0.011249
   1978    65-69   0.014059     0.024837     0.018954
   1978    70-74   0.026886     0.043520     0.034370
   1978    75-79   0.046433     0.072133     0.057438
   1978    80-84   0.090169     0.119327     0.101604
   1978    85-89   0.152377     0.186428     0.164477
   1978    90-94   0.262856     0.267904     0.264382
   1978    95-99   0.393267     0.404138     0.396024
   1978   100-104  0.397209     0.474168     0.412423
   1978   105-109  6.000000     0.000000     0.857143
   1978   110+            .            .            .
   1979     0      0.006862     0.007648     0.007265
   1979     1-4    0.000445     0.000555     0.000502
   1979     5-9    0.000171     0.000300     0.000237
   1979    10-14   0.000146     0.000240     0.000194
   1979    15-19   0.000180     0.000507     0.000353
   1979    20-24   0.000308     0.000558     0.000446
   1979    25-29   0.000410     0.000705     0.000569
   1979    30-34   0.000627     0.000890     0.000764
   1979    35-39   0.000886     0.001508     0.001198
   1979    40-44   0.001363     0.002393     0.001872
   1979    45-49   0.002094     0.004210     0.003139
   1979    50-54   0.003293     0.006004     0.004605
   1979    55-59   0.004792     0.009100     0.006685
   1979    60-64   0.007432     0.014697     0.010697
   1979    65-69   0.013235     0.023912     0.018073
   1979    70-74   0.024073     0.041885     0.032041
   1979    75-79   0.044908     0.069266     0.055328
   1979    80-84   0.083123     0.110646     0.093961
   1979    85-89   0.145002     0.172243     0.154665
   1979    90-94   0.230930     0.260146     0.240025
   1979    95-99   0.303066     0.345000     0.313626
   1979   100-104  0.426294     0.648649     0.476452
   1979   105-109         .     1.500000     1.500000
   1979   110+            .            .            .
   1980     0      0.006128     0.007223     0.006689
   1980     1-4    0.000428     0.000559     0.000495
   1980     5-9    0.000192     0.000265     0.000229
   1980    10-14   0.000122     0.000193     0.000158
   1980    15-19   0.000240     0.000430     0.000340
   1980    20-24   0.000277     0.000547     0.000426
   1980    25-29   0.000366     0.000646     0.000517
   1980    30-34   0.000572     0.000900     0.000743
   1980    35-39   0.000873     0.001339     0.001106
   1980    40-44   0.001286     0.002419     0.001843
   1980    45-49   0.002112     0.004078     0.003083
   1980    50-54   0.003403     0.006073     0.004700
   1980    55-59   0.004753     0.009059     0.006679
   1980    60-64   0.008068     0.014938     0.011104
   1980    65-69   0.012706     0.023821     0.017736
   1980    70-74   0.023749     0.041167     0.031485
   1980    75-79   0.045709     0.071144     0.056556
   1980    80-84   0.086342     0.118105     0.098889
   1980    85-89   0.145103     0.181291     0.157932
   1980    90-94   0.232859     0.269603     0.244477
   1980    95-99   0.345154     0.394166     0.357301
   1980   100-104  0.467532     0.740741     0.524422
   1980   105-109         .            .            .
   1980   110+            .            .            .
   1981     0      0.005945     0.006519     0.006239
   1981     1-4    0.000375     0.000529     0.000454
   1981     5-9    0.000130     0.000254     0.000194
   1981    10-14   0.000103     0.000213     0.000160
   1981    15-19   0.000226     0.000569     0.000406
   1981    20-24   0.000247     0.000529     0.000402
   1981    25-29   0.000390     0.000634     0.000521
   1981    30-34   0.000592     0.000881     0.000743
   1981    35-39   0.000950     0.001379     0.001166
   1981    40-44   0.001286     0.002065     0.001669
   1981    45-49   0.001954     0.004194     0.003061
   1981    50-54   0.003156     0.006358     0.004716
   1981    55-59   0.004608     0.008869     0.006557
   1981    60-64   0.007617     0.014039     0.010412
   1981    65-69   0.012864     0.023335     0.017580
   1981    70-74   0.022913     0.039452     0.030195
   1981    75-79   0.041991     0.068341     0.053220
   1981    80-84   0.081997     0.110658     0.093320
   1981    85-89   0.151657     0.178291     0.161135
   1981    90-94   0.241137     0.265665     0.248872
   1981    95-99   0.395265     0.371135     0.388985
   1981   100-104  0.338983     0.640000     0.391608
   1981   105-109  1.500000            .     1.500000
   1981   110+            .            .            .
   1982     0      0.005145     0.006789     0.005989
   1982     1-4    0.000388     0.000446     0.000417
   1982     5-9    0.000126     0.000211     0.000170
   1982    10-14   0.000120     0.000184     0.000153
   1982    15-19   0.000220     0.000552     0.000396
   1982    20-24   0.000270     0.000575     0.000437
   1982    25-29   0.000349     0.000574     0.000471
   1982    30-34   0.000606     0.000876     0.000748
   1982    35-39   0.000798     0.001374     0.001089
   1982    40-44   0.001247     0.002111     0.001672
   1982    45-49   0.001926     0.003815     0.002858
   1982    50-54   0.002845     0.006261     0.004513
   1982    55-59   0.004478     0.008905     0.006546
   1982    60-64   0.006873     0.013350     0.009662
   1982    65-69   0.012262     0.022754     0.016958
   1982    70-74   0.021608     0.038442     0.028963
   1982    75-79   0.040284     0.065664     0.051075
   1982    80-84   0.075784     0.110528     0.089500
   1982    85-89   0.132896     0.166403     0.144834
   1982    90-94   0.218106     0.251861     0.228849
   1982    95-99   0.325159     0.338739     0.328926
   1982   100-104  0.364964     0.760563     0.423237
   1982   105-109  0.857143            .     0.857143
   1982   110+            .            .            .
   1983     0      0.004962     0.006007     0.005497
   1983     1-4    0.000436     0.000427     0.000432
   1983     5-9    0.000194     0.000224     0.000209
   1983    10-14   0.000117     0.000197     0.000159
   1983    15-19   0.000215     0.000567     0.000401
   1983    20-24   0.000316     0.000631     0.000487
   1983    25-29   0.000385     0.000664     0.000536
   1983    30-34   0.000540     0.000862     0.000710
   1983    35-39   0.000807     0.001359     0.001088
   1983    40-44   0.001161     0.002290     0.001718
   1983    45-49   0.001994     0.004035     0.002998
   1983    50-54   0.003014     0.006363     0.004654
   1983    55-59   0.004265     0.009296     0.006655
   1983    60-64   0.006962     0.013358     0.009705
   1983    65-69   0.011794     0.021626     0.016155
   1983    70-74   0.021551     0.037709     0.028584
   1983    75-79   0.038981     0.065001     0.049969
   1983    80-84   0.074673     0.108372     0.087959
   1983    85-89   0.134079     0.176353     0.149049
   1983    90-94   0.224924     0.268421     0.238771
   1983    95-99   0.324671     0.343328     0.330106
   1983   100-104  0.390456     0.387097     0.389892
   1983   105-109  0.375000            .     0.375000
   1983   110+            .            .            .
   1984     0      0.004683     0.005713     0.005210
   1984     1-4    0.000425     0.000482     0.000454
   1984     5-9    0.000162     0.000232     0.000198
   1984    10-14   0.000123     0.000198     0.000162
   1984    15-19   0.000191     0.000510     0.000359
   1984    20-24   0.000304     0.000620     0.000477
   1984    25-29   0.000327     0.000590     0.000469
   1984    30-34   0.000474     0.000861     0.000678
   1984    35-39   0.000793     0.001315     0.001060
   1984    40-44   0.001202     0.002177     0.001684
   1984    45-49   0.001976     0.003619     0.002783
   1984    50-54   0.002920     0.006244     0.004553
   1984    55-59   0.004193     0.009073     0.006531
   1984    60-64   0.006687     0.013678     0.009709
   1984    65-69   0.011519     0.021955     0.016086
   1984    70-74   0.020183     0.036132     0.027112
   1984    75-79   0.038163     0.062941     0.048553
   1984    80-84   0.073236     0.108228     0.087031
   1984    85-89   0.128101     0.162654     0.140288
   1984    90-94   0.214259     0.263133     0.229609
   1984    95-99   0.308322     0.367323     0.325459
   1984   100-104  0.400862     0.434783     0.408638
   1984   105-109  1.058824     0.000000     0.900000
   1984   110+            .            .            .
   1985     0      0.004631     0.005302     0.004974
   1985     1-4    0.000414     0.000423     0.000419
   1985     5-9    0.000125     0.000225     0.000176
   1985    10-14   0.000137     0.000183     0.000161
   1985    15-19   0.000202     0.000538     0.000378
   1985    20-24   0.000250     0.000569     0.000425
   1985    25-29   0.000358     0.000623     0.000500
   1985    30-34   0.000529     0.000760     0.000651
   1985    35-39   0.000726     0.001273     0.001007
   1985    40-44   0.001250     0.002238     0.001740
   1985    45-49   0.001972     0.003553     0.002746
   1985    50-54   0.002842     0.005954     0.004374
   1985    55-59   0.004316     0.008541     0.006349
   1985    60-64   0.006599     0.012889     0.009368
   1985    65-69   0.010978     0.021118     0.015345
   1985    70-74   0.019711     0.035489     0.026559
   1985    75-79   0.037959     0.061558     0.047787
   1985    80-84   0.068916     0.105728     0.083366
   1985    85-89   0.127555     0.168446     0.141944
   1985    90-94   0.217461     0.251619     0.228183
   1985    95-99   0.327891     0.345242     0.332867
   1985   100-104  0.660118     0.496953     0.619442
   1985   105-109  0.375000     1.500000     0.500000
   1985   110+            .            .            .
   1986     0      0.004908     0.004917     0.004912
   1986     1-4    0.000295     0.000427     0.000362
   1986     5-9    0.000121     0.000199     0.000161
   1986    10-14   0.000126     0.000153     0.000140
   1986    15-19   0.000245     0.000601     0.000431
   1986    20-24   0.000246     0.000512     0.000392
   1986    25-29   0.000406     0.000616     0.000519
   1986    30-34   0.000481     0.000695     0.000595
   1986    35-39   0.000764     0.001237     0.001008
   1986    40-44   0.001180     0.002135     0.001655
   1986    45-49   0.001812     0.003431     0.002605
   1986    50-54   0.002741     0.006231     0.004461
   1986    55-59   0.004061     0.008999     0.006448
   1986    60-64   0.006244     0.012930     0.009257
   1986    65-69   0.010449     0.020567     0.014746
   1986    70-74   0.018897     0.034160     0.025500
   1986    75-79   0.034896     0.059940     0.045246
   1986    80-84   0.069576     0.101675     0.082206
   1986    85-89   0.120737     0.159322     0.134293
   1986    90-94   0.205237     0.233751     0.214194
   1986    95-99   0.291575     0.382215     0.316928
   1986   100-104  0.466116     0.667196     0.513986
   1986   105-109  0.250000     0.000000     0.235294
   1986   110+            .            .            .
   1987     0      0.004260     0.005208     0.004747
   1987     1-4    0.000305     0.000439     0.000373
   1987     5-9    0.000159     0.000199     0.000179
   1987    10-14   0.000101     0.000179     0.000141
   1987    15-19   0.000178     0.000493     0.000343
   1987    20-24   0.000332     0.000571     0.000462
   1987    25-29   0.000356     0.000705     0.000544
   1987    30-34   0.000467     0.000752     0.000618
   1987    35-39   0.000748     0.001096     0.000929
   1987    40-44   0.001130     0.001969     0.001550
   1987    45-49   0.001731     0.003282     0.002492
   1987    50-54   0.002657     0.005502     0.004059
   1987    55-59   0.004098     0.008806     0.006383
   1987    60-64   0.006427     0.012731     0.009332
   1987    65-69   0.010231     0.019693     0.014213
   1987    70-74   0.017798     0.033631     0.024619
   1987    75-79   0.034358     0.057926     0.044042
   1987    80-84   0.066075     0.100292     0.079525
   1987    85-89   0.119079     0.163383     0.134617
   1987    90-94   0.197966     0.244756     0.212467
   1987    95-99   0.302799     0.346221     0.314697
   1987   100-104  0.366234     0.455872     0.387333
   1987   105-109  0.400000     0.000000     0.352941
   1987   110+            .            .            .
   1988     0      0.003932     0.004450     0.004199
   1988     1-4    0.000363     0.000413     0.000389
   1988     5-9    0.000140     0.000156     0.000148
   1988    10-14   0.000102     0.000204     0.000154
   1988    15-19   0.000184     0.000465     0.000331
   1988    20-24   0.000246     0.000570     0.000422
   1988    25-29   0.000383     0.000621     0.000512
   1988    30-34   0.000415     0.000731     0.000582
   1988    35-39   0.000723     0.001209     0.000976
   1988    40-44   0.001159     0.001849     0.001507
   1988    45-49   0.001715     0.003175     0.002434
   1988    50-54   0.002618     0.005461     0.004018
   1988    55-59   0.004028     0.008703     0.006307
   1988    60-64   0.006022     0.013261     0.009419
   1988    65-69   0.010124     0.020357     0.014418
   1988    70-74   0.018642     0.033372     0.024943
   1988    75-79   0.035346     0.059077     0.045083
   1988    80-84   0.065426     0.103283     0.080145
   1988    85-89   0.121932     0.166097     0.137378
   1988    90-94   0.203617     0.254408     0.219179
   1988    95-99   0.315861     0.369958     0.330428
   1988   100-104  0.378490     0.491154     0.407161
   1988   105-109  0.122449     0.750000     0.210526
   1988   110+            .            .            .
   1989     0      0.004307     0.004431     0.004371
   1989     1-4    0.000314     0.000372     0.000344
   1989     5-9    0.000137     0.000174     0.000156
   1989    10-14   0.000111     0.000180     0.000146
   1989    15-19   0.000203     0.000475     0.000345
   1989    20-24   0.000251     0.000625     0.000453
   1989    25-29   0.000299     0.000597     0.000460
   1989    30-34   0.000416     0.000703     0.000568
   1989    35-39   0.000705     0.001149     0.000937
   1989    40-44   0.001095     0.001861     0.001484
   1989    45-49   0.001682     0.003147     0.002406
   1989    50-54   0.002623     0.005329     0.003954
   1989    55-59   0.003880     0.008805     0.006293
   1989    60-64   0.006251     0.013045     0.009473
   1989    65-69   0.009971     0.019864     0.014159
   1989    70-74   0.017338     0.033428     0.024137
   1989    75-79   0.033160     0.056532     0.042765
   1989    80-84   0.063857     0.098814     0.077329
   1989    85-89   0.114312     0.163210     0.131389
   1989    90-94   0.193863     0.241707     0.208343
   1989    95-99   0.306716     0.368622     0.323317
   1989   100-104  0.438249     0.456936     0.442900
   1989   105-109  0.491803     1.090909     0.583333
   1989   110+            .            .            .
   1990     0      0.003675     0.004846     0.004277
   1990     1-4    0.000339     0.000449     0.000395
   1990     5-9    0.000123     0.000168     0.000146
   1990    10-14   0.000104     0.000180     0.000143
   1990    15-19   0.000166     0.000494     0.000336
   1990    20-24   0.000237     0.000599     0.000433
   1990    25-29   0.000334     0.000554     0.000453
   1990    30-34   0.000461     0.000795     0.000638
   1990    35-39   0.000647     0.001207     0.000939
   1990    40-44   0.001098     0.001900     0.001507
   1990    45-49   0.001673     0.003211     0.002435
   1990    50-54   0.002448     0.005106     0.003754
   1990    55-59   0.003864     0.008805     0.006293
   1990    60-64   0.005689     0.013323     0.009332
   1990    65-69   0.009560     0.020080     0.014101
   1990    70-74   0.017692     0.034023     0.024486
   1990    75-79   0.032297     0.056483     0.042253
   1990    80-84   0.063230     0.099827     0.077237
   1990    85-89   0.119987     0.162364     0.134664
   1990    90-94   0.204504     0.258966     0.220792
   1990    95-99   0.292184     0.385021     0.317346
   1990   100-104  0.465622     0.610169     0.498222
   1990   105-109  0.553846     1.200000     0.600000
   1990   110+     0.000000            .     0.000000
   1991     0      0.003881     0.004088     0.003988
   1991     1-4    0.000351     0.000338     0.000344
   1991     5-9    0.000130     0.000180     0.000155
   1991    10-14   0.000128     0.000191     0.000161
   1991    15-19   0.000164     0.000438     0.000306
   1991    20-24   0.000237     0.000536     0.000398
   1991    25-29   0.000308     0.000576     0.000452
   1991    30-34   0.000449     0.000781     0.000625
   1991    35-39   0.000694     0.001087     0.000899
   1991    40-44   0.001082     0.001904     0.001503
   1991    45-49   0.001614     0.003132     0.002370
   1991    50-54   0.002604     0.004950     0.003757
   1991    55-59   0.003684     0.008337     0.005975
   1991    60-64   0.006017     0.013462     0.009586
   1991    65-69   0.009668     0.019519     0.014019
   1991    70-74   0.016226     0.032044     0.022710
   1991    75-79   0.031961     0.056231     0.041917
   1991    80-84   0.060352     0.095809     0.073784
   1991    85-89   0.112441     0.156933     0.127838
   1991    90-94   0.192026     0.244488     0.207696
   1991    95-99   0.291989     0.359266     0.309731
   1991   100-104  0.395289     0.534345     0.423526
   1991   105-109  0.736842     0.000000     0.666667
   1991   110+     3.000000            .     3.000000
   1992     0      0.003396     0.005127     0.004288
   1992     1-4    0.000351     0.000416     0.000384
   1992     5-9    0.000137     0.000213     0.000176
   1992    10-14   0.000127     0.000134     0.000130
   1992    15-19   0.000179     0.000466     0.000328
   1992    20-24   0.000238     0.000528     0.000393
   1992    25-29   0.000316     0.000570     0.000453
   1992    30-34   0.000406     0.000741     0.000584
   1992    35-39   0.000672     0.001122     0.000907
   1992    40-44   0.001116     0.001947     0.001543
   1992    45-49   0.001655     0.003248     0.002452
   1992    50-54   0.002417     0.005022     0.003700
   1992    55-59   0.003746     0.008513     0.006093
   1992    60-64   0.005712     0.013269     0.009347
   1992    65-69   0.009242     0.019718     0.013972
   1992    70-74   0.016519     0.032517     0.023007
   1992    75-79   0.030981     0.055568     0.040999
   1992    80-84   0.060120     0.096673     0.073860
   1992    85-89   0.110706     0.157068     0.126662
   1992    90-94   0.185020     0.248286     0.203853
   1992    95-99   0.284038     0.316584     0.292342
   1992   100-104  0.372615     0.471151     0.392168
   1992   105-109  0.103448     0.750000     0.181818
   1992   110+     0.000000            .     0.000000
   1993     0      0.004600     0.004941     0.004775
   1993     1-4    0.000380     0.000346     0.000363
   1993     5-9    0.000145     0.000164     0.000155
   1993    10-14   0.000107     0.000203     0.000156
   1993    15-19   0.000151     0.000373     0.000266
   1993    20-24   0.000259     0.000535     0.000405
   1993    25-29   0.000301     0.000550     0.000435
   1993    30-34   0.000438     0.000695     0.000574
   1993    35-39   0.000646     0.001017     0.000839
   1993    40-44   0.001026     0.001943     0.001498
   1993    45-49   0.001677     0.003209     0.002447
   1993    50-54   0.002448     0.005125     0.003769
   1993    55-59   0.003645     0.008149     0.005859
   1993    60-64   0.005723     0.013097     0.009283
   1993    65-69   0.009278     0.019933     0.014176
   1993    70-74   0.016052     0.031743     0.022389
   1993    75-79   0.030397     0.055278     0.040426
   1993    80-84   0.059259     0.095021     0.072695
   1993    85-89   0.107261     0.156422     0.123990
   1993    90-94   0.186280     0.236385     0.201104
   1993    95-99   0.299823     0.321956     0.305378
   1993   100-104  0.416646     0.321231     0.398053
   1993   105-109  0.830769     0.705882     0.804878
   1993   110+     3.000000            .     3.000000
   1994     0      0.003824     0.005048     0.004453
   1994     1-4    0.000337     0.000372     0.000355
   1994     5-9    0.000089     0.000147     0.000119
   1994    10-14   0.000121     0.000143     0.000132
   1994    15-19   0.000159     0.000438     0.000303
   1994    20-24   0.000233     0.000554     0.000402
   1994    25-29   0.000330     0.000600     0.000474
   1994    30-34   0.000464     0.000690     0.000584
   1994    35-39   0.000616     0.001106     0.000871
   1994    40-44   0.000936     0.001777     0.001370
   1994    45-49   0.001626     0.003046     0.002343
   1994    50-54   0.002458     0.005083     0.003757
   1994    55-59   0.003482     0.007884     0.005644
   1994    60-64   0.005814     0.013198     0.009392
   1994    65-69   0.008850     0.020059     0.014057
   1994    70-74   0.015945     0.030866     0.022021
   1994    75-79   0.029687     0.052782     0.038865
   1994    80-84   0.056152     0.092111     0.069682
   1994    85-89   0.102469     0.149927     0.118503
   1994    90-94   0.175969     0.226993     0.191057
   1994    95-99   0.273924     0.329058     0.287559
   1994   100-104  0.373547     0.441637     0.387936
   1994   105-109  0.857143     0.827586     0.848485
   1994   110+     1.500000            .     1.500000
   1995     0      0.004171     0.004558     0.004369
   1995     1-4    0.000344     0.000401     0.000373
   1995     5-9    0.000114     0.000137     0.000125
   1995    10-14   0.000067     0.000164     0.000117
   1995    15-19   0.000121     0.000374     0.000252
   1995    20-24   0.000231     0.000546     0.000397
   1995    25-29   0.000274     0.000632     0.000464
   1995    30-34   0.000457     0.000757     0.000616
   1995    35-39   0.000626     0.001018     0.000831
   1995    40-44   0.000959     0.001788     0.001387
   1995    45-49   0.001604     0.003123     0.002375
   1995    50-54   0.002441     0.005081     0.003750
   1995    55-59   0.003692     0.008092     0.005851
   1995    60-64   0.005636     0.012882     0.009157
   1995    65-69   0.009261     0.019530     0.014062
   1995    70-74   0.015435     0.032124     0.022361
   1995    75-79   0.029731     0.055430     0.039787
   1995    80-84   0.054503     0.094826     0.069650
   1995    85-89   0.104909     0.149085     0.119719
   1995    90-94   0.173685     0.240306     0.193130
   1995    95-99   0.269179     0.349692     0.288573
   1995   100-104  0.427597     0.502183     0.443951
   1995   105-109  0.750000     0.967742     0.810811
   1995   110+     0.000000            .     0.000000
   1996     0      0.003538     0.004219     0.003888
   1996     1-4    0.000350     0.000385     0.000368
   1996     5-9    0.000138     0.000149     0.000144
   1996    10-14   0.000088     0.000135     0.000112
   1996    15-19   0.000164     0.000398     0.000285
   1996    20-24   0.000222     0.000493     0.000364
   1996    25-29   0.000292     0.000609     0.000459
   1996    30-34   0.000417     0.000729     0.000583
   1996    35-39   0.000632     0.001191     0.000924
   1996    40-44   0.001042     0.001647     0.001354
   1996    45-49   0.001627     0.003229     0.002443
   1996    50-54   0.002364     0.004951     0.003650
   1996    55-59   0.003506     0.007710     0.005567
   1996    60-64   0.005334     0.012604     0.008870
   1996    65-69   0.008446     0.019408     0.013595
   1996    70-74   0.014912     0.029608     0.021169
   1996    75-79   0.027506     0.051194     0.036671
   1996    80-84   0.050806     0.086978     0.064329
   1996    85-89   0.095564     0.144724     0.111857
   1996    90-94   0.162044     0.221800     0.179294
   1996    95-99   0.261243     0.338737     0.279903
   1996   100-104  0.399036     0.534083     0.428026
   1996   105-109  0.545455     1.090909     0.636364
   1996   110+     0.000000            .     0.000000
   1997     0      0.003790     0.004111     0.003955
   1997     1-4    0.000320     0.000399     0.000360
   1997     5-9    0.000106     0.000139     0.000123
   1997    10-14   0.000078     0.000134     0.000107
   1997    15-19   0.000142     0.000294     0.000221
   1997    20-24   0.000225     0.000449     0.000342
   1997    25-29   0.000285     0.000618     0.000460
   1997    30-34   0.000451     0.000706     0.000586
   1997    35-39   0.000553     0.001030     0.000803
   1997    40-44   0.001017     0.001617     0.001327
   1997    45-49   0.001568     0.003079     0.002340
   1997    50-54   0.002327     0.005236     0.003780
   1997    55-59   0.003422     0.007635     0.005489
   1997    60-64   0.005242     0.012345     0.008695
   1997    65-69   0.008410     0.019023     0.013408
   1997    70-74   0.013830     0.029158     0.020529
   1997    75-79   0.025639     0.050072     0.035044
   1997    80-84   0.049754     0.085919     0.063215
   1997    85-89   0.093441     0.140483     0.108866
   1997    90-94   0.165603     0.225869     0.182845
   1997    95-99   0.243762     0.335455     0.265596
   1997   100-104  0.338653     0.517469     0.373091
   1997   105-109  0.782609     2.000000     0.897638
   1997   110+     0.000000            .     0.000000
   1998     0      0.003260     0.004084     0.003684
   1998     1-4    0.000267     0.000342     0.000306
   1998     5-9    0.000107     0.000124     0.000116
   1998    10-14   0.000125     0.000104     0.000114
   1998    15-19   0.000162     0.000358     0.000264
   1998    20-24   0.000287     0.000517     0.000408
   1998    25-29   0.000253     0.000634     0.000453
   1998    30-34   0.000438     0.000781     0.000620
   1998    35-39   0.000747     0.001104     0.000934
   1998    40-44   0.001039     0.001639     0.001349
   1998    45-49   0.001668     0.003065     0.002383
   1998    50-54   0.002410     0.005111     0.003766
   1998    55-59   0.003296     0.007622     0.005421
   1998    60-64   0.005088     0.012136     0.008507
   1998    65-69   0.008116     0.018974     0.013246
   1998    70-74   0.013789     0.029580     0.020829
   1998    75-79   0.024973     0.047586     0.033691
   1998    80-84   0.049466     0.084717     0.062485
   1998    85-89   0.090014     0.137104     0.105408
   1998    90-94   0.155374     0.223938     0.174764
   1998    95-99   0.250894     0.322092     0.267433
   1998   100-104  0.340772     0.393151     0.349877
   1998   105-109  0.500000     1.384615     0.573248
   1998   110+     1.500000            .     1.500000
   1999     0      0.002844     0.003827     0.003350
   1999     1-4    0.000201     0.000398     0.000302
   1999     5-9    0.000126     0.000116     0.000121
   1999    10-14   0.000153     0.000111     0.000131
   1999    15-19   0.000168     0.000323     0.000248
   1999    20-24   0.000270     0.000548     0.000417
   1999    25-29   0.000346     0.000645     0.000502
   1999    30-34   0.000485     0.000809     0.000656
   1999    35-39   0.000611     0.001142     0.000890
   1999    40-44   0.000976     0.001716     0.001359
   1999    45-49   0.001606     0.003082     0.002363
   1999    50-54   0.002356     0.005251     0.003816
   1999    55-59   0.003443     0.007889     0.005631
   1999    60-64   0.005243     0.011890     0.008460
   1999    65-69   0.008449     0.019135     0.013514
   1999    70-74   0.014127     0.029763     0.021165
   1999    75-79   0.025649     0.047946     0.034363
   1999    80-84   0.049420     0.088455     0.063601
   1999    85-89   0.091964     0.142562     0.108518
   1999    90-94   0.160246     0.224523     0.178230
   1999    95-99   0.268905     0.330361     0.283215
   1999   100-104  0.359921     0.437496     0.372868
   1999   105-109  0.536313     1.000000     0.565445
   1999   110+            .            .            .
   2000     0      0.003381     0.003945     0.003670
   2000     1-4    0.000256     0.000259     0.000258
   2000     5-9    0.000090     0.000163     0.000127
   2000    10-14   0.000093     0.000122     0.000108
   2000    15-19   0.000146     0.000299     0.000225
   2000    20-24   0.000273     0.000514     0.000400
   2000    25-29   0.000351     0.000545     0.000452
   2000    30-34   0.000444     0.000816     0.000640
   2000    35-39   0.000537     0.001132     0.000850
   2000    40-44   0.001022     0.001593     0.001318
   2000    45-49   0.001559     0.003060     0.002330
   2000    50-54   0.002546     0.004752     0.003663
   2000    55-59   0.003332     0.007797     0.005534
   2000    60-64   0.004706     0.011713     0.008091
   2000    65-69   0.007682     0.018204     0.012680
   2000    70-74   0.013058     0.028633     0.020106
   2000    75-79   0.023568     0.045603     0.032377
   2000    80-84   0.046076     0.083837     0.059567
   2000    85-89   0.084307     0.133357     0.100343
   2000    90-94   0.152120     0.214546     0.169340
   2000    95-99   0.239570     0.315834     0.257107
   2000   100-104  0.340745     0.525385     0.370689
   2000   105-109  0.445312     0.529412     0.455172
   2000   110+     0.000000            .     0.000000
   2001     0      0.002820     0.003278     0.003055
   2001     1-4    0.000315     0.000258     0.000285
   2001     5-9    0.000076     0.000127     0.000102
   2001    10-14   0.000039     0.000099     0.000069
   2001    15-19   0.000176     0.000316     0.000248
   2001    20-24   0.000222     0.000489     0.000363
   2001    25-29   0.000290     0.000546     0.000423
   2001    30-34   0.000399     0.000755     0.000585
   2001    35-39   0.000632     0.001002     0.000827
   2001    40-44   0.000956     0.001604     0.001293
   2001    45-49   0.001449     0.002915     0.002203
   2001    50-54   0.002348     0.004776     0.003581
   2001    55-59   0.003228     0.007675     0.005428
   2001    60-64   0.004517     0.011224     0.007756
   2001    65-69   0.007346     0.017894     0.012361
   2001    70-74   0.012776     0.028223     0.019792
   2001    75-79   0.022615     0.043276     0.031083
   2001    80-84   0.043793     0.078899     0.056179
   2001    85-89   0.083357     0.133243     0.099579
   2001    90-94   0.146960     0.204229     0.162599
   2001    95-99   0.238732     0.316113     0.256082
   2001   100-104  0.389594     0.476568     0.404362
   2001   105-109  0.683544     0.728072     0.691238
   2001   110+     3.000000            .     3.000000
   2002     0      0.002920     0.003052     0.002988
   2002     1-4    0.000214     0.000289     0.000253
   2002     5-9    0.000101     0.000076     0.000088
   2002    10-14   0.000079     0.000100     0.000090
   2002    15-19   0.000200     0.000359     0.000282
   2002    20-24   0.000233     0.000445     0.000344
   2002    25-29   0.000267     0.000481     0.000379
   2002    30-34   0.000436     0.000776     0.000613
   2002    35-39   0.000555     0.001000     0.000789
   2002    40-44   0.000838     0.001558     0.001214
   2002    45-49   0.001277     0.002775     0.002048
   2002    50-54   0.002320     0.004728     0.003546
   2002    55-59   0.003158     0.007179     0.005157
   2002    60-64   0.004584     0.010864     0.007622
   2002    65-69   0.006867     0.016928     0.011651
   2002    70-74   0.012004     0.027310     0.018970
   2002    75-79   0.021809     0.043101     0.030737
   2002    80-84   0.042738     0.075332     0.054125
   2002    85-89   0.079482     0.128547     0.095348
   2002    90-94   0.142325     0.205939     0.159520
   2002    95-99   0.232306     0.307796     0.249072
   2002   100-104  0.373961     0.438562     0.385156
   2002   105-109  0.409449     0.410959     0.409692
   2002   110+     0.000000            .     0.000000
   2003     0      0.002878     0.003089     0.002987
   2003     1-4    0.000217     0.000251     0.000235
   2003     5-9    0.000109     0.000087     0.000098
   2003    10-14   0.000102     0.000097     0.000100
   2003    15-19   0.000167     0.000317     0.000245
   2003    20-24   0.000278     0.000414     0.000349
   2003    25-29   0.000349     0.000486     0.000420
   2003    30-34   0.000468     0.000710     0.000593
   2003    35-39   0.000607     0.000951     0.000787
   2003    40-44   0.000821     0.001722     0.001292
   2003    45-49   0.001355     0.002663     0.002029
   2003    50-54   0.002244     0.004855     0.003576
   2003    55-59   0.003108     0.007193     0.005149
   2003    60-64   0.004356     0.010528     0.007352
   2003    65-69   0.006864     0.016633     0.011503
   2003    70-74   0.011603     0.025857     0.018115
   2003    75-79   0.020692     0.042049     0.029797
   2003    80-84   0.042191     0.077053     0.054342
   2003    85-89   0.079596     0.130945     0.096045
   2003    90-94   0.140331     0.202845     0.157094
   2003    95-99   0.230794     0.315382     0.249232
   2003   100-104  0.348101     0.418510     0.359599
   2003   105-109  0.493827     0.531646     0.499115
   2003   110+     0.857143            .     0.857143
   2004     0      0.002317     0.003004     0.002670
   2004     1-4    0.000169     0.000246     0.000209
   2004     5-9    0.000082     0.000107     0.000095
   2004    10-14   0.000084     0.000152     0.000119
   2004    15-19   0.000191     0.000236     0.000214
   2004    20-24   0.000248     0.000425     0.000340
   2004    25-29   0.000319     0.000481     0.000404
   2004    30-34   0.000403     0.000745     0.000579
   2004    35-39   0.000575     0.000968     0.000781
   2004    40-44   0.000950     0.001591     0.001285
   2004    45-49   0.001384     0.002559     0.001991
   2004    50-54   0.002289     0.004343     0.003339
   2004    55-59   0.003172     0.006872     0.005030
   2004    60-64   0.004355     0.011025     0.007600
   2004    65-69   0.006660     0.016123     0.011151
   2004    70-74   0.011262     0.025819     0.017940
   2004    75-79   0.020257     0.040735     0.029061
   2004    80-84   0.040620     0.073923     0.052380
   2004    85-89   0.077605     0.121700     0.091521
   2004    90-94   0.138831     0.194427     0.153820
   2004    95-99   0.228417     0.311682     0.246116
   2004   100-104  0.362247     0.445361     0.376259
   2004   105-109  0.406452     0.620690     0.432815
   2004   110+     0.000000            .     0.000000
   2005     0      0.002343     0.003046     0.002702
   2005     1-4    0.000218     0.000304     0.000262
   2005     5-9    0.000077     0.000110     0.000094
   2005    10-14   0.000079     0.000105     0.000092
   2005    15-19   0.000197     0.000271     0.000235
   2005    20-24   0.000301     0.000456     0.000382
   2005    25-29   0.000300     0.000555     0.000433
   2005    30-34   0.000419     0.000675     0.000551
   2005    35-39   0.000578     0.000965     0.000779
   2005    40-44   0.000775     0.001545     0.001177
   2005    45-49   0.001392     0.002567     0.001999
   2005    50-54   0.002137     0.004274     0.003231
   2005    55-59   0.003030     0.006823     0.004942
   2005    60-64   0.004289     0.011042     0.007579
   2005    65-69   0.006674     0.015860     0.011032
   2005    70-74   0.011685     0.025502     0.018042
   2005    75-79   0.020546     0.041788     0.029717
   2005    80-84   0.039942     0.076300     0.053040
   2005    85-89   0.076898     0.130181     0.093482
   2005    90-94   0.143416     0.212462     0.162070
   2005    95-99   0.240639     0.337546     0.260914
   2005   100-104  0.353457     0.456782     0.370395
   2005   105-109  0.668648     0.933333     0.699869
   2005   110+     0.857143            .     0.857143
   2006     0      0.002855     0.003156     0.003009
   2006     1-4    0.000232     0.000287     0.000260
   2006     5-9    0.000076     0.000056     0.000066
   2006    10-14   0.000065     0.000116     0.000091
   2006    15-19   0.000178     0.000307     0.000244
   2006    20-24   0.000281     0.000379     0.000332
   2006    25-29   0.000355     0.000446     0.000402
   2006    30-34   0.000358     0.000661     0.000514
   2006    35-39   0.000536     0.000875     0.000712
   2006    40-44   0.000808     0.001550     0.001196
   2006    45-49   0.001321     0.002479     0.001921
   2006    50-54   0.002047     0.003906     0.003000
   2006    55-59   0.003031     0.006860     0.004967
   2006    60-64   0.004053     0.010307     0.007106
   2006    65-69   0.006611     0.015427     0.010792
   2006    70-74   0.010713     0.024832     0.017211
   2006    75-79   0.020056     0.040648     0.028951
   2006    80-84   0.038723     0.071723     0.050890
   2006    85-89   0.074312     0.123453     0.089403
   2006    90-94   0.138240     0.206147     0.156384
   2006    95-99   0.231184     0.323095     0.250150
   2006   100-104  0.363233     0.446900     0.376248
   2006   105-109  0.640770     0.848485     0.666734
   2006   110+     1.200000            .     1.200000
   2007     0      0.002294     0.003156     0.002738
   2007     1-4    0.000173     0.000231     0.000203
   2007     5-9    0.000072     0.000060     0.000066
   2007    10-14   0.000047     0.000094     0.000071
   2007    15-19   0.000174     0.000254     0.000215
   2007    20-24   0.000255     0.000418     0.000340
   2007    25-29   0.000342     0.000478     0.000412
   2007    30-34   0.000397     0.000700     0.000553
   2007    35-39   0.000555     0.000914     0.000740
   2007    40-44   0.000851     0.001469     0.001174
   2007    45-49   0.001397     0.002344     0.001889
   2007    50-54   0.002126     0.003841     0.003006
   2007    55-59   0.003095     0.006620     0.004881
   2007    60-64   0.004056     0.010622     0.007271
   2007    65-69   0.006356     0.015695     0.010784
   2007    70-74   0.010593     0.023895     0.016700
   2007    75-79   0.019294     0.040073     0.028256
   2007    80-84   0.038480     0.072404     0.051282
   2007    85-89   0.074020     0.123157     0.088946
   2007    90-94   0.138122     0.202724     0.155235
   2007    95-99   0.230671     0.304121     0.245755
   2007   100-104  0.367280     0.498411     0.386564
   2007   105-109  0.492254     0.779766     0.522815
   2007   110+     1.000000            .     1.000000
   2008     0      0.002765     0.002296     0.002524
   2008     1-4    0.000230     0.000234     0.000232
   2008     5-9    0.000084     0.000096     0.000091
   2008    10-14   0.000042     0.000113     0.000079
   2008    15-19   0.000139     0.000231     0.000186
   2008    20-24   0.000244     0.000397     0.000323
   2008    25-29   0.000301     0.000490     0.000400
   2008    30-34   0.000419     0.000618     0.000522
   2008    35-39   0.000550     0.000905     0.000732
   2008    40-44   0.000827     0.001443     0.001148
   2008    45-49   0.001378     0.002277     0.001846
   2008    50-54   0.001998     0.003697     0.002871
   2008    55-59   0.002854     0.006705     0.004808
   2008    60-64   0.003981     0.010410     0.007145
   2008    65-69   0.006165     0.014904     0.010309
   2008    70-74   0.010636     0.024089     0.016793
   2008    75-79   0.018992     0.039547     0.027869
   2008    80-84   0.036982     0.071860     0.050343
   2008    85-89   0.071806     0.120904     0.086698
   2008    90-94   0.134244     0.202981     0.152199
   2008    95-99   0.234693     0.318568     0.251865
   2008   100-104  0.359972     0.451779     0.373252
   2008   105-109  0.498454     1.440416     0.564244
   2008   110+     1.600000            .     1.600000
   2009     0      0.002185     0.002527     0.002360
   2009     1-4    0.000212     0.000232     0.000222
   2009     5-9    0.000102     0.000097     0.000099
   2009    10-14   0.000076     0.000104     0.000090
   2009    15-19   0.000173     0.000230     0.000202
   2009    20-24   0.000260     0.000476     0.000371
   2009    25-29   0.000322     0.000544     0.000438
   2009    30-34   0.000408     0.000671     0.000544
   2009    35-39   0.000552     0.000910     0.000736
   2009    40-44   0.000736     0.001438     0.001101
   2009    45-49   0.001379     0.002383     0.001901
   2009    50-54   0.001879     0.003667     0.002800
   2009    55-59   0.003030     0.006244     0.004667
   2009    60-64   0.003834     0.009558     0.006664
   2009    65-69   0.005626     0.015499     0.010304
   2009    70-74   0.009644     0.023083     0.015777
   2009    75-79   0.017476     0.038337     0.026513
   2009    80-84   0.035426     0.068158     0.048055
   2009    85-89   0.070119     0.118649     0.085065
   2009    90-94   0.129237     0.202419     0.147907
   2009    95-99   0.227792     0.296598     0.241898
   2009   100-104  0.347694     0.439029     0.360662
   2009   105-109  0.569721     0.340909     0.552396
   2009   110+     0.666667            .     0.666667
   2010     0      0.001939     0.002149     0.002046
   2010     1-4    0.000152     0.000225     0.000189
   2010     5-9    0.000081     0.000077     0.000079
   2010    10-14   0.000088     0.000132     0.000111
   2010    15-19   0.000153     0.000216     0.000185
   2010    20-24   0.000233     0.000472     0.000356
   2010    25-29   0.000266     0.000522     0.000399
   2010    30-34   0.000373     0.000614     0.000497
   2010    35-39   0.000513     0.000860     0.000691
   2010    40-44   0.000834     0.001349     0.001101
   2010    45-49   0.001141     0.002301     0.001744
   2010    50-54   0.002055     0.003760     0.002935
   2010    55-59   0.002862     0.006439     0.004688
   2010    60-64   0.004098     0.009929     0.006995
   2010    65-69   0.006033     0.015349     0.010441
   2010    70-74   0.009714     0.023443     0.015972
   2010    75-79   0.017712     0.038276     0.026630
   2010    80-84   0.035510     0.070662     0.049123
   2010    85-89   0.072176     0.124048     0.088502
   2010    90-94   0.135086     0.205816     0.152855
   2010    95-99   0.239220     0.331102     0.258004
   2010   100-104  0.375014     0.570051     0.401250
   2010   105-109  0.474346     0.714705     0.496941
   2010   110+     0.620690            .     0.620690
   2011     0      0.002044     0.002097     0.002072
   2011     1-4    0.000187     0.000187     0.000187
   2011     5-9    0.000082     0.000082     0.000082
   2011    10-14   0.000063     0.000095     0.000079
   2011    15-19   0.000147     0.000285     0.000217
   2011    20-24   0.000287     0.000457     0.000375
   2011    25-29   0.000353     0.000499     0.000429
   2011    30-34   0.000417     0.000572     0.000497
   2011    35-39   0.000527     0.000773     0.000653
   2011    40-44   0.000847     0.001347     0.001105
   2011    45-49   0.001339     0.002153     0.001762
   2011    50-54   0.001957     0.003451     0.002730
   2011    55-59   0.002852     0.006136     0.004530
   2011    60-64   0.004203     0.009836     0.007011
   2011    65-69   0.005834     0.015815     0.010562
   2011    70-74   0.009603     0.022235     0.015371
   2011    75-79   0.017759     0.037148     0.026165
   2011    80-84   0.034543     0.069366     0.048052
   2011    85-89   0.069383     0.117672     0.084961
   2011    90-94   0.133226     0.205997     0.151266
   2011    95-99   0.238352     0.316536     0.254004
   2011   100-104  0.385590     0.447888     0.394228
   2011   105-109  0.508541     0.756757     0.528244
   2011   110+     0.486486            .     0.486486
   2012     0      0.002082     0.002391     0.002241
   2012     1-4    0.000137     0.000194     0.000166
   2012     5-9    0.000103     0.000103     0.000103
   2012    10-14   0.000074     0.000091     0.000083
   2012    15-19   0.000121     0.000207     0.000165
   2012    20-24   0.000200     0.000415     0.000310
   2012    25-29   0.000294     0.000483     0.000392
   2012    30-34   0.000310     0.000596     0.000458
   2012    35-39   0.000475     0.000742     0.000612
   2012    40-44   0.000842     0.001324     0.001090
   2012    45-49   0.001184     0.002125     0.001673
   2012    50-54   0.002017     0.003439     0.002754
   2012    55-59   0.002672     0.005532     0.004135
   2012    60-64   0.004003     0.009555     0.006778
   2012    65-69   0.005793     0.015041     0.010202
   2012    70-74   0.009444     0.022137     0.015252
   2012    75-79   0.017002     0.037760     0.026005
   2012    80-84   0.034054     0.068363     0.047409
   2012    85-89   0.071135     0.119565     0.087130
   2012    90-94   0.138282     0.210796     0.156034
   2012    95-99   0.244043     0.342365     0.263340
   2012   100-104  0.391751     0.516213     0.409502
   2012   105-109  0.648234     0.690265     0.651437
   2012   110+     0.810811            .     0.810811
   2013     0      0.001966     0.002046     0.002007
   2013     1-4    0.000126     0.000154     0.000140
   2013     5-9    0.000064     0.000086     0.000075
   2013    10-14   0.000050     0.000103     0.000077
   2013    15-19   0.000115     0.000237     0.000177
   2013    20-24   0.000232     0.000440     0.000338
   2013    25-29   0.000233     0.000487     0.000363
   2013    30-34   0.000352     0.000486     0.000421
   2013    35-39   0.000450     0.000748     0.000603
   2013    40-44   0.000751     0.001198     0.000980
   2013    45-49   0.001161     0.002020     0.001607
   2013    50-54   0.001941     0.003577     0.002789
   2013    55-59   0.002694     0.005427     0.004094
   2013    60-64   0.003905     0.009367     0.006640
   2013    65-69   0.005698     0.014533     0.009946
   2013    70-74   0.009071     0.021974     0.014978
   2013    75-79   0.016125     0.036840     0.025109
   2013    80-84   0.033367     0.067091     0.046596
   2013    85-89   0.068875     0.117631     0.085223
   2013    90-94   0.137386     0.202933     0.153461
   2013    95-99   0.250335     0.337093     0.266932
   2013   100-104  0.389853     0.458801     0.399684
   2013   105-109  0.496583     0.672414     0.508587
   2013   110+     0.933333     0.000000     0.875000
   2014     0      0.001684     0.002105     0.001899
   2014     1-4    0.000200     0.000143     0.000171
   2014     5-9    0.000072     0.000089     0.000081
   2014    10-14   0.000070     0.000123     0.000097
   2014    15-19   0.000107     0.000264     0.000187
   2014    20-24   0.000193     0.000420     0.000308
   2014    25-29   0.000261     0.000439     0.000352
   2014    30-34   0.000345     0.000540     0.000445
   2014    35-39   0.000479     0.000721     0.000603
   2014    40-44   0.000708     0.001143     0.000930
   2014    45-49   0.001149     0.001886     0.001530
   2014    50-54   0.001807     0.003183     0.002521
   2014    55-59   0.002621     0.005224     0.003958
   2014    60-64   0.003974     0.009032     0.006515
   2014    65-69   0.005485     0.013966     0.009589
   2014    70-74   0.009051     0.022413     0.015167
   2014    75-79   0.016368     0.035564     0.024701
   2014    80-84   0.032846     0.064148     0.045217
   2014    85-89   0.066881     0.114268     0.082904
   2014    90-94   0.132786     0.197682     0.149030
   2014    95-99   0.228858     0.319727     0.245736
   2014   100-104  0.376266     0.435180     0.384738
   2014   105-109  0.528319     0.738462     0.543403
   2014   110+     0.181818     0.750000     0.243243
   2015     0      0.001668     0.001837     0.001754
   2015     1-4    0.000130     0.000197     0.000164
   2015     5-9    0.000063     0.000116     0.000090
   2015    10-14   0.000033     0.000108     0.000071
   2015    15-19   0.000102     0.000227     0.000166
   2015    20-24   0.000190     0.000403     0.000298
   2015    25-29   0.000256     0.000417     0.000338
   2015    30-34   0.000278     0.000526     0.000405
   2015    35-39   0.000369     0.000695     0.000536
   2015    40-44   0.000713     0.001161     0.000942
   2015    45-49   0.001131     0.001904     0.001531
   2015    50-54   0.001777     0.003139     0.002484
   2015    55-59   0.002379     0.005250     0.003855
   2015    60-64   0.003717     0.008564     0.006160
   2015    65-69   0.005480     0.013763     0.009506
   2015    70-74   0.008878     0.021939     0.014861
   2015    75-79   0.015815     0.034512     0.023942
   2015    80-84   0.030901     0.060885     0.042843
   2015    85-89   0.064688     0.111262     0.080517
   2015    90-94   0.128609     0.195555     0.145856
   2015    95-99   0.231621     0.305525     0.245120
   2015   100-104  0.379439     0.492633     0.395550
   2015   105-109  0.527236     0.592593     0.532701
   2015   110+     0.607595     0.750000     0.620690
   2016     0      0.001991     0.002086     0.002040
   2016     1-4    0.000134     0.000177     0.000156
   2016     5-9    0.000074     0.000098     0.000087
   2016    10-14   0.000038     0.000105     0.000072
   2016    15-19   0.000126     0.000192     0.000160
   2016    20-24   0.000171     0.000388     0.000282
   2016    25-29   0.000210     0.000414     0.000314
   2016    30-34   0.000288     0.000483     0.000388
   2016    35-39   0.000472     0.000654     0.000565
   2016    40-44   0.000687     0.000948     0.000821
   2016    45-49   0.001046     0.001833     0.001451
   2016    50-54   0.001802     0.002844     0.002344
   2016    55-59   0.002549     0.005188     0.003908
   2016    60-64   0.003479     0.008466     0.005999
   2016    65-69   0.005485     0.013790     0.009536
   2016    70-74   0.008668     0.021610     0.014613
   2016    75-79   0.015269     0.033996     0.023415
   2016    80-84   0.030629     0.059404     0.042159
   2016    85-89   0.062082     0.109822     0.078369
   2016    90-94   0.126366     0.188290     0.142807
   2016    95-99   0.226869     0.300321     0.240294
   2016   100-104  0.379519     0.463612     0.391051
   2016   105-109  0.592505     0.979848     0.629554
   2016   110+     0.537313     1.500000     0.591549
   2017     0      0.001445     0.001650     0.001550
   2017     1-4    0.000219     0.000150     0.000183
   2017     5-9    0.000069     0.000089     0.000080
   2017    10-14   0.000046     0.000093     0.000070
   2017    15-19   0.000138     0.000218     0.000179
   2017    20-24   0.000155     0.000414     0.000286
   2017    25-29   0.000215     0.000386     0.000301
   2017    30-34   0.000260     0.000443     0.000353
   2017    35-39   0.000400     0.000606     0.000505
   2017    40-44   0.000703     0.001001     0.000856
   2017    45-49   0.001039     0.001741     0.001398
   2017    50-54   0.001677     0.002844     0.002283
   2017    55-59   0.002377     0.004990     0.003727
   2017    60-64   0.003412     0.007964     0.005716
   2017    65-69   0.005698     0.013628     0.009580
   2017    70-74   0.008599     0.021428     0.014533
   2017    75-79   0.015021     0.033995     0.023277
   2017    80-84   0.028965     0.059483     0.041199
   2017    85-89   0.062017     0.108019     0.077825
   2017    90-94   0.125279     0.194367     0.144091
   2017    95-99   0.228398     0.319051     0.244915
   2017   100-104  0.373220     0.470494     0.386135
   2017   105-109  0.704593     0.666667     0.700608
   2017   110+     1.125000            .     1.125000
   2018     0      0.001439     0.001976     0.001714
   2018     1-4    0.000159     0.000157     0.000158
   2018     5-9    0.000057     0.000069     0.000063
   2018    10-14   0.000076     0.000104     0.000090
   2018    15-19   0.000128     0.000239     0.000184
   2018    20-24   0.000180     0.000383     0.000282
   2018    25-29   0.000240     0.000383     0.000312
   2018    30-34   0.000270     0.000513     0.000394
   2018    35-39   0.000382     0.000636     0.000512
   2018    40-44   0.000645     0.000936     0.000794
   2018    45-49   0.001029     0.001733     0.001389
   2018    50-54   0.001699     0.003051     0.002400
   2018    55-59   0.002419     0.004832     0.003667
   2018    60-64   0.003523     0.007945     0.005767
   2018    65-69   0.005394     0.013139     0.009200
   2018    70-74   0.008566     0.021104     0.014417
   2018    75-79   0.014931     0.033494     0.023012
   2018    80-84   0.029689     0.058199     0.041103
   2018    85-89   0.060956     0.107287     0.077042
   2018    90-94   0.122909     0.187966     0.140843
   2018    95-99   0.229529     0.312813     0.244787
   2018   100-104  0.388158     0.488133     0.401133
   2018   105-109  0.568875     0.737968     0.583810
   2018   110+     0.352941            .     0.352941
   2019     0      0.001415     0.001429     0.001422
   2019     1-4    0.000136     0.000148     0.000142
   2019     5-9    0.000056     0.000080     0.000069
   2019    10-14   0.000075     0.000091     0.000083
   2019    15-19   0.000127     0.000268     0.000198
   2019    20-24   0.000168     0.000347     0.000258
   2019    25-29   0.000220     0.000314     0.000267
   2019    30-34   0.000266     0.000466     0.000368
   2019    35-39   0.000437     0.000597     0.000519
   2019    40-44   0.000564     0.000932     0.000752
   2019    45-49   0.001011     0.001583     0.001302
   2019    50-54   0.001594     0.002919     0.002279
   2019    55-59   0.002364     0.004600     0.003522
   2019    60-64   0.003506     0.007698     0.005639
   2019    65-69   0.005363     0.013569     0.009413
   2019    70-74   0.008320     0.020327     0.013965
   2019    75-79   0.015031     0.034360     0.023447
   2019    80-84   0.029133     0.058908     0.041036
   2019    85-89   0.059591     0.102737     0.074683
   2019    90-94   0.119644     0.181423     0.136843
   2019    95-99   0.223812     0.299568     0.238055
   2019   100-104  0.390885     0.476168     0.401801
   2019   105-109  0.553659     1.064122     0.590280
   2019   110+     1.255814            .     1.255814
   2020     0      0.001460     0.001294     0.001375
   2020     1-4    0.000099     0.000161     0.000131
   2020     5-9    0.000064     0.000049     0.000056
   2020    10-14   0.000086     0.000102     0.000094
   2020    15-19   0.000173     0.000234     0.000204
   2020    20-24   0.000207     0.000406     0.000306
   2020    25-29   0.000252     0.000353     0.000303
   2020    30-34   0.000269     0.000435     0.000353
   2020    35-39   0.000380     0.000621     0.000503
   2020    40-44   0.000591     0.001058     0.000830
   2020    45-49   0.001018     0.001641     0.001334
   2020    50-54   0.001647     0.002814     0.002248
   2020    55-59   0.002274     0.004568     0.003463
   2020    60-64   0.003561     0.007853     0.005751
   2020    65-69   0.005383     0.012939     0.009128
   2020    70-74   0.008392     0.020527     0.014132
   2020    75-79   0.014791     0.033774     0.023063
   2020    80-84   0.027962     0.057129     0.039616
   2020    85-89   0.056360     0.098490     0.071200
   2020    90-94   0.114681     0.174926     0.131610
   2020    95-99   0.211494     0.285064     0.225828
   2020   100-104  0.352576     0.429575     0.362324
   2020   105-109  0.592102     0.605174     0.593095
   2020   110+     0.764331     0.000000     0.697674
   2021     0      0.001542     0.001837     0.001693
   2021     1-4    0.000107     0.000117     0.000112
   2021     5-9    0.000035     0.000057     0.000046
   2021    10-14   0.000065     0.000142     0.000105
   2021    15-19   0.000195     0.000253     0.000224
   2021    20-24   0.000302     0.000387     0.000344
   2021    25-29   0.000278     0.000371     0.000325
   2021    30-34   0.000303     0.000433     0.000369
   2021    35-39   0.000367     0.000684     0.000529
   2021    40-44   0.000674     0.000886     0.000783
   2021    45-49   0.000976     0.001728     0.001358
   2021    50-54   0.001652     0.002907     0.002295
   2021    55-59   0.002356     0.004515     0.003475
   2021    60-64   0.003331     0.007672     0.005551
   2021    65-69   0.005506     0.012748     0.009104
   2021    70-74   0.008644     0.021653     0.014826
   2021    75-79   0.015114     0.034112     0.023423
   2021    80-84   0.027598     0.057374     0.039531
   2021    85-89   0.058078     0.102938     0.073959
   2021    90-94   0.118680     0.177793     0.135440
   2021    95-99   0.215987     0.293008     0.231601
   2021   100-104  0.343565     0.426154     0.353918
   2021   105-109  0.511276     0.670968     0.524467
   2021   110+     1.232455     3.000000     1.345723
   2022     0      0.001603     0.001564     0.001583
   2022     1-4    0.000135     0.000139     0.000137
   2022     5-9    0.000059     0.000079     0.000069
   2022    10-14   0.000089     0.000058     0.000073
   2022    15-19   0.000177     0.000214     0.000196
   2022    20-24   0.000302     0.000355     0.000328
   2022    25-29   0.000242     0.000396     0.000319
   2022    30-34   0.000337     0.000470     0.000404
   2022    35-39   0.000434     0.000614     0.000526
   2022    40-44   0.000629     0.000937     0.000787
   2022    45-49   0.001045     0.001598     0.001326
   2022    50-54   0.001670     0.002820     0.002257
   2022    55-59   0.002366     0.004730     0.003590
   2022    60-64   0.003628     0.007684     0.005709
   2022    65-69   0.005449     0.012906     0.009165
   2022    70-74   0.009243     0.022299     0.015469
   2022    75-79   0.015974     0.036086     0.024851
   2022    80-84   0.030164     0.060778     0.042487
   2022    85-89   0.061837     0.109371     0.078663
   2022    90-94   0.125765     0.194677     0.145522
   2022    95-99   0.235146     0.313789     0.251532
   2022   100-104  0.385024     0.484319     0.397586
   2022   105-109  0.588635     0.782973     0.603254
   2022   110+     1.518987            .     1.518987
