16.Toyama.ken, Death Rates (period 5x1)     Last modified:2023-12-05, ver.004_004 JMD(IPSS)

   Year      Age       Female       Male         Total
   1947     0      0.118997     0.132432     0.125895
   1947     1-4    0.021595     0.021253     0.021422
   1947     5-9    0.003541     0.003153     0.003345
   1947    10-14   0.001678     0.002100     0.001887
   1947    15-19   0.004508     0.004937     0.004712
   1947    20-24   0.009469     0.008275     0.008907
   1947    25-29   0.007950     0.007291     0.007648
   1947    30-34   0.006747     0.006735     0.006742
   1947    35-39   0.006524     0.009396     0.007882
   1947    40-44   0.007887     0.010048     0.008953
   1947    45-49   0.009739     0.013610     0.011686
   1947    50-54   0.011955     0.019054     0.015483
   1947    55-59   0.016935     0.027606     0.022110
   1947    60-64   0.029491     0.043074     0.035677
   1947    65-69   0.039061     0.069188     0.052112
   1947    70-74   0.069568     0.085447     0.075962
   1947    75-79   0.114212     0.131490     0.120457
   1947    80-84   0.193088     0.201665     0.195736
   1947    85-89   0.308703     0.330513     0.315881
   1947    90-94   0.394425     0.351558     0.378378
   1947    95-99   0.685088     0.363489     0.514414
   1947   100-104         .     2.790698     2.790698
   1947   105-109         .     3.000000     3.000000
   1947   110+            .            .            .
   1948     0      0.082739     0.093000     0.087985
   1948     1-4    0.015121     0.015494     0.015311
   1948     5-9    0.002295     0.003192     0.002750
   1948    10-14   0.001771     0.001608     0.001690
   1948    15-19   0.003939     0.004450     0.004182
   1948    20-24   0.008111     0.007632     0.007883
   1948    25-29   0.007192     0.007909     0.007519
   1948    30-34   0.005728     0.006412     0.006046
   1948    35-39   0.006443     0.008205     0.007274
   1948    40-44   0.007360     0.008636     0.007983
   1948    45-49   0.008484     0.011919     0.010205
   1948    50-54   0.011524     0.016064     0.013780
   1948    55-59   0.016959     0.026151     0.021420
   1948    60-64   0.026482     0.036962     0.031313
   1948    65-69   0.037593     0.057342     0.046121
   1948    70-74   0.060726     0.087936     0.071652
   1948    75-79   0.090198     0.123943     0.102568
   1948    80-84   0.157648     0.171100     0.161871
   1948    85-89   0.210387     0.233786     0.217764
   1948    90-94   0.239149     0.348521     0.277910
   1948    95-99   0.455466     0.000000     0.183861
   1948   100-104         .     0.000000     0.000000
   1948   105-109         .            .            .
   1948   110+            .            .            .
   1949     0      0.095196     0.102574     0.098956
   1949     1-4    0.016967     0.017141     0.017056
   1949     5-9    0.002683     0.002734     0.002709
   1949    10-14   0.001642     0.001162     0.001401
   1949    15-19   0.003367     0.003217     0.003295
   1949    20-24   0.007437     0.007125     0.007288
   1949    25-29   0.006554     0.006056     0.006327
   1949    30-34   0.006416     0.006330     0.006376
   1949    35-39   0.005303     0.005821     0.005547
   1949    40-44   0.007176     0.008918     0.008018
   1949    45-49   0.007665     0.009923     0.008790
   1949    50-54   0.010682     0.014874     0.012769
   1949    55-59   0.016397     0.023852     0.020025
   1949    60-64   0.025142     0.039175     0.031671
   1949    65-69   0.036469     0.055144     0.044545
   1949    70-74   0.061802     0.092178     0.073983
   1949    75-79   0.090095     0.125224     0.103040
   1949    80-84   0.146708     0.212714     0.167120
   1949    85-89   0.214558     0.306100     0.242484
   1949    90-94   0.344987     0.244426     0.311430
   1949    95-99   0.319659     0.390625     0.363710
   1949   100-104         .     0.000000     0.000000
   1949   105-109         .            .            .
   1949   110+            .            .            .
   1950     0      0.078074     0.084235     0.081227
   1950     1-4    0.014918     0.013002     0.013939
   1950     5-9    0.002593     0.002103     0.002345
   1950    10-14   0.001444     0.001107     0.001274
   1950    15-19   0.002439     0.002352     0.002397
   1950    20-24   0.004865     0.004919     0.004891
   1950    25-29   0.005293     0.005006     0.005161
   1950    30-34   0.004734     0.005183     0.004941
   1950    35-39   0.005349     0.005463     0.005402
   1950    40-44   0.005453     0.007395     0.006384
   1950    45-49   0.008169     0.010238     0.009192
   1950    50-54   0.010285     0.013466     0.011873
   1950    55-59   0.017146     0.020900     0.018982
   1950    60-64   0.022334     0.035423     0.028445
   1950    65-69   0.038967     0.058534     0.047449
   1950    70-74   0.063804     0.084529     0.072160
   1950    75-79   0.100382     0.124896     0.109450
   1950    80-84   0.161633     0.216400     0.178331
   1950    85-89   0.282647     0.315814     0.292218
   1950    90-94   0.430116     0.318653     0.393096
   1950    95-99   0.631048     0.119713     0.368626
   1950   100-104         .     0.943396     0.943396
   1950   105-109         .            .            .
   1950   110+            .            .            .
   1951     0      0.083310     0.084797     0.084075
   1951     1-4    0.011835     0.012510     0.012179
   1951     5-9    0.002157     0.001538     0.001843
   1951    10-14   0.001228     0.001143     0.001185
   1951    15-19   0.002115     0.002296     0.002203
   1951    20-24   0.003427     0.003267     0.003351
   1951    25-29   0.003973     0.004232     0.004093
   1951    30-34   0.003688     0.004337     0.003986
   1951    35-39   0.004948     0.004206     0.004601
   1951    40-44   0.005411     0.006109     0.005743
   1951    45-49   0.007192     0.008504     0.007838
   1951    50-54   0.010637     0.012643     0.011641
   1951    55-59   0.013775     0.020176     0.016906
   1951    60-64   0.019180     0.031860     0.025134
   1951    65-69   0.036192     0.054666     0.044219
   1951    70-74   0.058673     0.080240     0.067396
   1951    75-79   0.095136     0.122654     0.105323
   1951    80-84   0.155200     0.176794     0.161922
   1951    85-89   0.230933     0.241332     0.233820
   1951    90-94   0.367633     0.356534     0.363938
   1951    95-99   0.662008     0.000000     0.342303
   1951   100-104         .     0.000000     0.000000
   1951   105-109         .            .            .
   1951   110+            .            .            .
   1952     0      0.066457     0.075168     0.070939
   1952     1-4    0.006608     0.006616     0.006612
   1952     5-9    0.001260     0.001948     0.001610
   1952    10-14   0.000763     0.000819     0.000792
   1952    15-19   0.001438     0.001634     0.001533
   1952    20-24   0.002515     0.003141     0.002813
   1952    25-29   0.002969     0.003911     0.003413
   1952    30-34   0.003439     0.003658     0.003539
   1952    35-39   0.003779     0.003317     0.003564
   1952    40-44   0.004963     0.005658     0.005291
   1952    45-49   0.006115     0.007844     0.006963
   1952    50-54   0.008858     0.013385     0.011122
   1952    55-59   0.015759     0.020198     0.017933
   1952    60-64   0.020130     0.032644     0.026046
   1952    65-69   0.035712     0.051431     0.042584
   1952    70-74   0.055686     0.081782     0.066236
   1952    75-79   0.092720     0.111423     0.099678
   1952    80-84   0.156766     0.188451     0.166975
   1952    85-89   0.208035     0.323320     0.238487
   1952    90-94   0.416820     0.317513     0.383649
   1952    95-99   0.300350     0.354400     0.325145
   1952   100-104         .     0.597610     0.597610
   1952   105-109         .     0.000000     0.000000
   1952   110+            .            .            .
   1953     0      0.068705     0.072806     0.070809
   1953     1-4    0.006352     0.006395     0.006374
   1953     5-9    0.001219     0.001604     0.001415
   1953    10-14   0.000604     0.000921     0.000764
   1953    15-19   0.001117     0.001976     0.001535
   1953    20-24   0.002460     0.003245     0.002832
   1953    25-29   0.002699     0.003351     0.003011
   1953    30-34   0.002736     0.003404     0.003040
   1953    35-39   0.003318     0.003210     0.003268
   1953    40-44   0.003989     0.004814     0.004376
   1953    45-49   0.005945     0.008016     0.006953
   1953    50-54   0.009421     0.012610     0.011009
   1953    55-59   0.013074     0.020297     0.016620
   1953    60-64   0.022945     0.031465     0.026985
   1953    65-69   0.035883     0.053324     0.043632
   1953    70-74   0.061337     0.083783     0.070405
   1953    75-79   0.098933     0.131731     0.111071
   1953    80-84   0.173200     0.208268     0.184799
   1953    85-89   0.238914     0.346961     0.265880
   1953    90-94   0.470673     0.350701     0.431666
   1953    95-99   0.730816     0.475891     0.611193
   1953   100-104         .     1.592593     1.592593
   1953   105-109         .     1.000000     1.000000
   1953   110+            .            .            .
   1954     0      0.049202     0.064729     0.057180
   1954     1-4    0.004949     0.005281     0.005119
   1954     5-9    0.001073     0.001441     0.001261
   1954    10-14   0.000574     0.000841     0.000709
   1954    15-19   0.001290     0.001672     0.001477
   1954    20-24   0.002364     0.003343     0.002823
   1954    25-29   0.002738     0.002975     0.002852
   1954    30-34   0.002100     0.002794     0.002417
   1954    35-39   0.002940     0.003208     0.003064
   1954    40-44   0.003214     0.004926     0.004017
   1954    45-49   0.006197     0.007273     0.006716
   1954    50-54   0.009137     0.011980     0.010545
   1954    55-59   0.013058     0.019257     0.016114
   1954    60-64   0.021322     0.030482     0.025684
   1954    65-69   0.029022     0.045459     0.036422
   1954    70-74   0.055541     0.073138     0.062686
   1954    75-79   0.086582     0.108007     0.094523
   1954    80-84   0.123714     0.161291     0.136264
   1954    85-89   0.225388     0.218336     0.223620
   1954    90-94   0.242755     0.460024     0.304338
   1954    95-99   0.511045     0.222791     0.356167
   1954   100-104         .     0.000000     0.000000
   1954   105-109         .     0.000000     0.000000
   1954   110+            .            .            .
   1955     0      0.051201     0.055753     0.053521
   1955     1-4    0.004280     0.004945     0.004620
   1955     5-9    0.000909     0.001496     0.001209
   1955    10-14   0.000713     0.000943     0.000829
   1955    15-19   0.001236     0.001984     0.001605
   1955    20-24   0.002004     0.003032     0.002481
   1955    25-29   0.001833     0.003138     0.002464
   1955    30-34   0.001999     0.002914     0.002420
   1955    35-39   0.002847     0.003448     0.003124
   1955    40-44   0.003553     0.004334     0.003919
   1955    45-49   0.005102     0.006041     0.005551
   1955    50-54   0.007726     0.010266     0.008975
   1955    55-59   0.010071     0.018076     0.014030
   1955    60-64   0.017595     0.027868     0.022513
   1955    65-69   0.028634     0.051826     0.039100
   1955    70-74   0.051694     0.068945     0.058761
   1955    75-79   0.080673     0.110154     0.091689
   1955    80-84   0.137636     0.153239     0.142881
   1955    85-89   0.223853     0.226490     0.224546
   1955    90-94   0.242407     0.284755     0.252666
   1955    95-99   0.614473     0.397551     0.509667
   1955   100-104         .     1.293506     1.293506
   1955   105-109         .     0.782609     0.782609
   1955   110+            .            .            .
   1956     0      0.055249     0.061980     0.058670
   1956     1-4    0.004642     0.004399     0.004518
   1956     5-9    0.001139     0.001233     0.001187
   1956    10-14   0.000610     0.000688     0.000649
   1956    15-19   0.001071     0.001606     0.001337
   1956    20-24   0.001689     0.002516     0.002072
   1956    25-29   0.002237     0.002664     0.002443
   1956    30-34   0.002115     0.002791     0.002431
   1956    35-39   0.002434     0.002896     0.002646
   1956    40-44   0.003775     0.004116     0.003934
   1956    45-49   0.005442     0.007576     0.006454
   1956    50-54   0.007338     0.011906     0.009577
   1956    55-59   0.011082     0.018034     0.014528
   1956    60-64   0.015086     0.028454     0.021482
   1956    65-69   0.033228     0.043846     0.038046
   1956    70-74   0.057828     0.078290     0.066276
   1956    75-79   0.095281     0.122649     0.105536
   1956    80-84   0.135913     0.187368     0.153237
   1956    85-89   0.200861     0.239502     0.211555
   1956    90-94   0.332361     0.396000     0.346490
   1956    95-99   0.396760     0.165654     0.310206
   1956   100-104         .     0.000000     0.000000
   1956   105-109         .     0.000000     0.000000
   1956   110+            .            .            .
   1957     0      0.051318     0.053603     0.052489
   1957     1-4    0.003712     0.003902     0.003809
   1957     5-9    0.001032     0.001303     0.001170
   1957    10-14   0.000595     0.000388     0.000490
   1957    15-19   0.001074     0.001874     0.001469
   1957    20-24   0.002203     0.002757     0.002463
   1957    25-29   0.001853     0.002445     0.002139
   1957    30-34   0.002034     0.002419     0.002217
   1957    35-39   0.002579     0.003668     0.003078
   1957    40-44   0.003073     0.003944     0.003481
   1957    45-49   0.004693     0.007234     0.005889
   1957    50-54   0.006983     0.011888     0.009380
   1957    55-59   0.010406     0.020167     0.015239
   1957    60-64   0.018033     0.029946     0.023729
   1957    65-69   0.030972     0.053200     0.041137
   1957    70-74   0.056752     0.085326     0.068606
   1957    75-79   0.097168     0.131589     0.110067
   1957    80-84   0.153355     0.205955     0.170815
   1957    85-89   0.267218     0.292810     0.274642
   1957    90-94   0.396368     0.484144     0.415196
   1957    95-99   0.488334     0.159363     0.377121
   1957   100-104         .     1.688136     1.688136
   1957   105-109         .     2.400000     2.400000
   1957   110+            .            .            .
   1958     0      0.046199     0.049866     0.048074
   1958     1-4    0.003487     0.003491     0.003489
   1958     5-9    0.000918     0.001045     0.000983
   1958    10-14   0.000422     0.000591     0.000507
   1958    15-19   0.000926     0.001360     0.001138
   1958    20-24   0.001946     0.002542     0.002229
   1958    25-29   0.001834     0.002651     0.002228
   1958    30-34   0.001978     0.003005     0.002475
   1958    35-39   0.001833     0.002978     0.002357
   1958    40-44   0.002911     0.004181     0.003505
   1958    45-49   0.005200     0.006925     0.006011
   1958    50-54   0.006819     0.011727     0.009201
   1958    55-59   0.010525     0.017608     0.014012
   1958    60-64   0.017570     0.026375     0.021796
   1958    65-69   0.029648     0.047383     0.037774
   1958    70-74   0.048737     0.078388     0.061190
   1958    75-79   0.085214     0.120413     0.098390
   1958    80-84   0.131169     0.169300     0.143751
   1958    85-89   0.203220     0.207861     0.204621
   1958    90-94   0.315687     0.352722     0.323853
   1958    95-99   0.370325     0.610583     0.434428
   1958   100-104  0.000000     0.000000     0.000000
   1958   105-109         .            .            .
   1958   110+            .            .            .
   1959     0      0.039971     0.053040     0.046643
   1959     1-4    0.003163     0.002919     0.003039
   1959     5-9    0.000557     0.001082     0.000825
   1959    10-14   0.000466     0.000886     0.000680
   1959    15-19   0.000868     0.001061     0.000961
   1959    20-24   0.001642     0.002306     0.001958
   1959    25-29   0.001768     0.002338     0.002043
   1959    30-34   0.002229     0.002708     0.002463
   1959    35-39   0.001806     0.002754     0.002242
   1959    40-44   0.002544     0.003909     0.003180
   1959    45-49   0.004344     0.007180     0.005678
   1959    50-54   0.006401     0.010302     0.008281
   1959    55-59   0.011208     0.018404     0.014727
   1959    60-64   0.018907     0.027405     0.023013
   1959    65-69   0.028993     0.048298     0.037872
   1959    70-74   0.054545     0.070943     0.061521
   1959    75-79   0.092457     0.116643     0.101547
   1959    80-84   0.133194     0.183798     0.149915
   1959    85-89   0.226343     0.280827     0.242696
   1959    90-94   0.313769     0.504249     0.353866
   1959    95-99   0.126037     0.620476     0.209515
   1959   100-104  3.973510     0.298507     0.555298
   1959   105-109         .            .            .
   1959   110+            .            .            .
   1960     0      0.036930     0.044046     0.040577
   1960     1-4    0.002678     0.003084     0.002885
   1960     5-9    0.000544     0.001101     0.000828
   1960    10-14   0.000384     0.000651     0.000520
   1960    15-19   0.000802     0.001516     0.001148
   1960    20-24   0.001230     0.001857     0.001526
   1960    25-29   0.001345     0.002230     0.001774
   1960    30-34   0.001369     0.002361     0.001858
   1960    35-39   0.001706     0.002766     0.002198
   1960    40-44   0.003273     0.003955     0.003590
   1960    45-49   0.004310     0.006428     0.005308
   1960    50-54   0.007015     0.010789     0.008820
   1960    55-59   0.009717     0.016610     0.013068
   1960    60-64   0.018849     0.028546     0.023554
   1960    65-69   0.030540     0.046936     0.038144
   1960    70-74   0.051835     0.077658     0.062851
   1960    75-79   0.087245     0.127126     0.102270
   1960    80-84   0.143354     0.198600     0.161539
   1960    85-89   0.242362     0.292828     0.257029
   1960    90-94   0.327406     0.307655     0.323255
   1960    95-99   0.295761     0.261210     0.290276
   1960   100-104  0.000000     0.400000     0.343643
   1960   105-109         .            .            .
   1960   110+            .            .            .
   1961     0      0.037400     0.042868     0.040196
   1961     1-4    0.002707     0.002541     0.002622
   1961     5-9    0.000626     0.001139     0.000887
   1961    10-14   0.000390     0.000697     0.000546
   1961    15-19   0.000868     0.001180     0.001020
   1961    20-24   0.001491     0.002302     0.001871
   1961    25-29   0.001488     0.002216     0.001841
   1961    30-34   0.001310     0.001705     0.001505
   1961    35-39   0.002298     0.002953     0.002607
   1961    40-44   0.003279     0.003360     0.003316
   1961    45-49   0.003672     0.005465     0.004515
   1961    50-54   0.007557     0.010513     0.008960
   1961    55-59   0.010635     0.017951     0.014185
   1961    60-64   0.014911     0.031666     0.023045
   1961    65-69   0.031468     0.044465     0.037510
   1961    70-74   0.056302     0.075344     0.064479
   1961    75-79   0.089481     0.127499     0.103783
   1961    80-84   0.144197     0.200077     0.162550
   1961    85-89   0.235472     0.302323     0.254382
   1961    90-94   0.342138     0.374737     0.349663
   1961    95-99   0.692955     0.715990     0.696912
   1961   100-104  3.149606     0.600000     1.303403
   1961   105-109         .            .            .
   1961   110+            .            .            .
   1962     0      0.027561     0.035100     0.031424
   1962     1-4    0.002389     0.002270     0.002328
   1962     5-9    0.000569     0.000778     0.000675
   1962    10-14   0.000426     0.000461     0.000444
   1962    15-19   0.000629     0.001171     0.000892
   1962    20-24   0.001220     0.001760     0.001474
   1962    25-29   0.001242     0.002253     0.001730
   1962    30-34   0.001336     0.002366     0.001842
   1962    35-39   0.002373     0.002768     0.002562
   1962    40-44   0.002633     0.003305     0.002942
   1962    45-49   0.003831     0.005610     0.004665
   1962    50-54   0.007072     0.009515     0.008221
   1962    55-59   0.009657     0.017517     0.013462
   1962    60-64   0.015141     0.029151     0.021929
   1962    65-69   0.027080     0.043129     0.034529
   1962    70-74   0.049517     0.079344     0.062461
   1962    75-79   0.087330     0.124423     0.101352
   1962    80-84   0.144092     0.186380     0.157976
   1962    85-89   0.200858     0.248047     0.213915
   1962    90-94   0.335124     0.406715     0.352693
   1962    95-99   0.438064     0.568720     0.459139
   1962   100-104  0.000000     3.000000     1.001669
   1962   105-109         .            .            .
   1962   110+            .            .            .
   1963     0      0.027238     0.032966     0.030193
   1963     1-4    0.001763     0.002185     0.001978
   1963     5-9    0.000573     0.000894     0.000736
   1963    10-14   0.000209     0.000492     0.000352
   1963    15-19   0.000369     0.000964     0.000657
   1963    20-24   0.000975     0.001578     0.001258
   1963    25-29   0.001157     0.002035     0.001579
   1963    30-34   0.001368     0.002265     0.001806
   1963    35-39   0.002229     0.002144     0.002188
   1963    40-44   0.002660     0.003538     0.003062
   1963    45-49   0.004585     0.004792     0.004682
   1963    50-54   0.005315     0.009828     0.007429
   1963    55-59   0.009440     0.016224     0.012706
   1963    60-64   0.015224     0.026468     0.020646
   1963    65-69   0.027926     0.046352     0.036495
   1963    70-74   0.046754     0.075038     0.059057
   1963    75-79   0.080751     0.120615     0.096142
   1963    80-84   0.139767     0.169082     0.149350
   1963    85-89   0.210423     0.197179     0.206699
   1963    90-94   0.366638     0.376125     0.369157
   1963    95-99   0.199654     0.000000     0.170455
   1963   100-104  0.000000            .     0.000000
   1963   105-109         .            .            .
   1963   110+            .            .            .
   1964     0      0.025249     0.027857     0.026596
   1964     1-4    0.001649     0.002372     0.002018
   1964     5-9    0.000539     0.001021     0.000784
   1964    10-14   0.000307     0.000524     0.000417
   1964    15-19   0.000384     0.001174     0.000766
   1964    20-24   0.000895     0.001781     0.001306
   1964    25-29   0.001375     0.001751     0.001556
   1964    30-34   0.001345     0.002090     0.001707
   1964    35-39   0.001945     0.002891     0.002407
   1964    40-44   0.002430     0.003849     0.003080
   1964    45-49   0.003836     0.005349     0.004539
   1964    50-54   0.006479     0.009834     0.008047
   1964    55-59   0.009088     0.016753     0.012751
   1964    60-64   0.013698     0.026075     0.019632
   1964    65-69   0.026097     0.043277     0.034132
   1964    70-74   0.045161     0.066936     0.054651
   1964    75-79   0.085624     0.122370     0.100057
   1964    80-84   0.139366     0.196744     0.158105
   1964    85-89   0.194562     0.251810     0.210957
   1964    90-94   0.312635     0.343674     0.320987
   1964    95-99   0.219844     0.387597     0.240654
   1964   100-104  0.669643     0.000000     0.573614
   1964   105-109         .            .            .
   1964   110+            .            .            .
   1965     0      0.021793     0.027291     0.024622
   1965     1-4    0.001380     0.001953     0.001673
   1965     5-9    0.000318     0.000668     0.000495
   1965    10-14   0.000337     0.000388     0.000363
   1965    15-19   0.000411     0.000960     0.000677
   1965    20-24   0.001319     0.001905     0.001586
   1965    25-29   0.001505     0.001779     0.001637
   1965    30-34   0.001355     0.001868     0.001604
   1965    35-39   0.001546     0.003023     0.002270
   1965    40-44   0.002511     0.003874     0.003140
   1965    45-49   0.004276     0.006120     0.005127
   1965    50-54   0.005461     0.009645     0.007414
   1965    55-59   0.008645     0.015412     0.011855
   1965    60-64   0.013908     0.027389     0.020328
   1965    65-69   0.025140     0.044741     0.034322
   1965    70-74   0.047905     0.080114     0.062034
   1965    75-79   0.080924     0.119673     0.096119
   1965    80-84   0.147449     0.181999     0.158812
   1965    85-89   0.219650     0.286413     0.238599
   1965    90-94   0.331931     0.376345     0.343216
   1965    95-99   0.536653     0.303260     0.501576
   1965   100-104  0.636267     0.000000     0.430725
   1965   105-109         .            .            .
   1965   110+            .            .            .
   1966     0      0.020735     0.022969     0.021885
   1966     1-4    0.001578     0.001834     0.001709
   1966     5-9    0.000514     0.000682     0.000599
   1966    10-14   0.000292     0.000286     0.000289
   1966    15-19   0.000449     0.001100     0.000765
   1966    20-24   0.000806     0.001715     0.001217
   1966    25-29   0.000815     0.001813     0.001295
   1966    30-34   0.001215     0.002121     0.001654
   1966    35-39   0.001532     0.002759     0.002134
   1966    40-44   0.002260     0.003696     0.002931
   1966    45-49   0.003649     0.004582     0.004077
   1966    50-54   0.005451     0.009399     0.007287
   1966    55-59   0.008809     0.015377     0.011898
   1966    60-64   0.014549     0.025019     0.019517
   1966    65-69   0.024774     0.042252     0.032963
   1966    70-74   0.046343     0.068767     0.056204
   1966    75-79   0.070507     0.109791     0.085871
   1966    80-84   0.127456     0.160031     0.138251
   1966    85-89   0.210082     0.202758     0.207971
   1966    90-94   0.299172     0.342679     0.309826
   1966    95-99   0.410778     0.198939     0.362524
   1966   100-104  1.257862     0.000000     0.687285
   1966   105-109         .            .            .
   1966   110+            .            .            .
   1967     0      0.016927     0.022946     0.020040
   1967     1-4    0.001190     0.001359     0.001277
   1967     5-9    0.000355     0.000820     0.000591
   1967    10-14   0.000284     0.000514     0.000399
   1967    15-19   0.000528     0.001033     0.000773
   1967    20-24   0.000803     0.001538     0.001139
   1967    25-29   0.001230     0.001532     0.001375
   1967    30-34   0.001199     0.001764     0.001472
   1967    35-39   0.001537     0.002524     0.002020
   1967    40-44   0.002067     0.003706     0.002846
   1967    45-49   0.002979     0.004243     0.003556
   1967    50-54   0.004995     0.007377     0.006101
   1967    55-59   0.008556     0.014248     0.011205
   1967    60-64   0.013519     0.024571     0.018747
   1967    65-69   0.024228     0.037993     0.030677
   1967    70-74   0.041507     0.065870     0.052231
   1967    75-79   0.076391     0.111800     0.090326
   1967    80-84   0.130392     0.156734     0.139254
   1967    85-89   0.189535     0.257300     0.209190
   1967    90-94   0.301970     0.332559     0.309441
   1967    95-99   0.467311     0.434644     0.459451
   1967   100-104  1.323043     1.492537     1.402688
   1967   105-109         .            .            .
   1967   110+            .            .            .
   1968     0      0.013519     0.019275     0.016491
   1968     1-4    0.001118     0.001252     0.001187
   1968     5-9    0.000329     0.000555     0.000444
   1968    10-14   0.000273     0.000367     0.000320
   1968    15-19   0.000587     0.001066     0.000817
   1968    20-24   0.000784     0.001652     0.001186
   1968    25-29   0.000848     0.001589     0.001204
   1968    30-34   0.000790     0.002180     0.001464
   1968    35-39   0.001589     0.002838     0.002198
   1968    40-44   0.002224     0.003365     0.002774
   1968    45-49   0.003364     0.005226     0.004210
   1968    50-54   0.004758     0.008786     0.006622
   1968    55-59   0.008626     0.014455     0.011322
   1968    60-64   0.014235     0.024258     0.018952
   1968    65-69   0.022280     0.039137     0.030134
   1968    70-74   0.042095     0.065882     0.052609
   1968    75-79   0.078032     0.100969     0.087136
   1968    80-84   0.127175     0.182844     0.146247
   1968    85-89   0.202178     0.264290     0.219645
   1968    90-94   0.347884     0.385884     0.357267
   1968    95-99   0.507944     0.407886     0.482238
   1968   100-104  2.104167     0.000000     1.030612
   1968   105-109         .            .            .
   1968   110+            .            .            .
   1969     0      0.013607     0.016002     0.014856
   1969     1-4    0.001497     0.001477     0.001487
   1969     5-9    0.000332     0.000530     0.000433
   1969    10-14   0.000385     0.000326     0.000355
   1969    15-19   0.000354     0.001022     0.000674
   1969    20-24   0.000729     0.001678     0.001167
   1969    25-29   0.001126     0.001450     0.001282
   1969    30-34   0.001024     0.002086     0.001540
   1969    35-39   0.001564     0.002662     0.002097
   1969    40-44   0.002069     0.003926     0.002973
   1969    45-49   0.002839     0.004101     0.003414
   1969    50-54   0.004508     0.007603     0.005932
   1969    55-59   0.007497     0.014387     0.010678
   1969    60-64   0.012596     0.022667     0.017297
   1969    65-69   0.022223     0.040088     0.030488
   1969    70-74   0.039646     0.065104     0.050959
   1969    75-79   0.069281     0.101855     0.082299
   1969    80-84   0.122173     0.160366     0.135379
   1969    85-89   0.194061     0.226368     0.203129
   1969    90-94   0.316184     0.281221     0.307223
   1969    95-99   0.333804     0.274501     0.317627
   1969   100-104  1.018676     1.666667     1.264489
   1969   105-109         .            .            .
   1969   110+            .            .            .
   1970     0      0.014301     0.018091     0.016281
   1970     1-4    0.001068     0.001349     0.001213
   1970     5-9    0.000358     0.000763     0.000565
   1970    10-14   0.000213     0.000362     0.000289
   1970    15-19   0.000354     0.001174     0.000748
   1970    20-24   0.000722     0.001778     0.001202
   1970    25-29   0.000876     0.001781     0.001314
   1970    30-34   0.001118     0.001718     0.001410
   1970    35-39   0.001570     0.002965     0.002247
   1970    40-44   0.001944     0.003960     0.002929
   1970    45-49   0.003195     0.004284     0.003696
   1970    50-54   0.005681     0.007624     0.006571
   1970    55-59   0.007087     0.013881     0.010221
   1970    60-64   0.011913     0.022962     0.017027
   1970    65-69   0.023137     0.037792     0.029872
   1970    70-74   0.040808     0.063151     0.050739
   1970    75-79   0.069998     0.109336     0.085830
   1970    80-84   0.112879     0.162860     0.130256
   1970    85-89   0.200213     0.235917     0.210412
   1970    90-94   0.301942     0.400077     0.327217
   1970    95-99   0.623730     0.566026     0.608199
   1970   100-104  0.000000            .     0.000000
   1970   105-109         .            .            .
   1970   110+            .            .            .
   1971     0      0.013695     0.014377     0.014047
   1971     1-4    0.001207     0.001428     0.001321
   1971     5-9    0.000224     0.000532     0.000382
   1971    10-14   0.000299     0.000264     0.000281
   1971    15-19   0.000421     0.001222     0.000808
   1971    20-24   0.000800     0.001537     0.001135
   1971    25-29   0.000981     0.001553     0.001259
   1971    30-34   0.000937     0.002177     0.001543
   1971    35-39   0.001374     0.002447     0.001893
   1971    40-44   0.001749     0.003650     0.002679
   1971    45-49   0.002925     0.004417     0.003619
   1971    50-54   0.004801     0.005991     0.005344
   1971    55-59   0.007187     0.011727     0.009276
   1971    60-64   0.011996     0.022924     0.017005
   1971    65-69   0.018703     0.040483     0.028662
   1971    70-74   0.037278     0.060530     0.047600
   1971    75-79   0.067893     0.101098     0.081311
   1971    80-84   0.110290     0.162072     0.128363
   1971    85-89   0.181716     0.220514     0.192734
   1971    90-94   0.236781     0.294607     0.251142
   1971    95-99   0.383834     0.417510     0.392360
   1971   100-104  0.888231            .     0.888231
   1971   105-109         .            .            .
   1971   110+            .            .            .
   1972     0      0.012946     0.013439     0.013200
   1972     1-4    0.000671     0.001599     0.001151
   1972     5-9    0.000307     0.000658     0.000488
   1972    10-14   0.000381     0.000344     0.000362
   1972    15-19   0.000425     0.000908     0.000658
   1972    20-24   0.000581     0.001587     0.001045
   1972    25-29   0.000779     0.001198     0.000981
   1972    30-34   0.000921     0.001537     0.001223
   1972    35-39   0.001091     0.002632     0.001836
   1972    40-44   0.001789     0.003314     0.002533
   1972    45-49   0.002878     0.004364     0.003580
   1972    50-54   0.004218     0.007264     0.005604
   1972    55-59   0.007467     0.011562     0.009349
   1972    60-64   0.010425     0.020583     0.015035
   1972    65-69   0.019366     0.035631     0.026760
   1972    70-74   0.034147     0.057657     0.044568
   1972    75-79   0.065167     0.090996     0.075625
   1972    80-84   0.109462     0.153060     0.124831
   1972    85-89   0.185318     0.211285     0.192748
   1972    90-94   0.290603     0.212232     0.270511
   1972    95-99   0.448044     0.653077     0.494168
   1972   100-104  0.000000            .     0.000000
   1972   105-109         .            .            .
   1972   110+            .            .            .
   1973     0      0.010289     0.015059     0.012744
   1973     1-4    0.001186     0.001550     0.001374
   1973     5-9    0.000463     0.000463     0.000463
   1973    10-14   0.000219     0.000316     0.000268
   1973    15-19   0.000587     0.000922     0.000748
   1973    20-24   0.000654     0.001531     0.001062
   1973    25-29   0.001076     0.001061     0.001069
   1973    30-34   0.000966     0.001555     0.001256
   1973    35-39   0.001519     0.002248     0.001872
   1973    40-44   0.001584     0.002959     0.002253
   1973    45-49   0.002473     0.004869     0.003622
   1973    50-54   0.003885     0.006545     0.005091
   1973    55-59   0.006409     0.010659     0.008356
   1973    60-64   0.010492     0.019870     0.014731
   1973    65-69   0.018012     0.033202     0.024868
   1973    70-74   0.032403     0.053893     0.041876
   1973    75-79   0.066298     0.091959     0.076758
   1973    80-84   0.118331     0.155721     0.131709
   1973    85-89   0.176485     0.238044     0.194433
   1973    90-94   0.293585     0.356698     0.309294
   1973    95-99   0.264447     0.500333     0.317962
   1973   100-104  1.578947            .     1.578947
   1973   105-109         .            .            .
   1973   110+            .            .            .
   1974     0      0.010436     0.014298     0.012411
   1974     1-4    0.000946     0.001132     0.001042
   1974     5-9    0.000213     0.000700     0.000464
   1974    10-14   0.000193     0.000370     0.000284
   1974    15-19   0.000439     0.000854     0.000640
   1974    20-24   0.000371     0.001544     0.000917
   1974    25-29   0.000606     0.001442     0.001013
   1974    30-34   0.000975     0.001537     0.001252
   1974    35-39   0.001463     0.001998     0.001723
   1974    40-44   0.002364     0.003500     0.002915
   1974    45-49   0.003345     0.004067     0.003695
   1974    50-54   0.003696     0.007619     0.005478
   1974    55-59   0.005843     0.012485     0.008869
   1974    60-64   0.010829     0.019728     0.014852
   1974    65-69   0.016761     0.032927     0.024000
   1974    70-74   0.034991     0.058194     0.045144
   1974    75-79   0.068550     0.096705     0.080098
   1974    80-84   0.119751     0.157514     0.133354
   1974    85-89   0.191442     0.266916     0.213523
   1974    90-94   0.366660     0.319871     0.355640
   1974    95-99   0.420970     0.264151     0.380432
   1974   100-104  0.600000     0.000000     0.521739
   1974   105-109         .            .            .
   1974   110+            .            .            .
   1975     0      0.009306     0.011337     0.010344
   1975     1-4    0.001059     0.000899     0.000977
   1975     5-9    0.000261     0.000317     0.000290
   1975    10-14   0.000275     0.000158     0.000215
   1975    15-19   0.000527     0.000845     0.000682
   1975    20-24   0.000637     0.001319     0.000951
   1975    25-29   0.000736     0.001230     0.000978
   1975    30-34   0.000738     0.001282     0.001007
   1975    35-39   0.001513     0.001953     0.001727
   1975    40-44   0.001170     0.002820     0.001969
   1975    45-49   0.002212     0.004293     0.003224
   1975    50-54   0.004578     0.005628     0.005058
   1975    55-59   0.006312     0.010930     0.008409
   1975    60-64   0.009453     0.018515     0.013553
   1975    65-69   0.017937     0.033248     0.024741
   1975    70-74   0.031126     0.052395     0.040344
   1975    75-79   0.059470     0.085454     0.070170
   1975    80-84   0.106267     0.143980     0.119925
   1975    85-89   0.161952     0.213231     0.176982
   1975    90-94   0.288711     0.314491     0.294959
   1975    95-99   0.435730     0.399867     0.425768
   1975   100-104  0.240000     0.000000     0.176471
   1975   105-109         .            .            .
   1975   110+            .            .            .
   1976     0      0.008490     0.010431     0.009495
   1976     1-4    0.000859     0.001107     0.000986
   1976     5-9    0.000198     0.000649     0.000431
   1976    10-14   0.000196     0.000319     0.000259
   1976    15-19   0.000224     0.000755     0.000485
   1976    20-24   0.000356     0.001005     0.000653
   1976    25-29   0.000537     0.001042     0.000785
   1976    30-34   0.000762     0.001346     0.001051
   1976    35-39   0.000650     0.001731     0.001179
   1976    40-44   0.001333     0.002721     0.002003
   1976    45-49   0.002059     0.004853     0.003421
   1976    50-54   0.003129     0.006551     0.004712
   1976    55-59   0.005666     0.010263     0.007750
   1976    60-64   0.009812     0.017008     0.013063
   1976    65-69   0.017095     0.033355     0.024273
   1976    70-74   0.029532     0.054281     0.040181
   1976    75-79   0.058458     0.085284     0.069506
   1976    80-84   0.113584     0.150283     0.127014
   1976    85-89   0.182024     0.236692     0.198353
   1976    90-94   0.240611     0.325671     0.260023
   1976    95-99   0.384468     0.553896     0.432297
   1976   100-104  0.500000     2.000000     0.800000
   1976   105-109         .            .            .
   1976   110+            .            .            .
   1977     0      0.008252     0.010091     0.009204
   1977     1-4    0.000708     0.001073     0.000896
   1977     5-9    0.000213     0.000445     0.000333
   1977    10-14   0.000166     0.000289     0.000229
   1977    15-19   0.000143     0.000714     0.000424
   1977    20-24   0.000400     0.000962     0.000660
   1977    25-29   0.000538     0.001133     0.000829
   1977    30-34   0.000524     0.001226     0.000872
   1977    35-39   0.001051     0.001631     0.001337
   1977    40-44   0.001439     0.002657     0.002027
   1977    45-49   0.002326     0.004306     0.003289
   1977    50-54   0.003375     0.006120     0.004664
   1977    55-59   0.006356     0.009026     0.007562
   1977    60-64   0.008388     0.016033     0.011841
   1977    65-69   0.016718     0.028790     0.022012
   1977    70-74   0.029306     0.049733     0.038068
   1977    75-79   0.056535     0.085974     0.068647
   1977    80-84   0.101850     0.140591     0.116116
   1977    85-89   0.164579     0.213439     0.179542
   1977    90-94   0.249756     0.271131     0.254659
   1977    95-99   0.267072     0.286545     0.272128
   1977   100-104  0.818182            .     0.818182
   1977   105-109         .            .            .
   1977   110+            .            .            .
   1978     0      0.007947     0.008882     0.008428
   1978     1-4    0.000561     0.001363     0.000974
   1978     5-9    0.000231     0.000434     0.000335
   1978    10-14   0.000242     0.000230     0.000236
   1978    15-19   0.000352     0.000973     0.000657
   1978    20-24   0.000382     0.001203     0.000766
   1978    25-29   0.000674     0.001011     0.000838
   1978    30-34   0.000797     0.001109     0.000952
   1978    35-39   0.001212     0.001696     0.001451
   1978    40-44   0.001326     0.002903     0.002089
   1978    45-49   0.001968     0.003809     0.002861
   1978    50-54   0.003729     0.006215     0.004914
   1978    55-59   0.004708     0.009022     0.006651
   1978    60-64   0.008835     0.015665     0.011912
   1978    65-69   0.015316     0.027232     0.020533
   1978    70-74   0.029327     0.047961     0.037296
   1978    75-79   0.052759     0.087576     0.067005
   1978    80-84   0.097913     0.145354     0.115366
   1978    85-89   0.175089     0.218306     0.188389
   1978    90-94   0.273266     0.306838     0.281433
   1978    95-99   0.430542     0.674556     0.483265
   1978   100-104  0.400000     0.000000     0.333333
   1978   105-109         .            .            .
   1978   110+            .            .            .
   1979     0      0.007069     0.010124     0.008642
   1979     1-4    0.000960     0.000902     0.000930
   1979     5-9    0.000180     0.000382     0.000284
   1979    10-14   0.000026     0.000248     0.000141
   1979    15-19   0.000207     0.000757     0.000479
   1979    20-24   0.000360     0.001127     0.000718
   1979    25-29   0.000450     0.000980     0.000708
   1979    30-34   0.000568     0.001062     0.000815
   1979    35-39   0.000878     0.001744     0.001306
   1979    40-44   0.001473     0.002462     0.001953
   1979    45-49   0.002159     0.004125     0.003111
   1979    50-54   0.003334     0.005708     0.004475
   1979    55-59   0.004768     0.009551     0.006927
   1979    60-64   0.006162     0.016144     0.010641
   1979    65-69   0.012724     0.026205     0.018640
   1979    70-74   0.023804     0.044914     0.032781
   1979    75-79   0.051085     0.079103     0.062461
   1979    80-84   0.089121     0.115179     0.098742
   1979    85-89   0.159985     0.178479     0.165885
   1979    90-94   0.262231     0.271494     0.264489
   1979    95-99   0.342296     0.364865     0.346399
   1979   100-104  0.769296     1.000000     0.816195
   1979   105-109         .            .            .
   1979   110+            .            .            .
   1980     0      0.006399     0.008699     0.007583
   1980     1-4    0.000717     0.000673     0.000694
   1980     5-9    0.000266     0.000378     0.000324
   1980    10-14   0.000181     0.000170     0.000175
   1980    15-19   0.000404     0.000668     0.000536
   1980    20-24   0.000314     0.000871     0.000572
   1980    25-29   0.000664     0.000730     0.000696
   1980    30-34   0.000656     0.001143     0.000899
   1980    35-39   0.000946     0.001735     0.001337
   1980    40-44   0.001177     0.002286     0.001718
   1980    45-49   0.001942     0.004488     0.003173
   1980    50-54   0.002863     0.005982     0.004370
   1980    55-59   0.005029     0.008399     0.006559
   1980    60-64   0.007942     0.015885     0.011496
   1980    65-69   0.013458     0.025873     0.018924
   1980    70-74   0.025006     0.044384     0.033198
   1980    75-79   0.051295     0.073752     0.060340
   1980    80-84   0.088945     0.139307     0.107642
   1980    85-89   0.157194     0.224612     0.178996
   1980    90-94   0.291063     0.306096     0.294879
   1980    95-99   0.500732     0.515337     0.503546
   1980   100-104  0.444444     0.461538     0.447761
   1980   105-109         .            .            .
   1980   110+            .            .            .
   1981     0      0.006731     0.008759     0.007772
   1981     1-4    0.000615     0.001031     0.000830
   1981     5-9    0.000335     0.000275     0.000304
   1981    10-14   0.000025     0.000301     0.000167
   1981    15-19   0.000203     0.000692     0.000448
   1981    20-24   0.000390     0.000900     0.000626
   1981    25-29   0.000352     0.000629     0.000487
   1981    30-34   0.000688     0.001064     0.000876
   1981    35-39   0.000957     0.001388     0.001171
   1981    40-44   0.001097     0.001842     0.001462
   1981    45-49   0.001812     0.003746     0.002744
   1981    50-54   0.003167     0.006294     0.004682
   1981    55-59   0.004264     0.009696     0.006756
   1981    60-64   0.006842     0.014577     0.010300
   1981    65-69   0.012994     0.024329     0.017979
   1981    70-74   0.023811     0.046001     0.033144
   1981    75-79   0.049705     0.078366     0.061216
   1981    80-84   0.083769     0.137227     0.103455
   1981    85-89   0.163541     0.195176     0.173679
   1981    90-94   0.241280     0.360912     0.272078
   1981    95-99   0.348548     0.701299     0.410490
   1981   100-104  0.400000     0.600000     0.428571
   1981   105-109         .            .            .
   1981   110+            .            .            .
   1982     0      0.004508     0.009290     0.006965
   1982     1-4    0.000538     0.000680     0.000611
   1982     5-9    0.000207     0.000217     0.000212
   1982    10-14   0.000141     0.000177     0.000160
   1982    15-19   0.000320     0.000610     0.000465
   1982    20-24   0.000519     0.001313     0.000893
   1982    25-29   0.000397     0.000905     0.000643
   1982    30-34   0.000537     0.000868     0.000702
   1982    35-39   0.000948     0.001358     0.001152
   1982    40-44   0.001261     0.002250     0.001749
   1982    45-49   0.001847     0.003553     0.002669
   1982    50-54   0.002835     0.005389     0.004070
   1982    55-59   0.004014     0.008151     0.005939
   1982    60-64   0.007075     0.013757     0.010052
   1982    65-69   0.011707     0.023275     0.016785
   1982    70-74   0.020152     0.040445     0.028639
   1982    75-79   0.044172     0.074741     0.056403
   1982    80-84   0.078833     0.116817     0.092785
   1982    85-89   0.139556     0.175243     0.151123
   1982    90-94   0.226000     0.305773     0.246273
   1982    95-99   0.357513     0.394737     0.363636
   1982   100-104  0.315789     0.750000     0.357143
   1982   105-109         .            .            .
   1982   110+            .            .            .
   1983     0      0.005615     0.007871     0.006793
   1983     1-4    0.000639     0.000392     0.000512
   1983     5-9    0.000144     0.000383     0.000267
   1983    10-14   0.000228     0.000429     0.000332
   1983    15-19   0.000287     0.000492     0.000389
   1983    20-24   0.000321     0.001195     0.000738
   1983    25-29   0.000326     0.000731     0.000522
   1983    30-34   0.000629     0.000820     0.000724
   1983    35-39   0.000618     0.001496     0.001056
   1983    40-44   0.001293     0.002056     0.001670
   1983    45-49   0.001769     0.003804     0.002751
   1983    50-54   0.002639     0.006808     0.004647
   1983    55-59   0.004134     0.009088     0.006471
   1983    60-64   0.006797     0.013938     0.009966
   1983    65-69   0.010465     0.022842     0.015880
   1983    70-74   0.022787     0.037616     0.028988
   1983    75-79   0.044118     0.073050     0.055624
   1983    80-84   0.082785     0.121997     0.097229
   1983    85-89   0.155103     0.186137     0.165199
   1983    90-94   0.258341     0.272435     0.262023
   1983    95-99   0.340828     0.220983     0.318822
   1983   100-104  0.645161     0.461538     0.622642
   1983   105-109  0.000000            .     0.000000
   1983   110+            .            .            .
   1984     0      0.006309     0.006006     0.006152
   1984     1-4    0.000429     0.000810     0.000625
   1984     5-9    0.000251     0.000354     0.000305
   1984    10-14   0.000134     0.000126     0.000130
   1984    15-19   0.000281     0.000810     0.000546
   1984    20-24   0.000480     0.000878     0.000670
   1984    25-29   0.000609     0.001073     0.000834
   1984    30-34   0.000520     0.000777     0.000647
   1984    35-39   0.000963     0.001393     0.001178
   1984    40-44   0.001070     0.002267     0.001662
   1984    45-49   0.001800     0.003829     0.002782
   1984    50-54   0.002313     0.006049     0.004107
   1984    55-59   0.004122     0.008324     0.006121
   1984    60-64   0.006872     0.013013     0.009599
   1984    65-69   0.011033     0.019278     0.014630
   1984    70-74   0.020370     0.035815     0.026857
   1984    75-79   0.040824     0.073539     0.053754
   1984    80-84   0.079355     0.114835     0.092394
   1984    85-89   0.147618     0.207457     0.166904
   1984    90-94   0.217866     0.201198     0.213258
   1984    95-99   0.412875     0.383359     0.406767
   1984   100-104  0.488372     0.461538     0.484848
   1984   105-109  0.857143            .     0.857143
   1984   110+            .            .            .
   1985     0      0.005013     0.008300     0.006679
   1985     1-4    0.000401     0.000640     0.000524
   1985     5-9    0.000212     0.000373     0.000295
   1985    10-14   0.000044     0.000209     0.000129
   1985    15-19   0.000217     0.000397     0.000308
   1985    20-24   0.000483     0.001043     0.000748
   1985    25-29   0.000345     0.000759     0.000547
   1985    30-34   0.000688     0.001156     0.000919
   1985    35-39   0.000594     0.001333     0.000963
   1985    40-44   0.001428     0.002430     0.001923
   1985    45-49   0.001799     0.003505     0.002627
   1985    50-54   0.002587     0.005770     0.004113
   1985    55-59   0.004135     0.008967     0.006444
   1985    60-64   0.006251     0.013036     0.009279
   1985    65-69   0.011555     0.022568     0.016357
   1985    70-74   0.019412     0.036864     0.026782
   1985    75-79   0.039704     0.070254     0.051706
   1985    80-84   0.077632     0.121403     0.093536
   1985    85-89   0.130231     0.196512     0.151513
   1985    90-94   0.226921     0.266269     0.238117
   1985    95-99   0.415094     0.614385     0.457000
   1985   100-104  0.923077     0.315789     0.785714
   1985   105-109  0.000000            .     0.000000
   1985   110+            .            .            .
   1986     0      0.003840     0.007117     0.005503
   1986     1-4    0.000245     0.000578     0.000416
   1986     5-9    0.000083     0.000263     0.000176
   1986    10-14   0.000022     0.000211     0.000119
   1986    15-19   0.000230     0.000423     0.000328
   1986    20-24   0.000462     0.000995     0.000714
   1986    25-29   0.000223     0.000535     0.000376
   1986    30-34   0.000541     0.001031     0.000783
   1986    35-39   0.000855     0.001420     0.001137
   1986    40-44   0.001205     0.001799     0.001499
   1986    45-49   0.001613     0.003409     0.002490
   1986    50-54   0.002329     0.006156     0.004159
   1986    55-59   0.003929     0.009066     0.006387
   1986    60-64   0.005706     0.012147     0.008610
   1986    65-69   0.010126     0.019976     0.014418
   1986    70-74   0.019268     0.035415     0.026092
   1986    75-79   0.034942     0.064719     0.046605
   1986    80-84   0.070862     0.107365     0.084070
   1986    85-89   0.125766     0.176596     0.141960
   1986    90-94   0.225472     0.295179     0.244913
   1986    95-99   0.352941     0.364208     0.355337
   1986   100-104  0.413793     0.750000     0.486486
   1986   105-109  0.600000            .     0.600000
   1986   110+            .            .            .
   1987     0      0.003641     0.007131     0.005428
   1987     1-4    0.000458     0.000712     0.000588
   1987     5-9    0.000029     0.000330     0.000184
   1987    10-14   0.000229     0.000043     0.000133
   1987    15-19   0.000199     0.000366     0.000284
   1987    20-24   0.000391     0.000741     0.000559
   1987    25-29   0.000257     0.000741     0.000493
   1987    30-34   0.000482     0.001172     0.000822
   1987    35-39   0.000950     0.001425     0.001186
   1987    40-44   0.001023     0.001823     0.001420
   1987    45-49   0.001691     0.003019     0.002344
   1987    50-54   0.003185     0.005289     0.004191
   1987    55-59   0.003600     0.008482     0.005932
   1987    60-64   0.005704     0.011739     0.008468
   1987    65-69   0.008656     0.021703     0.014323
   1987    70-74   0.016877     0.033167     0.023760
   1987    75-79   0.034118     0.059980     0.044227
   1987    80-84   0.065792     0.105072     0.079957
   1987    85-89   0.118480     0.166424     0.133711
   1987    90-94   0.241069     0.204705     0.230961
   1987    95-99   0.325166     0.366532     0.334731
   1987   100-104  0.227848     0.600000     0.269663
   1987   105-109  0.000000     6.000000     0.600000
   1987   110+            .            .            .
   1988     0      0.004539     0.005416     0.004988
   1988     1-4    0.000469     0.000821     0.000649
   1988     5-9    0.000060     0.000057     0.000059
   1988    10-14   0.000119     0.000268     0.000196
   1988    15-19   0.000444     0.000629     0.000537
   1988    20-24   0.000374     0.000968     0.000661
   1988    25-29   0.000226     0.000844     0.000528
   1988    30-34   0.000296     0.000828     0.000558
   1988    35-39   0.000819     0.001012     0.000915
   1988    40-44   0.000842     0.001906     0.001373
   1988    45-49   0.001884     0.002971     0.002420
   1988    50-54   0.002276     0.005324     0.003737
   1988    55-59   0.003461     0.008426     0.005824
   1988    60-64   0.005572     0.012543     0.008814
   1988    65-69   0.009247     0.020395     0.014068
   1988    70-74   0.015881     0.035372     0.024095
   1988    75-79   0.033753     0.059043     0.043663
   1988    80-84   0.070220     0.110036     0.084516
   1988    85-89   0.140723     0.193730     0.157653
   1988    90-94   0.223246     0.283488     0.239834
   1988    95-99   0.403637     0.255449     0.365808
   1988   100-104  0.500000     1.333333     0.571429
   1988   105-109  0.750000            .     0.750000
   1988   110+            .            .            .
   1989     0      0.005620     0.006216     0.005927
   1989     1-4    0.000265     0.000597     0.000434
   1989     5-9    0.000187     0.000265     0.000227
   1989    10-14   0.000150     0.000117     0.000133
   1989    15-19   0.000290     0.000591     0.000442
   1989    20-24   0.000335     0.000813     0.000566
   1989    25-29   0.000455     0.000710     0.000580
   1989    30-34   0.000455     0.000757     0.000604
   1989    35-39   0.000634     0.001106     0.000868
   1989    40-44   0.001092     0.001582     0.001338
   1989    45-49   0.001781     0.002947     0.002356
   1989    50-54   0.002166     0.004709     0.003389
   1989    55-59   0.003527     0.008718     0.005991
   1989    60-64   0.004992     0.012477     0.008502
   1989    65-69   0.008929     0.019692     0.013591
   1989    70-74   0.016883     0.033992     0.024067
   1989    75-79   0.030258     0.060588     0.042205
   1989    80-84   0.063877     0.109240     0.080049
   1989    85-89   0.123127     0.170518     0.138163
   1989    90-94   0.197149     0.216856     0.202470
   1989    95-99   0.343876     0.278624     0.325571
   1989   100-104  0.302521     0.000000     0.251748
   1989   105-109  1.200000            .     1.200000
   1989   110+            .            .            .
   1990     0      0.004670     0.007713     0.006231
   1990     1-4    0.000413     0.000573     0.000495
   1990     5-9    0.000160     0.000181     0.000171
   1990    10-14   0.000132     0.000124     0.000128
   1990    15-19   0.000212     0.000686     0.000452
   1990    20-24   0.000426     0.000819     0.000615
   1990    25-29   0.000547     0.000767     0.000655
   1990    30-34   0.000469     0.000901     0.000682
   1990    35-39   0.000861     0.001039     0.000949
   1990    40-44   0.001053     0.001855     0.001455
   1990    45-49   0.001396     0.003016     0.002196
   1990    50-54   0.002492     0.005035     0.003721
   1990    55-59   0.003350     0.008129     0.005616
   1990    60-64   0.004954     0.012329     0.008428
   1990    65-69   0.007538     0.019336     0.012676
   1990    70-74   0.015390     0.034304     0.023313
   1990    75-79   0.030645     0.055825     0.040614
   1990    80-84   0.063303     0.104404     0.077935
   1990    85-89   0.120154     0.169161     0.135470
   1990    90-94   0.224866     0.236491     0.228037
   1990    95-99   0.337728     0.551419     0.395170
   1990   100-104  0.608696     0.428571     0.566667
   1990   105-109  3.000000            .     3.000000
   1990   110+            .            .            .
   1991     0      0.004148     0.003947     0.004045
   1991     1-4    0.000334     0.000546     0.000442
   1991     5-9    0.000065     0.000186     0.000127
   1991    10-14   0.000055     0.000052     0.000054
   1991    15-19   0.000330     0.000451     0.000392
   1991    20-24   0.000205     0.001033     0.000606
   1991    25-29   0.000389     0.000836     0.000609
   1991    30-34   0.000670     0.000392     0.000532
   1991    35-39   0.000616     0.001292     0.000950
   1991    40-44   0.001087     0.001938     0.001512
   1991    45-49   0.001466     0.003328     0.002387
   1991    50-54   0.002518     0.004587     0.003525
   1991    55-59   0.003159     0.008429     0.005653
   1991    60-64   0.005184     0.012406     0.008591
   1991    65-69   0.008757     0.018940     0.013243
   1991    70-74   0.014844     0.032106     0.022063
   1991    75-79   0.031114     0.053447     0.039971
   1991    80-84   0.060671     0.097934     0.073937
   1991    85-89   0.114023     0.164278     0.129564
   1991    90-94   0.198452     0.252112     0.212975
   1991    95-99   0.353120     0.320013     0.344412
   1991   100-104  0.614173     0.800000     0.662791
   1991   105-109  0.000000            .     0.000000
   1991   110+            .            .            .
   1992     0      0.006263     0.005468     0.005852
   1992     1-4    0.000443     0.000421     0.000432
   1992     5-9    0.000134     0.000255     0.000196
   1992    10-14   0.000058     0.000082     0.000070
   1992    15-19   0.000172     0.000514     0.000347
   1992    20-24   0.000334     0.000840     0.000582
   1992    25-29   0.000322     0.000665     0.000491
   1992    30-34   0.000450     0.000881     0.000664
   1992    35-39   0.000674     0.001245     0.000956
   1992    40-44   0.001189     0.002087     0.001637
   1992    45-49   0.001560     0.003298     0.002423
   1992    50-54   0.002237     0.005152     0.003665
   1992    55-59   0.003226     0.008051     0.005510
   1992    60-64   0.004666     0.013065     0.008616
   1992    65-69   0.007965     0.018177     0.012536
   1992    70-74   0.015321     0.030646     0.021715
   1992    75-79   0.029521     0.057180     0.040485
   1992    80-84   0.056795     0.105458     0.074078
   1992    85-89   0.114886     0.167828     0.131154
   1992    90-94   0.199812     0.250947     0.213445
   1992    95-99   0.265094     0.337023     0.283240
   1992   100-104  0.235671     0.947368     0.377258
   1992   105-109  0.000000            .     0.000000
   1992   110+            .            .            .
   1993     0      0.005010     0.005017     0.005014
   1993     1-4    0.000403     0.000429     0.000416
   1993     5-9    0.000309     0.000330     0.000320
   1993    10-14   0.000119     0.000113     0.000116
   1993    15-19   0.000261     0.000473     0.000370
   1993    20-24   0.000321     0.000726     0.000523
   1993    25-29   0.000375     0.000647     0.000509
   1993    30-34   0.000482     0.001270     0.000874
   1993    35-39   0.000527     0.001185     0.000852
   1993    40-44   0.000754     0.001641     0.001196
   1993    45-49   0.001116     0.003152     0.002131
   1993    50-54   0.002283     0.004405     0.003326
   1993    55-59   0.003211     0.007393     0.005197
   1993    60-64   0.004557     0.012257     0.008162
   1993    65-69   0.008364     0.020231     0.013751
   1993    70-74   0.014426     0.031319     0.021459
   1993    75-79   0.028152     0.057293     0.039646
   1993    80-84   0.055455     0.100449     0.071433
   1993    85-89   0.110291     0.167440     0.127686
   1993    90-94   0.189840     0.230107     0.200700
   1993    95-99   0.304462     0.404968     0.327790
   1993   100-104  0.320856     0.315789     0.320000
   1993   105-109  0.000000            .     0.000000
   1993   110+            .            .            .
   1994     0      0.003299     0.005603     0.004468
   1994     1-4    0.000359     0.000340     0.000349
   1994     5-9    0.000035     0.000205     0.000122
   1994    10-14   0.000092     0.000087     0.000090
   1994    15-19   0.000193     0.000472     0.000336
   1994    20-24   0.000339     0.000649     0.000495
   1994    25-29   0.000335     0.000502     0.000418
   1994    30-34   0.000451     0.000681     0.000566
   1994    35-39   0.000749     0.000806     0.000777
   1994    40-44   0.000984     0.001747     0.001363
   1994    45-49   0.001499     0.002912     0.002207
   1994    50-54   0.002280     0.004653     0.003447
   1994    55-59   0.002964     0.007165     0.004969
   1994    60-64   0.004330     0.011898     0.007863
   1994    65-69   0.008073     0.018689     0.012927
   1994    70-74   0.013872     0.030319     0.020734
   1994    75-79   0.024928     0.055906     0.037078
   1994    80-84   0.054985     0.095780     0.069550
   1994    85-89   0.100894     0.165079     0.120275
   1994    90-94   0.181338     0.234492     0.195548
   1994    95-99   0.275319     0.349638     0.292158
   1994   100-104  0.507463     0.300000     0.473029
   1994   105-109  2.250000            .     2.250000
   1994   110+            .            .            .
   1995     0      0.004433     0.005847     0.005152
   1995     1-4    0.000206     0.000541     0.000377
   1995     5-9    0.000184     0.000317     0.000252
   1995    10-14   0.000127     0.000150     0.000138
   1995    15-19   0.000171     0.000459     0.000319
   1995    20-24   0.000290     0.000679     0.000485
   1995    25-29   0.000358     0.000931     0.000645
   1995    30-34   0.000382     0.000516     0.000449
   1995    35-39   0.000677     0.000914     0.000794
   1995    40-44   0.000881     0.001266     0.001072
   1995    45-49   0.001416     0.002839     0.002130
   1995    50-54   0.002303     0.004818     0.003541
   1995    55-59   0.003109     0.007534     0.005232
   1995    60-64   0.004741     0.012181     0.008210
   1995    65-69   0.007505     0.018095     0.012369
   1995    70-74   0.013015     0.032042     0.020993
   1995    75-79   0.028194     0.051961     0.037525
   1995    80-84   0.055004     0.098401     0.070585
   1995    85-89   0.101663     0.159192     0.118955
   1995    90-94   0.191754     0.231060     0.201942
   1995    95-99   0.284005     0.460145     0.323120
   1995   100-104  0.379747     0.857143     0.441176
   1995   105-109  1.500000     0.000000     1.090909
   1995   110+            .            .            .
   1996     0      0.004440     0.005126     0.004787
   1996     1-4    0.000154     0.000834     0.000501
   1996     5-9    0.000038     0.000109     0.000074
   1996    10-14   0.000130     0.000123     0.000126
   1996    15-19   0.000266     0.000476     0.000374
   1996    20-24   0.000216     0.000610     0.000415
   1996    25-29   0.000198     0.000592     0.000396
   1996    30-34   0.000482     0.000683     0.000582
   1996    35-39   0.000816     0.001019     0.000917
   1996    40-44   0.001065     0.001474     0.001267
   1996    45-49   0.001418     0.002592     0.002006
   1996    50-54   0.002327     0.004414     0.003356
   1996    55-59   0.003073     0.006741     0.004845
   1996    60-64   0.003725     0.010981     0.007105
   1996    65-69   0.007407     0.016947     0.011798
   1996    70-74   0.013468     0.028929     0.020018
   1996    75-79   0.023356     0.047527     0.032881
   1996    80-84   0.049453     0.094590     0.065587
   1996    85-89   0.093696     0.151564     0.111027
   1996    90-94   0.170443     0.256618     0.192056
   1996    95-99   0.250096     0.312135     0.262902
   1996   100-104  0.377622     0.333333     0.372671
   1996   105-109  2.000000     1.500000     1.846154
   1996   110+            .            .            .
   1997     0      0.003023     0.004995     0.004033
   1997     1-4    0.000255     0.000491     0.000375
   1997     5-9    0.000196     0.000149     0.000172
   1997    10-14   0.000066     0.000095     0.000081
   1997    15-19   0.000281     0.000652     0.000472
   1997    20-24   0.000221     0.000804     0.000518
   1997    25-29   0.000300     0.000832     0.000568
   1997    30-34   0.000511     0.000992     0.000751
   1997    35-39   0.000412     0.001313     0.000860
   1997    40-44   0.000614     0.001637     0.001120
   1997    45-49   0.001472     0.002687     0.002079
   1997    50-54   0.001714     0.004083     0.002885
   1997    55-59   0.003392     0.006817     0.005058
   1997    60-64   0.004250     0.010765     0.007288
   1997    65-69   0.006995     0.019003     0.012509
   1997    70-74   0.012818     0.027684     0.019219
   1997    75-79   0.023113     0.048841     0.033230
   1997    80-84   0.047604     0.092705     0.063677
   1997    85-89   0.092897     0.153202     0.110927
   1997    90-94   0.169887     0.222266     0.182622
   1997    95-99   0.291457     0.395409     0.312952
   1997   100-104  0.418182     0.875000     0.476190
   1997   105-109  0.000000            .     0.000000
   1997   110+            .            .            .
   1998     0      0.003485     0.005000     0.004267
   1998     1-4    0.000505     0.000778     0.000644
   1998     5-9    0.000160     0.000152     0.000156
   1998    10-14   0.000204     0.000131     0.000166
   1998    15-19   0.000367     0.000471     0.000420
   1998    20-24   0.000399     0.000574     0.000489
   1998    25-29   0.000346     0.000878     0.000616
   1998    30-34   0.000776     0.000624     0.000700
   1998    35-39   0.000634     0.001536     0.001085
   1998    40-44   0.000756     0.001743     0.001243
   1998    45-49   0.001733     0.003071     0.002400
   1998    50-54   0.002510     0.005132     0.003812
   1998    55-59   0.002656     0.007346     0.004945
   1998    60-64   0.005148     0.011535     0.008137
   1998    65-69   0.006739     0.019502     0.012575
   1998    70-74   0.010945     0.027812     0.018313
   1998    75-79   0.022960     0.047797     0.032709
   1998    80-84   0.047372     0.081457     0.059538
   1998    85-89   0.087063     0.149234     0.105606
   1998    90-94   0.169758     0.219552     0.181863
   1998    95-99   0.250866     0.410887     0.282929
   1998   100-104  0.428571     0.400000     0.424779
   1998   105-109  0.000000            .     0.000000
   1998   110+            .            .            .
   1999     0      0.002844     0.004091     0.003481
   1999     1-4    0.000151     0.000289     0.000222
   1999     5-9    0.000081     0.000231     0.000158
   1999    10-14   0.000246     0.000101     0.000172
   1999    15-19   0.000173     0.000488     0.000336
   1999    20-24   0.000301     0.000571     0.000439
   1999    25-29   0.000468     0.000652     0.000562
   1999    30-34   0.000333     0.000666     0.000500
   1999    35-39   0.000351     0.001086     0.000719
   1999    40-44   0.000775     0.001596     0.001181
   1999    45-49   0.001342     0.002643     0.001989
   1999    50-54   0.002274     0.004356     0.003312
   1999    55-59   0.002911     0.007370     0.005088
   1999    60-64   0.004818     0.012687     0.008519
   1999    65-69   0.007717     0.018863     0.012801
   1999    70-74   0.012147     0.029698     0.019866
   1999    75-79   0.022938     0.047991     0.032800
   1999    80-84   0.046372     0.089248     0.061677
   1999    85-89   0.094005     0.145270     0.109454
   1999    90-94   0.166383     0.231735     0.182127
   1999    95-99   0.265977     0.326079     0.277920
   1999   100-104  0.329268     0.357143     0.333333
   1999   105-109  1.000000            .     1.000000
   1999   110+            .            .            .
   2000     0      0.002456     0.005842     0.004194
   2000     1-4    0.000254     0.000290     0.000272
   2000     5-9    0.000081     0.000193     0.000138
   2000    10-14   0.000037     0.000210     0.000125
   2000    15-19   0.000209     0.000427     0.000321
   2000    20-24   0.000261     0.000676     0.000475
   2000    25-29   0.000103     0.000688     0.000402
   2000    30-34   0.000537     0.001084     0.000813
   2000    35-39   0.000315     0.001076     0.000696
   2000    40-44   0.000736     0.002008     0.001366
   2000    45-49   0.001696     0.002567     0.002128
   2000    50-54   0.001950     0.004778     0.003361
   2000    55-59   0.003346     0.006576     0.004923
   2000    60-64   0.004550     0.011074     0.007635
   2000    65-69   0.006258     0.016825     0.011071
   2000    70-74   0.011668     0.026852     0.018381
   2000    75-79   0.021279     0.044460     0.030455
   2000    80-84   0.045062     0.077635     0.056720
   2000    85-89   0.078285     0.136780     0.096127
   2000    90-94   0.145560     0.224807     0.164407
   2000    95-99   0.230984     0.287775     0.241899
   2000   100-104  0.460768     0.342857     0.443182
   2000   105-109  0.705882            .     0.705882
   2000   110+            .            .            .
   2001     0      0.003084     0.003099     0.003092
   2001     1-4    0.000204     0.000097     0.000149
   2001     5-9    0.000081     0.000155     0.000119
   2001    10-14   0.000038     0.000144     0.000093
   2001    15-19   0.000385     0.000397     0.000391
   2001    20-24   0.000387     0.000497     0.000444
   2001    25-29   0.000286     0.000887     0.000594
   2001    30-34   0.000483     0.000747     0.000617
   2001    35-39   0.000479     0.000926     0.000703
   2001    40-44   0.000970     0.001689     0.001327
   2001    45-49   0.001607     0.002388     0.001993
   2001    50-54   0.002182     0.004289     0.003232
   2001    55-59   0.002923     0.007041     0.004936
   2001    60-64   0.004374     0.010601     0.007343
   2001    65-69   0.006634     0.016974     0.011338
   2001    70-74   0.010858     0.027218     0.018116
   2001    75-79   0.020247     0.041695     0.028832
   2001    80-84   0.040033     0.077012     0.053381
   2001    85-89   0.077604     0.130602     0.093737
   2001    90-94   0.138894     0.205127     0.154611
   2001    95-99   0.216199     0.294284     0.230540
   2001   100-104  0.432990     0.711864     0.474279
   2001   105-109  1.043478            .     1.043478
   2001   110+            .            .            .
   2002     0      0.002694     0.003737     0.003229
   2002     1-4    0.000205     0.000484     0.000348
   2002     5-9    0.000081     0.000233     0.000159
   2002    10-14   0.000195     0.000111     0.000152
   2002    15-19   0.000109     0.000274     0.000194
   2002    20-24   0.000183     0.000516     0.000355
   2002    25-29   0.000404     0.000610     0.000510
   2002    30-34   0.000409     0.000580     0.000496
   2002    35-39   0.000540     0.000853     0.000697
   2002    40-44   0.000853     0.001602     0.001226
   2002    45-49   0.001067     0.002574     0.001812
   2002    50-54   0.001805     0.004210     0.003001
   2002    55-59   0.003087     0.006516     0.004769
   2002    60-64   0.003869     0.008886     0.006280
   2002    65-69   0.006598     0.015684     0.010740
   2002    70-74   0.010725     0.026995     0.017928
   2002    75-79   0.018590     0.045166     0.029402
   2002    80-84   0.038156     0.078092     0.052559
   2002    85-89   0.070101     0.126800     0.087319
   2002    90-94   0.121519     0.196954     0.139447
   2002    95-99   0.227689     0.322772     0.244747
   2002   100-104  0.340426     0.352941     0.342159
   2002   105-109  0.260870            .     0.260870
   2002   110+            .            .            .
   2003     0      0.002149     0.003873     0.003035
   2003     1-4    0.000103     0.000341     0.000225
   2003     5-9    0.000081     0.000115     0.000098
   2003    10-14   0.000040     0.000113     0.000077
   2003    15-19   0.000192     0.000289     0.000242
   2003    20-24   0.000338     0.000947     0.000653
   2003    25-29   0.000368     0.000747     0.000563
   2003    30-34   0.000319     0.000788     0.000559
   2003    35-39   0.000775     0.001263     0.001021
   2003    40-44   0.000951     0.001754     0.001352
   2003    45-49   0.001142     0.002359     0.001742
   2003    50-54   0.001853     0.004086     0.002960
   2003    55-59   0.002806     0.006511     0.004633
   2003    60-64   0.003547     0.010553     0.006926
   2003    65-69   0.006306     0.016966     0.011186
   2003    70-74   0.010911     0.027750     0.018339
   2003    75-79   0.019827     0.046150     0.030689
   2003    80-84   0.037282     0.075103     0.050809
   2003    85-89   0.077448     0.131078     0.093783
   2003    90-94   0.138941     0.215857     0.157105
   2003    95-99   0.227768     0.328021     0.245801
   2003   100-104  0.357470     0.349464     0.356198
   2003   105-109  1.285714            .     1.285714
   2003   110+            .            .            .
   2004     0      0.001987     0.003542     0.002788
   2004     1-4    0.000156     0.000246     0.000202
   2004     5-9    0.000161     0.000038     0.000098
   2004    10-14   0.000040     0.000077     0.000059
   2004    15-19   0.000278     0.000486     0.000385
   2004    20-24   0.000311     0.000901     0.000617
   2004    25-29   0.000421     0.000901     0.000669
   2004    30-34   0.000494     0.000738     0.000620
   2004    35-39   0.000577     0.001259     0.000921
   2004    40-44   0.000604     0.001661     0.001132
   2004    45-49   0.001351     0.002439     0.001889
   2004    50-54   0.002111     0.003985     0.003037
   2004    55-59   0.003002     0.006058     0.004514
   2004    60-64   0.004436     0.009206     0.006740
   2004    65-69   0.005412     0.015190     0.009913
   2004    70-74   0.011177     0.025559     0.017509
   2004    75-79   0.019325     0.043754     0.029492
   2004    80-84   0.034422     0.076564     0.049504
   2004    85-89   0.074048     0.126053     0.089981
   2004    90-94   0.131461     0.181442     0.143542
   2004    95-99   0.221402     0.320342     0.238699
   2004   100-104  0.381852     0.553170     0.407077
   2004   105-109  0.631579     1.500000     0.714286
   2004   110+            .            .            .
   2005     0      0.002989     0.003421     0.003213
   2005     1-4    0.000159     0.000050     0.000103
   2005     5-9    0.000081     0.000270     0.000178
   2005    10-14   0.000121     0.000077     0.000099
   2005    15-19   0.000081     0.000341     0.000215
   2005    20-24   0.000369     0.000754     0.000570
   2005    25-29   0.000319     0.000716     0.000524
   2005    30-34   0.000436     0.000873     0.000661
   2005    35-39   0.000330     0.001081     0.000710
   2005    40-44   0.000945     0.001456     0.001201
   2005    45-49   0.001205     0.002334     0.001764
   2005    50-54   0.002141     0.004140     0.003127
   2005    55-59   0.003306     0.006929     0.005099
   2005    60-64   0.003662     0.010077     0.006763
   2005    65-69   0.005109     0.015951     0.010134
   2005    70-74   0.010777     0.026582     0.017727
   2005    75-79   0.017951     0.041239     0.027704
   2005    80-84   0.037364     0.074932     0.050962
   2005    85-89   0.072964     0.123757     0.088585
   2005    90-94   0.135831     0.211030     0.154355
   2005    95-99   0.231885     0.329383     0.248382
   2005   100-104  0.311456     0.426230     0.324208
   2005   105-109  0.666667     0.000000     0.600000
   2005   110+            .            .            .
   2006     0      0.002839     0.002631     0.002731
   2006     1-4    0.000163     0.000154     0.000159
   2006     5-9    0.000122     0.000193     0.000158
   2006    10-14   0.000081     0.000193     0.000138
   2006    15-19   0.000165     0.000270     0.000219
   2006    20-24   0.000128     0.000470     0.000306
   2006    25-29   0.000371     0.000631     0.000506
   2006    30-34   0.000286     0.000731     0.000516
   2006    35-39   0.000827     0.000992     0.000911
   2006    40-44   0.000831     0.001917     0.001375
   2006    45-49   0.001354     0.002145     0.001747
   2006    50-54   0.001997     0.003787     0.002879
   2006    55-59   0.002785     0.006691     0.004715
   2006    60-64   0.003501     0.008680     0.006007
   2006    65-69   0.006149     0.014528     0.010068
   2006    70-74   0.009515     0.026319     0.016898
   2006    75-79   0.017270     0.041134     0.027291
   2006    80-84   0.034108     0.070773     0.047591
   2006    85-89   0.073686     0.125905     0.089851
   2006    90-94   0.137369     0.216520     0.156669
   2006    95-99   0.228408     0.320319     0.244085
   2006   100-104  0.436769     0.392523     0.431760
   2006   105-109  0.493151     0.000000     0.439024
   2006   110+            .            .            .
   2007     0      0.002336     0.003761     0.003068
   2007     1-4    0.000169     0.000211     0.000190
   2007     5-9    0.000082     0.000116     0.000099
   2007    10-14   0.000040     0.000077     0.000059
   2007    15-19   0.000343     0.000441     0.000394
   2007    20-24   0.000173     0.000598     0.000394
   2007    25-29   0.000391     0.000530     0.000463
   2007    30-34   0.000268     0.000879     0.000584
   2007    35-39   0.000683     0.001021     0.000856
   2007    40-44   0.000541     0.001426     0.000985
   2007    45-49   0.001238     0.002090     0.001661
   2007    50-54   0.002093     0.003976     0.003021
   2007    55-59   0.002266     0.006049     0.004134
   2007    60-64   0.003819     0.009089     0.006378
   2007    65-69   0.005455     0.013674     0.009334
   2007    70-74   0.009500     0.022956     0.015429
   2007    75-79   0.017250     0.042530     0.027829
   2007    80-84   0.035207     0.074727     0.049977
   2007    85-89   0.068719     0.130008     0.087636
   2007    90-94   0.135366     0.211502     0.153882
   2007    95-99   0.243187     0.338190     0.259229
   2007   100-104  0.346015     0.556452     0.370424
   2007   105-109  0.800000     0.315789     0.715596
   2007   110+            .            .            .
   2008     0      0.002126     0.003606     0.002884
   2008     1-4    0.000402     0.000215     0.000306
   2008     5-9    0.000082     0.000118     0.000100
   2008    10-14   0.000040     0.000077     0.000059
   2008    15-19   0.000179     0.000291     0.000237
   2008    20-24   0.000262     0.000567     0.000420
   2008    25-29   0.000187     0.000899     0.000556
   2008    30-34   0.000451     0.000892     0.000680
   2008    35-39   0.000663     0.001055     0.000865
   2008    40-44   0.000777     0.001817     0.001300
   2008    45-49   0.001431     0.002436     0.001932
   2008    50-54   0.001650     0.003782     0.002700
   2008    55-59   0.003205     0.006729     0.004940
   2008    60-64   0.004402     0.008944     0.006622
   2008    65-69   0.005282     0.014566     0.009681
   2008    70-74   0.009277     0.024191     0.015884
   2008    75-79   0.016463     0.039704     0.026149
   2008    80-84   0.034799     0.073181     0.049380
   2008    85-89   0.071356     0.132537     0.089973
   2008    90-94   0.137354     0.204246     0.153635
   2008    95-99   0.246315     0.322299     0.259347
   2008   100-104  0.394976     0.604651     0.416691
   2008   105-109  0.574468     0.750000     0.600000
   2008   110+            .            .            .
   2009     0      0.001447     0.003224     0.002356
   2009     1-4    0.000235     0.000165     0.000199
   2009     5-9    0.000042     0.000119     0.000081
   2009    10-14   0.000160     0.000077     0.000117
   2009    15-19   0.000317     0.000549     0.000437
   2009    20-24   0.000224     0.000501     0.000367
   2009    25-29   0.000350     0.000750     0.000558
   2009    30-34   0.000479     0.000970     0.000734
   2009    35-39   0.000544     0.001172     0.000868
   2009    40-44   0.000669     0.001736     0.001208
   2009    45-49   0.000991     0.002661     0.001826
   2009    50-54   0.001629     0.003427     0.002515
   2009    55-59   0.003031     0.005752     0.004368
   2009    60-64   0.003432     0.008958     0.006144
   2009    65-69   0.004929     0.013599     0.009043
   2009    70-74   0.009249     0.022107     0.014985
   2009    75-79   0.016290     0.039724     0.026039
   2009    80-84   0.032857     0.071332     0.047588
   2009    85-89   0.067604     0.127679     0.085898
   2009    90-94   0.139997     0.193385     0.153014
   2009    95-99   0.231552     0.311876     0.245815
   2009   100-104  0.362353     0.412675     0.368062
   2009   105-109  0.628571     0.315789     0.580645
   2009   110+            .            .            .
   2010     0      0.003754     0.002388     0.003054
   2010     1-4    0.000179     0.000225     0.000203
   2010     5-9    0.000000     0.000162     0.000083
   2010    10-14   0.000040     0.000115     0.000079
   2010    15-19   0.000133     0.000165     0.000149
   2010    20-24   0.000333     0.000974     0.000665
   2010    25-29   0.000358     0.000586     0.000477
   2010    30-34   0.000510     0.000762     0.000641
   2010    35-39   0.000641     0.000964     0.000808
   2010    40-44   0.000809     0.001830     0.001327
   2010    45-49   0.000951     0.002415     0.001683
   2010    50-54   0.001333     0.004046     0.002674
   2010    55-59   0.003001     0.005299     0.004130
   2010    60-64   0.003549     0.008573     0.006017
   2010    65-69   0.005225     0.013870     0.009333
   2010    70-74   0.009990     0.022881     0.015784
   2010    75-79   0.016359     0.038048     0.025389
   2010    80-84   0.033230     0.072975     0.048443
   2010    85-89   0.068450     0.126721     0.086448
   2010    90-94   0.133099     0.209475     0.151754
   2010    95-99   0.229704     0.337463     0.249057
   2010   100-104  0.369418     0.379887     0.370715
   2010   105-109  0.489796     0.666667     0.509091
   2010   110+     0.000000            .     0.000000
   2011     0      0.001831     0.002190     0.002017
   2011     1-4    0.000182     0.000344     0.000266
   2011     5-9    0.000044     0.000041     0.000043
   2011    10-14   0.000122     0.000233     0.000179
   2011    15-19   0.000131     0.000367     0.000252
   2011    20-24   0.000451     0.000645     0.000552
   2011    25-29   0.000488     0.000750     0.000624
   2011    30-34   0.000537     0.000933     0.000743
   2011    35-39   0.000544     0.001357     0.000964
   2011    40-44   0.000913     0.001705     0.001316
   2011    45-49   0.001222     0.001959     0.001592
   2011    50-54   0.001772     0.003390     0.002574
   2011    55-59   0.002686     0.005347     0.003994
   2011    60-64   0.004022     0.008471     0.006206
   2011    65-69   0.006080     0.013744     0.009730
   2011    70-74   0.010329     0.022501     0.015857
   2011    75-79   0.016350     0.039200     0.025887
   2011    80-84   0.033771     0.070943     0.048011
   2011    85-89   0.066879     0.125312     0.085204
   2011    90-94   0.134264     0.202134     0.150860
   2011    95-99   0.246986     0.311353     0.258515
   2011   100-104  0.350414     0.563808     0.375970
   2011   105-109  0.600000     1.714286     0.641711
   2011   110+     1.500000            .     1.500000
   2012     0      0.001065     0.003210     0.002177
   2012     1-4    0.000124     0.000587     0.000362
   2012     5-9    0.000090     0.000127     0.000109
   2012    10-14   0.000041     0.000039     0.000040
   2012    15-19   0.000218     0.000246     0.000232
   2012    20-24   0.000201     0.000551     0.000384
   2012    25-29   0.000585     0.000539     0.000561
   2012    30-34   0.000352     0.000587     0.000474
   2012    35-39   0.000400     0.000994     0.000708
   2012    40-44   0.000818     0.001536     0.001186
   2012    45-49   0.001119     0.002062     0.001593
   2012    50-54   0.001498     0.003403     0.002443
   2012    55-59   0.002475     0.005739     0.004078
   2012    60-64   0.003622     0.009349     0.006429
   2012    65-69   0.005745     0.013713     0.009561
   2012    70-74   0.009396     0.020959     0.014707
   2012    75-79   0.015551     0.040144     0.025870
   2012    80-84   0.034509     0.073734     0.049526
   2012    85-89   0.069991     0.128375     0.088611
   2012    90-94   0.140999     0.203939     0.156318
   2012    95-99   0.248105     0.353896     0.267224
   2012   100-104  0.427672     0.467532     0.432074
   2012   105-109  0.463768     0.000000     0.450704
   2012   110+            .            .            .
   2013     0      0.002391     0.003004     0.002707
   2013     1-4    0.000127     0.000060     0.000093
   2013     5-9    0.000046     0.000043     0.000045
   2013    10-14   0.000041     0.000039     0.000040
   2013    15-19   0.000177     0.000291     0.000236
   2013    20-24   0.000249     0.000772     0.000523
   2013    25-29   0.000086     0.000876     0.000496
   2013    30-34   0.000111     0.000850     0.000495
   2013    35-39   0.000447     0.000780     0.000620
   2013    40-44   0.000477     0.001175     0.000836
   2013    45-49   0.000999     0.002260     0.001633
   2013    50-54   0.002176     0.003393     0.002782
   2013    55-59   0.002346     0.005125     0.003710
   2013    60-64   0.003466     0.008888     0.006116
   2013    65-69   0.005364     0.012953     0.009024
   2013    70-74   0.007881     0.019545     0.013269
   2013    75-79   0.016151     0.036773     0.024873
   2013    80-84   0.033105     0.071042     0.047606
   2013    85-89   0.068877     0.126648     0.087582
   2013    90-94   0.131858     0.212663     0.151165
   2013    95-99   0.241230     0.326421     0.256734
   2013   100-104  0.416331     0.441318     0.419298
   2013   105-109  0.396694     4.500000     0.463415
   2013   110+     0.000000            .     0.000000
   2014     0      0.001364     0.003083     0.002249
   2014     1-4    0.000261     0.000183     0.000221
   2014     5-9    0.000000     0.000089     0.000046
   2014    10-14   0.000042     0.000197     0.000122
   2014    15-19   0.000044     0.000414     0.000235
   2014    20-24   0.000250     0.001052     0.000668
   2014    25-29   0.000353     0.000940     0.000658
   2014    30-34   0.000304     0.000734     0.000528
   2014    35-39   0.000591     0.001234     0.000925
   2014    40-44   0.000698     0.001215     0.000965
   2014    45-49   0.000855     0.002038     0.001452
   2014    50-54   0.001995     0.003201     0.002598
   2014    55-59   0.002158     0.005051     0.003579
   2014    60-64   0.003259     0.008389     0.005761
   2014    65-69   0.005189     0.012515     0.008738
   2014    70-74   0.008810     0.020286     0.014128
   2014    75-79   0.013939     0.038645     0.024476
   2014    80-84   0.030020     0.071266     0.045767
   2014    85-89   0.066392     0.119053     0.083614
   2014    90-94   0.130557     0.205134     0.148348
   2014    95-99   0.233890     0.306791     0.247026
   2014   100-104  0.454393     0.480119     0.457852
   2014   105-109  0.592885     0.600000     0.593156
   2014   110+     0.428571            .     0.428571
   2015     0      0.002237     0.000791     0.001493
   2015     1-4    0.000133     0.000251     0.000194
   2015     5-9    0.000144     0.000091     0.000117
   2015    10-14   0.000213     0.000121     0.000166
   2015    15-19   0.000262     0.000285     0.000274
   2015    20-24   0.000254     0.000697     0.000485
   2015    25-29   0.000409     0.000754     0.000589
   2015    30-34   0.000430     0.000862     0.000656
   2015    35-39   0.000407     0.000900     0.000663
   2015    40-44   0.000459     0.001221     0.000852
   2015    45-49   0.001081     0.001839     0.001466
   2015    50-54   0.002041     0.003035     0.002538
   2015    55-59   0.002374     0.004673     0.003507
   2015    60-64   0.002957     0.007811     0.005324
   2015    65-69   0.004605     0.012613     0.008484
   2015    70-74   0.008882     0.022109     0.015025
   2015    75-79   0.014851     0.037456     0.024568
   2015    80-84   0.032216     0.066846     0.045472
   2015    85-89   0.065344     0.121350     0.083730
   2015    90-94   0.124764     0.199800     0.142955
   2015    95-99   0.229825     0.333372     0.248591
   2015   100-104  0.376450     0.431781     0.383659
   2015   105-109  0.469565     0.571429     0.478088
   2015   110+     1.000000            .     1.000000
   2016     0      0.002823     0.001618     0.002207
   2016     1-4    0.000271     0.000192     0.000231
   2016     5-9    0.000000     0.000046     0.000024
   2016    10-14   0.000044     0.000124     0.000085
   2016    15-19   0.000043     0.000320     0.000187
   2016    20-24   0.000206     0.000422     0.000319
   2016    25-29   0.000188     0.000469     0.000335
   2016    30-34   0.000280     0.000996     0.000653
   2016    35-39   0.000464     0.000829     0.000654
   2016    40-44   0.000823     0.001421     0.001132
   2016    45-49   0.000744     0.001622     0.001192
   2016    50-54   0.001520     0.003101     0.002312
   2016    55-59   0.002355     0.004279     0.003305
   2016    60-64   0.003733     0.008061     0.005844
   2016    65-69   0.004823     0.012879     0.008718
   2016    70-74   0.007330     0.019374     0.012932
   2016    75-79   0.015560     0.031837     0.022653
   2016    80-84   0.030346     0.067966     0.044812
   2016    85-89   0.066183     0.123064     0.084881
   2016    90-94   0.124822     0.205272     0.144606
   2016    95-99   0.239763     0.277250     0.246671
   2016   100-104  0.428212     0.491929     0.436232
   2016   105-109  0.771429     0.500000     0.743590
   2016   110+     0.600000            .     0.600000
   2017     0      0.000859     0.001627     0.001254
   2017     1-4    0.000000     0.000065     0.000034
   2017     5-9    0.000050     0.000047     0.000049
   2017    10-14   0.000090     0.000085     0.000087
   2017    15-19   0.000044     0.000282     0.000168
   2017    20-24   0.000357     0.000324     0.000339
   2017    25-29   0.000194     0.000743     0.000483
   2017    30-34   0.000328     0.000644     0.000493
   2017    35-39   0.000490     0.000709     0.000604
   2017    40-44   0.000610     0.001265     0.000949
   2017    45-49   0.000794     0.002137     0.001482
   2017    50-54   0.001478     0.003263     0.002373
   2017    55-59   0.002180     0.004685     0.003421
   2017    60-64   0.003372     0.008317     0.005783
   2017    65-69   0.005320     0.012413     0.008743
   2017    70-74   0.008421     0.019396     0.013556
   2017    75-79   0.014898     0.032911     0.022853
   2017    80-84   0.029226     0.065443     0.043235
   2017    85-89   0.061879     0.118935     0.080618
   2017    90-94   0.132145     0.196872     0.148459
   2017    95-99   0.262103     0.314932     0.271762
   2017   100-104  0.410848     0.528780     0.425327
   2017   105-109  0.670732     2.400000     0.830258
   2017   110+     3.000000            .     3.000000
   2018     0      0.001191     0.001666     0.001437
   2018     1-4    0.000140     0.000133     0.000136
   2018     5-9    0.000051     0.000096     0.000074
   2018    10-14   0.000000     0.000086     0.000045
   2018    15-19   0.000045     0.000412     0.000236
   2018    20-24   0.000200     0.000676     0.000450
   2018    25-29   0.000100     0.000536     0.000330
   2018    30-34   0.000254     0.000508     0.000386
   2018    35-39   0.000438     0.000839     0.000647
   2018    40-44   0.000669     0.000936     0.000807
   2018    45-49   0.001063     0.001776     0.001431
   2018    50-54   0.001598     0.003095     0.002348
   2018    55-59   0.002379     0.005154     0.003758
   2018    60-64   0.002941     0.007720     0.005269
   2018    65-69   0.004664     0.012531     0.008448
   2018    70-74   0.007885     0.019430     0.013329
   2018    75-79   0.013231     0.030524     0.020913
   2018    80-84   0.029546     0.060121     0.041496
   2018    85-89   0.063349     0.119964     0.081926
   2018    90-94   0.127783     0.193466     0.144754
   2018    95-99   0.243477     0.306338     0.254741
   2018   100-104  0.415562     0.417835     0.415840
   2018   105-109  0.653038     0.947368     0.677319
   2018   110+     0.000000            .     0.000000
   2019     0      0.000935     0.001458     0.001206
   2019     1-4    0.000215     0.000270     0.000243
   2019     5-9    0.000157     0.000099     0.000127
   2019    10-14   0.000047     0.000044     0.000046
   2019    15-19   0.000137     0.000125     0.000131
   2019    20-24   0.000199     0.000711     0.000469
   2019    25-29   0.000051     0.000409     0.000240
   2019    30-34   0.000395     0.000363     0.000378
   2019    35-39   0.000151     0.000974     0.000580
   2019    40-44   0.000473     0.000740     0.000612
   2019    45-49   0.001116     0.002092     0.001620
   2019    50-54   0.001594     0.003215     0.002409
   2019    55-59   0.002327     0.004863     0.003590
   2019    60-64   0.002889     0.006427     0.004615
   2019    65-69   0.005734     0.011345     0.008428
   2019    70-74   0.007705     0.019082     0.013093
   2019    75-79   0.013811     0.032123     0.021960
   2019    80-84   0.029923     0.061027     0.042233
   2019    85-89   0.061337     0.114015     0.078642
   2019    90-94   0.127468     0.197947     0.145973
   2019    95-99   0.227320     0.333021     0.246474
   2019   100-104  0.372144     0.468367     0.384816
   2019   105-109  0.478641     1.500000     0.539912
   2019   110+     0.545455            .     0.545455
   2020     0      0.001635     0.001839     0.001740
   2020     1-4    0.000000     0.000070     0.000036
   2020     5-9    0.000000     0.000050     0.000026
   2020    10-14   0.000000     0.000090     0.000047
   2020    15-19   0.000091     0.000126     0.000109
   2020    20-24   0.000153     0.000314     0.000238
   2020    25-29   0.000051     0.000721     0.000407
   2020    30-34   0.000504     0.000622     0.000566
   2020    35-39   0.000234     0.000357     0.000298
   2020    40-44   0.000692     0.001159     0.000935
   2020    45-49   0.000921     0.001827     0.001389
   2020    50-54   0.001600     0.003001     0.002310
   2020    55-59   0.002559     0.004142     0.003346
   2020    60-64   0.003061     0.006284     0.004640
   2020    65-69   0.005000     0.011959     0.008341
   2020    70-74   0.007188     0.019104     0.012830
   2020    75-79   0.015569     0.032335     0.023041
   2020    80-84   0.029320     0.056748     0.040315
   2020    85-89   0.057093     0.107310     0.073719
   2020    90-94   0.118205     0.188498     0.136719
   2020    95-99   0.219396     0.272165     0.229101
   2020   100-104  0.395753     0.462333     0.404819
   2020   105-109  0.494673     1.500000     0.543216
   2020   110+     1.500000            .     1.500000
   2021     0      0.001712     0.002581     0.002160
   2021     1-4    0.000000     0.000073     0.000037
   2021     5-9    0.000054     0.000000     0.000026
   2021    10-14   0.000098     0.000000     0.000047
   2021    15-19   0.000136     0.000252     0.000197
   2021    20-24   0.000309     0.000405     0.000360
   2021    25-29   0.000206     0.000809     0.000527
   2021    30-34   0.000573     0.000601     0.000588
   2021    35-39   0.000479     0.000919     0.000708
   2021    40-44   0.000633     0.001166     0.000911
   2021    45-49   0.000981     0.001765     0.001386
   2021    50-54   0.001295     0.002577     0.001949
   2021    55-59   0.001913     0.004027     0.002966
   2021    60-64   0.003373     0.006967     0.005138
   2021    65-69   0.004701     0.012255     0.008333
   2021    70-74   0.008001     0.020649     0.013972
   2021    75-79   0.015437     0.032905     0.023242
   2021    80-84   0.029036     0.060686     0.041934
   2021    85-89   0.058534     0.109721     0.075689
   2021    90-94   0.117676     0.196055     0.138163
   2021    95-99   0.231305     0.304871     0.245280
   2021   100-104  0.367425     0.588842     0.395907
   2021   105-109  0.495497     0.937500     0.509631
   2021   110+            .            .            .
   2022     0      0.000679     0.002245     0.001484
   2022     1-4    0.000000     0.000076     0.000039
   2022     5-9    0.000111     0.000052     0.000081
   2022    10-14   0.000100     0.000189     0.000146
   2022    15-19   0.000091     0.000422     0.000263
   2022    20-24   0.000303     0.000400     0.000355
   2022    25-29   0.000102     0.000405     0.000263
   2022    30-34   0.000248     0.000568     0.000418
   2022    35-39   0.000780     0.000605     0.000689
   2022    40-44   0.000804     0.000904     0.000856
   2022    45-49   0.001093     0.001793     0.001455
   2022    50-54   0.001847     0.003233     0.002556
   2022    55-59   0.002229     0.004745     0.003484
   2022    60-64   0.003465     0.007173     0.005288
   2022    65-69   0.004815     0.011828     0.008189
   2022    70-74   0.008809     0.022354     0.015181
   2022    75-79   0.015775     0.034430     0.024172
   2022    80-84   0.029422     0.062716     0.043174
   2022    85-89   0.065295     0.116317     0.082641
   2022    90-94   0.137514     0.220046     0.158929
   2022    95-99   0.244885     0.344010     0.263825
   2022   100-104  0.439104     0.492032     0.445533
   2022   105-109  0.793520     1.565217     0.817220
   2022   110+     0.000000            .     0.000000
