19.Yamanashi.ken, Death Rates (period 5x1)     Last modified:2023-12-05, ver.004_004 JMD(IPSS)

   Year      Age       Female       Male         Total
   1947     0      0.073569     0.086487     0.080150
   1947     1-4    0.013635     0.014505     0.014076
   1947     5-9    0.003175     0.003326     0.003251
   1947    10-14   0.001545     0.001827     0.001688
   1947    15-19   0.003061     0.003838     0.003438
   1947    20-24   0.006675     0.008206     0.007383
   1947    25-29   0.007043     0.008174     0.007542
   1947    30-34   0.007549     0.007170     0.007375
   1947    35-39   0.007882     0.007218     0.007572
   1947    40-44   0.008922     0.009435     0.009175
   1947    45-49   0.008569     0.012056     0.010308
   1947    50-54   0.013067     0.016886     0.014961
   1947    55-59   0.018211     0.024825     0.021394
   1947    60-64   0.029950     0.038709     0.034000
   1947    65-69   0.042203     0.063655     0.051840
   1947    70-74   0.068722     0.098015     0.081497
   1947    75-79   0.106535     0.159855     0.126493
   1947    80-84   0.190707     0.214598     0.198834
   1947    85-89   0.265285     0.324399     0.284556
   1947    90-94   0.309505     0.461538     0.355276
   1947    95-99   0.749169     0.384862     0.684504
   1947   100-104  0.000000     0.000000     0.000000
   1947   105-109  0.000000            .     0.000000
   1947   110+            .            .            .
   1948     0      0.049951     0.059066     0.054588
   1948     1-4    0.006988     0.009073     0.008044
   1948     5-9    0.001878     0.002497     0.002191
   1948    10-14   0.001500     0.001463     0.001481
   1948    15-19   0.002421     0.002989     0.002701
   1948    20-24   0.005845     0.006368     0.006090
   1948    25-29   0.006751     0.007686     0.007161
   1948    30-34   0.006041     0.006866     0.006416
   1948    35-39   0.006516     0.006979     0.006730
   1948    40-44   0.007320     0.007416     0.007367
   1948    45-49   0.009454     0.010105     0.009778
   1948    50-54   0.010952     0.013092     0.012016
   1948    55-59   0.018120     0.021070     0.019543
   1948    60-64   0.023898     0.033245     0.028253
   1948    65-69   0.038079     0.055745     0.045965
   1948    70-74   0.060207     0.076410     0.067223
   1948    75-79   0.089080     0.119099     0.100538
   1948    80-84   0.141625     0.167196     0.150482
   1948    85-89   0.228551     0.308473     0.253390
   1948    90-94   0.378274     0.218411     0.330934
   1948    95-99   0.248173     0.000000     0.176644
   1948   100-104  0.000000     0.000000     0.000000
   1948   105-109  0.000000            .     0.000000
   1948   110+            .            .            .
   1949     0      0.054415     0.060407     0.057469
   1949     1-4    0.011069     0.010659     0.010861
   1949     5-9    0.001972     0.002091     0.002032
   1949    10-14   0.001130     0.001129     0.001129
   1949    15-19   0.001884     0.001996     0.001940
   1949    20-24   0.004295     0.005207     0.004726
   1949    25-29   0.005232     0.006365     0.005730
   1949    30-34   0.004521     0.006095     0.005233
   1949    35-39   0.006399     0.005743     0.006097
   1949    40-44   0.006489     0.006570     0.006528
   1949    45-49   0.008178     0.009185     0.008679
   1949    50-54   0.007959     0.013544     0.010734
   1949    55-59   0.013294     0.021077     0.017064
   1949    60-64   0.021703     0.033101     0.027033
   1949    65-69   0.036127     0.050392     0.042491
   1949    70-74   0.061055     0.073269     0.066320
   1949    75-79   0.091471     0.112498     0.099691
   1949    80-84   0.136117     0.202657     0.159223
   1949    85-89   0.213813     0.253048     0.225612
   1949    90-94   0.263583     0.392655     0.300956
   1949    95-99   0.652972     0.744232     0.685293
   1949   100-104  0.000000     0.000000     0.000000
   1949   105-109  0.000000            .     0.000000
   1949   110+            .            .            .
   1950     0      0.047836     0.054794     0.051386
   1950     1-4    0.009408     0.010050     0.009735
   1950     5-9    0.001516     0.001990     0.001757
   1950    10-14   0.000927     0.000954     0.000941
   1950    15-19   0.001722     0.002004     0.001863
   1950    20-24   0.003712     0.004223     0.003956
   1950    25-29   0.004522     0.005818     0.005098
   1950    30-34   0.003880     0.005785     0.004735
   1950    35-39   0.006090     0.004953     0.005569
   1950    40-44   0.005210     0.006957     0.006049
   1950    45-49   0.006471     0.008669     0.007557
   1950    50-54   0.008422     0.012988     0.010688
   1950    55-59   0.014772     0.019774     0.017206
   1950    60-64   0.020624     0.028381     0.024268
   1950    65-69   0.036481     0.054619     0.044569
   1950    70-74   0.056802     0.077011     0.065492
   1950    75-79   0.088363     0.111682     0.097659
   1950    80-84   0.154809     0.177797     0.162685
   1950    85-89   0.226869     0.281606     0.243082
   1950    90-94   0.387261     0.417069     0.395467
   1950    95-99   0.439818     0.585176     0.484995
   1950   100-104  0.000000     0.000000     0.000000
   1950   105-109  0.000000            .     0.000000
   1950   110+     0.000000            .     0.000000
   1951     0      0.040796     0.045763     0.043337
   1951     1-4    0.006010     0.006790     0.006407
   1951     5-9    0.000850     0.001270     0.001063
   1951    10-14   0.000776     0.000998     0.000888
   1951    15-19   0.001168     0.001533     0.001351
   1951    20-24   0.002704     0.003058     0.002875
   1951    25-29   0.003171     0.003929     0.003515
   1951    30-34   0.004007     0.004688     0.004310
   1951    35-39   0.004017     0.004328     0.004159
   1951    40-44   0.004698     0.005480     0.005069
   1951    45-49   0.005994     0.008976     0.007466
   1951    50-54   0.008792     0.012098     0.010431
   1951    55-59   0.013367     0.018285     0.015768
   1951    60-64   0.020050     0.029198     0.024376
   1951    65-69   0.031667     0.049328     0.039536
   1951    70-74   0.052393     0.080395     0.064381
   1951    75-79   0.089657     0.104503     0.095687
   1951    80-84   0.141532     0.151326     0.144910
   1951    85-89   0.237953     0.265286     0.246214
   1951    90-94   0.294409     0.385859     0.318052
   1951    95-99   0.786193     0.209278     0.602004
   1951   100-104  0.823529     0.000000     0.446809
   1951   105-109  0.200000            .     0.200000
   1951   110+     1.500000            .     1.500000
   1952     0      0.035882     0.049632     0.042913
   1952     1-4    0.005128     0.005029     0.005077
   1952     5-9    0.000980     0.001580     0.001284
   1952    10-14   0.000717     0.000984     0.000851
   1952    15-19   0.000977     0.001671     0.001319
   1952    20-24   0.001810     0.003058     0.002415
   1952    25-29   0.002606     0.003621     0.003079
   1952    30-34   0.003445     0.003711     0.003562
   1952    35-39   0.003511     0.004057     0.003761
   1952    40-44   0.004214     0.005366     0.004752
   1952    45-49   0.005259     0.007198     0.006212
   1952    50-54   0.009291     0.011819     0.010546
   1952    55-59   0.014193     0.016382     0.015268
   1952    60-64   0.017999     0.026062     0.021826
   1952    65-69   0.028566     0.042670     0.034876
   1952    70-74   0.051910     0.073714     0.061180
   1952    75-79   0.084736     0.106034     0.093471
   1952    80-84   0.145737     0.149135     0.146927
   1952    85-89   0.199720     0.177556     0.192692
   1952    90-94   0.259115     0.324223     0.274696
   1952    95-99   0.552297     0.188691     0.418719
   1952   100-104  0.000000     0.000000     0.000000
   1952   105-109  0.000000     0.000000     0.000000
   1952   110+            .            .            .
   1953     0      0.038844     0.041671     0.040296
   1953     1-4    0.005055     0.005379     0.005220
   1953     5-9    0.001228     0.001685     0.001460
   1953    10-14   0.000676     0.000917     0.000798
   1953    15-19   0.001396     0.001457     0.001426
   1953    20-24   0.002112     0.002636     0.002366
   1953    25-29   0.002899     0.002749     0.002827
   1953    30-34   0.003356     0.003102     0.003244
   1953    35-39   0.004319     0.004271     0.004297
   1953    40-44   0.003632     0.004706     0.004131
   1953    45-49   0.005901     0.008013     0.006929
   1953    50-54   0.008739     0.010429     0.009580
   1953    55-59   0.013600     0.019604     0.016560
   1953    60-64   0.018004     0.030111     0.023760
   1953    65-69   0.034481     0.044928     0.039206
   1953    70-74   0.055912     0.074069     0.063587
   1953    75-79   0.085322     0.108872     0.094946
   1953    80-84   0.144745     0.183019     0.158387
   1953    85-89   0.206190     0.219310     0.210506
   1953    90-94   0.347873     0.478902     0.377628
   1953    95-99   0.435842     0.379105     0.417872
   1953   100-104  0.000000     0.431010     0.352736
   1953   105-109  0.000000     0.489796     0.035346
   1953   110+            .            .            .
   1954     0      0.032881     0.036959     0.034980
   1954     1-4    0.003994     0.004514     0.004260
   1954     5-9    0.001141     0.001544     0.001346
   1954    10-14   0.000728     0.000815     0.000772
   1954    15-19   0.000983     0.001485     0.001225
   1954    20-24   0.002145     0.003091     0.002596
   1954    25-29   0.002528     0.003212     0.002860
   1954    30-34   0.003023     0.003037     0.003029
   1954    35-39   0.003048     0.003564     0.003282
   1954    40-44   0.004855     0.004568     0.004722
   1954    45-49   0.006020     0.007044     0.006515
   1954    50-54   0.008685     0.012367     0.010512
   1954    55-59   0.010619     0.019402     0.014950
   1954    60-64   0.018169     0.026941     0.022363
   1954    65-69   0.030772     0.043675     0.036651
   1954    70-74   0.044090     0.063944     0.052502
   1954    75-79   0.071211     0.108580     0.086298
   1954    80-84   0.122788     0.153953     0.134057
   1954    85-89   0.185143     0.244099     0.204499
   1954    90-94   0.312083     0.349091     0.320861
   1954    95-99   0.461479     0.395410     0.442953
   1954   100-104  0.000000     0.563636     0.348315
   1954   105-109  0.000000     0.512195     0.058496
   1954   110+     0.000000            .     0.000000
   1955     0      0.027082     0.029474     0.028303
   1955     1-4    0.003317     0.003484     0.003403
   1955     5-9    0.000957     0.001345     0.001155
   1955    10-14   0.000534     0.000607     0.000571
   1955    15-19   0.000996     0.001152     0.001072
   1955    20-24   0.002203     0.002830     0.002495
   1955    25-29   0.002454     0.003235     0.002838
   1955    30-34   0.002298     0.003059     0.002643
   1955    35-39   0.003293     0.003625     0.003443
   1955    40-44   0.003840     0.005266     0.004498
   1955    45-49   0.005340     0.005769     0.005546
   1955    50-54   0.008021     0.011740     0.009856
   1955    55-59   0.011232     0.017168     0.014162
   1955    60-64   0.018607     0.025693     0.022012
   1955    65-69   0.027187     0.039863     0.033000
   1955    70-74   0.045402     0.072938     0.057116
   1955    75-79   0.070495     0.102659     0.083349
   1955    80-84   0.123640     0.145150     0.131525
   1955    85-89   0.186078     0.239451     0.203189
   1955    90-94   0.270405     0.406687     0.304397
   1955    95-99   0.063593     0.717521     0.201305
   1955   100-104  0.674392     0.000000     0.342353
   1955   105-109  0.037855     0.000000     0.033149
   1955   110+     0.000000            .     0.000000
   1956     0      0.029260     0.039128     0.034287
   1956     1-4    0.003408     0.004194     0.003810
   1956     5-9    0.000742     0.001138     0.000944
   1956    10-14   0.000462     0.000633     0.000548
   1956    15-19   0.000847     0.001382     0.001106
   1956    20-24   0.001781     0.002809     0.002254
   1956    25-29   0.002067     0.003341     0.002695
   1956    30-34   0.002376     0.003598     0.002944
   1956    35-39   0.002513     0.002409     0.002466
   1956    40-44   0.003553     0.003843     0.003686
   1956    45-49   0.005665     0.007496     0.006536
   1956    50-54   0.006809     0.010960     0.008853
   1956    55-59   0.012205     0.017188     0.014667
   1956    60-64   0.017597     0.026493     0.021875
   1956    65-69   0.029798     0.046948     0.037721
   1956    70-74   0.048205     0.073228     0.058871
   1956    75-79   0.085043     0.119189     0.098607
   1956    80-84   0.138333     0.183093     0.154915
   1956    85-89   0.232704     0.305071     0.255082
   1956    90-94   0.312013     0.324767     0.315349
   1956    95-99   0.138185     0.593796     0.199641
   1956   100-104  2.604027     0.000000     0.839827
   1956   105-109  0.058824     0.000000     0.043796
   1956   110+     0.057692            .     0.057692
   1957     0      0.030794     0.028791     0.029773
   1957     1-4    0.003337     0.003600     0.003471
   1957     5-9    0.000877     0.001173     0.001028
   1957    10-14   0.000642     0.000772     0.000708
   1957    15-19   0.000803     0.001557     0.001168
   1957    20-24   0.001622     0.002506     0.002032
   1957    25-29   0.001835     0.003051     0.002434
   1957    30-34   0.002476     0.002435     0.002457
   1957    35-39   0.001882     0.002461     0.002141
   1957    40-44   0.002867     0.003526     0.003171
   1957    45-49   0.004497     0.006780     0.005569
   1957    50-54   0.007422     0.009987     0.008682
   1957    55-59   0.010081     0.016550     0.013284
   1957    60-64   0.018501     0.027359     0.022776
   1957    65-69   0.028395     0.045827     0.036456
   1957    70-74   0.050087     0.077319     0.061732
   1957    75-79   0.086403     0.112674     0.096784
   1957    80-84   0.141969     0.166590     0.151162
   1957    85-89   0.215339     0.291487     0.238129
   1957    90-94   0.318320     0.407097     0.342315
   1957    95-99   0.507364     1.436552     0.582751
   1957   100-104  0.000000     0.930841     0.531483
   1957   105-109         .     0.342857     0.342857
   1957   110+     0.000000            .     0.000000
   1958     0      0.027951     0.031456     0.029744
   1958     1-4    0.002955     0.002972     0.002964
   1958     5-9    0.000691     0.000867     0.000781
   1958    10-14   0.000464     0.000685     0.000576
   1958    15-19   0.001077     0.001275     0.001172
   1958    20-24   0.001720     0.002455     0.002062
   1958    25-29   0.001755     0.003111     0.002423
   1958    30-34   0.002138     0.002764     0.002444
   1958    35-39   0.002356     0.003045     0.002664
   1958    40-44   0.003381     0.004207     0.003761
   1958    45-49   0.004230     0.006418     0.005253
   1958    50-54   0.006526     0.010208     0.008320
   1958    55-59   0.010362     0.017026     0.013661
   1958    60-64   0.016273     0.026476     0.021222
   1958    65-69   0.028923     0.038600     0.033405
   1958    70-74   0.047494     0.068674     0.056620
   1958    75-79   0.078197     0.111634     0.091318
   1958    80-84   0.123929     0.164581     0.139082
   1958    85-89   0.191424     0.238953     0.205869
   1958    90-94   0.357917     0.373868     0.362286
   1958    95-99   0.343102     0.000000     0.312663
   1958   100-104  0.000000            .     0.000000
   1958   105-109         .     3.000000     3.000000
   1958   110+     0.000000            .     0.000000
   1959     0      0.028030     0.028510     0.028277
   1959     1-4    0.002454     0.002878     0.002670
   1959     5-9    0.000945     0.001122     0.001036
   1959    10-14   0.000494     0.000657     0.000576
   1959    15-19   0.000995     0.001580     0.001276
   1959    20-24   0.001416     0.001805     0.001596
   1959    25-29   0.001688     0.002626     0.002149
   1959    30-34   0.002103     0.002977     0.002538
   1959    35-39   0.002368     0.003632     0.002938
   1959    40-44   0.003149     0.003856     0.003473
   1959    45-49   0.004244     0.006402     0.005249
   1959    50-54   0.007812     0.009445     0.008603
   1959    55-59   0.011085     0.017199     0.014103
   1959    60-64   0.015462     0.024145     0.019684
   1959    65-69   0.026174     0.041999     0.033542
   1959    70-74   0.049415     0.069543     0.058172
   1959    75-79   0.069868     0.097305     0.080617
   1959    80-84   0.127293     0.164521     0.141039
   1959    85-89   0.208732     0.231328     0.215807
   1959    90-94   0.282409     0.244096     0.271611
   1959    95-99   0.355497     0.590745     0.394802
   1959   100-104  0.000000            .     0.000000
   1959   105-109         .            .            .
   1959   110+     0.000000            .     0.000000
   1960     0      0.023753     0.029261     0.026614
   1960     1-4    0.002077     0.002815     0.002454
   1960     5-9    0.000683     0.000956     0.000823
   1960    10-14   0.000449     0.000539     0.000495
   1960    15-19   0.000761     0.001553     0.001142
   1960    20-24   0.001156     0.002108     0.001590
   1960    25-29   0.001859     0.002816     0.002328
   1960    30-34   0.002503     0.002131     0.002315
   1960    35-39   0.001983     0.003075     0.002484
   1960    40-44   0.002786     0.003392     0.003063
   1960    45-49   0.004332     0.005669     0.004953
   1960    50-54   0.007174     0.008568     0.007847
   1960    55-59   0.011053     0.015441     0.013209
   1960    60-64   0.015189     0.028650     0.021740
   1960    65-69   0.027915     0.041860     0.034425
   1960    70-74   0.049171     0.072218     0.059278
   1960    75-79   0.075125     0.107700     0.087946
   1960    80-84   0.134420     0.166841     0.146321
   1960    85-89   0.173923     0.247757     0.197060
   1960    90-94   0.339876     0.340515     0.340056
   1960    95-99   0.534283     0.660793     0.562630
   1960   100-104  0.905433            .     0.905433
   1960   105-109         .            .            .
   1960   110+     0.000000            .     0.000000
   1961     0      0.021993     0.024368     0.023226
   1961     1-4    0.002098     0.002328     0.002216
   1961     5-9    0.000384     0.000714     0.000552
   1961    10-14   0.000413     0.000783     0.000601
   1961    15-19   0.000854     0.001380     0.001108
   1961    20-24   0.001376     0.002844     0.002041
   1961    25-29   0.001653     0.002892     0.002256
   1961    30-34   0.001816     0.002323     0.002074
   1961    35-39   0.002027     0.002398     0.002201
   1961    40-44   0.002652     0.004395     0.003443
   1961    45-49   0.003661     0.006529     0.004989
   1961    50-54   0.005725     0.008756     0.007172
   1961    55-59   0.009735     0.015875     0.012752
   1961    60-64   0.016905     0.023163     0.019954
   1961    65-69   0.024295     0.041972     0.032550
   1961    70-74   0.043712     0.067625     0.054241
   1961    75-79   0.070581     0.109829     0.086045
   1961    80-84   0.110545     0.153055     0.125999
   1961    85-89   0.197602     0.201348     0.198798
   1961    90-94   0.299319     0.425017     0.332050
   1961    95-99   0.339196     0.566786     0.395984
   1961   100-104  1.437700            .     1.437700
   1961   105-109         .            .            .
   1961   110+     0.000000            .     0.000000
   1962     0      0.019666     0.023899     0.021837
   1962     1-4    0.001681     0.002343     0.002022
   1962     5-9    0.000402     0.000700     0.000554
   1962    10-14   0.000379     0.000716     0.000550
   1962    15-19   0.000708     0.001185     0.000938
   1962    20-24   0.001225     0.002499     0.001805
   1962    25-29   0.001196     0.002944     0.002040
   1962    30-34   0.001529     0.002555     0.002049
   1962    35-39   0.001743     0.002820     0.002260
   1962    40-44   0.002406     0.003739     0.003005
   1962    45-49   0.004233     0.006888     0.005461
   1962    50-54   0.006126     0.008460     0.007223
   1962    55-59   0.010278     0.017073     0.013612
   1962    60-64   0.014785     0.023732     0.019156
   1962    65-69   0.025715     0.040449     0.032618
   1962    70-74   0.044412     0.066638     0.054194
   1962    75-79   0.079117     0.116244     0.093751
   1962    80-84   0.128513     0.177339     0.145999
   1962    85-89   0.217705     0.291120     0.241690
   1962    90-94   0.387379     0.306720     0.367331
   1962    95-99   0.425264     0.446014     0.430259
   1962   100-104  0.762389            .     0.762389
   1962   105-109         .            .            .
   1962   110+     0.000000            .     0.000000
   1963     0      0.015256     0.022182     0.018804
   1963     1-4    0.001307     0.001349     0.001329
   1963     5-9    0.000366     0.000491     0.000429
   1963    10-14   0.000310     0.000581     0.000448
   1963    15-19   0.000598     0.000942     0.000763
   1963    20-24   0.001163     0.001966     0.001531
   1963    25-29   0.001463     0.002351     0.001890
   1963    30-34   0.001291     0.002239     0.001770
   1963    35-39   0.001687     0.002714     0.002191
   1963    40-44   0.002354     0.004811     0.003452
   1963    45-49   0.003917     0.006226     0.004979
   1963    50-54   0.005873     0.009442     0.007538
   1963    55-59   0.008865     0.014992     0.011847
   1963    60-64   0.012584     0.021975     0.017176
   1963    65-69   0.023980     0.037710     0.030447
   1963    70-74   0.037972     0.059634     0.047539
   1963    75-79   0.063120     0.103527     0.079098
   1963    80-84   0.115294     0.149515     0.127375
   1963    85-89   0.192123     0.231637     0.204978
   1963    90-94   0.280335     0.395837     0.309861
   1963    95-99   0.366450     0.567277     0.409107
   1963   100-104  1.522843            .     1.522843
   1963   105-109         .            .            .
   1963   110+     0.000000            .     0.000000
   1964     0      0.016099     0.019933     0.018057
   1964     1-4    0.002163     0.001932     0.002044
   1964     5-9    0.000321     0.000622     0.000474
   1964    10-14   0.000281     0.000568     0.000427
   1964    15-19   0.000391     0.001321     0.000839
   1964    20-24   0.000958     0.001812     0.001347
   1964    25-29   0.001519     0.002438     0.001960
   1964    30-34   0.001306     0.001875     0.001592
   1964    35-39   0.001181     0.002918     0.002047
   1964    40-44   0.002398     0.004397     0.003295
   1964    45-49   0.004293     0.005796     0.004980
   1964    50-54   0.005450     0.009308     0.007238
   1964    55-59   0.009479     0.014510     0.011912
   1964    60-64   0.014236     0.021458     0.017754
   1964    65-69   0.024646     0.038876     0.031366
   1964    70-74   0.040624     0.063339     0.050734
   1964    75-79   0.069880     0.092249     0.078799
   1964    80-84   0.114105     0.155076     0.128570
   1964    85-89   0.179144     0.252877     0.202671
   1964    90-94   0.302831     0.465872     0.344318
   1964    95-99   0.442347     0.576812     0.468329
   1964   100-104  0.000000            .     0.000000
   1964   105-109         .            .            .
   1964   110+     1.500000            .     1.500000
   1965     0      0.015457     0.019200     0.017374
   1965     1-4    0.001002     0.001679     0.001348
   1965     5-9    0.000397     0.000676     0.000539
   1965    10-14   0.000296     0.000407     0.000353
   1965    15-19   0.000419     0.001125     0.000762
   1965    20-24   0.001085     0.002845     0.001874
   1965    25-29   0.000896     0.002253     0.001545
   1965    30-34   0.001043     0.002371     0.001706
   1965    35-39   0.001614     0.002686     0.002154
   1965    40-44   0.002456     0.003019     0.002712
   1965    45-49   0.003636     0.006135     0.004770
   1965    50-54   0.005431     0.008826     0.006995
   1965    55-59   0.007720     0.014024     0.010752
   1965    60-64   0.012291     0.026532     0.019177
   1965    65-69   0.024572     0.041351     0.032506
   1965    70-74   0.043341     0.067766     0.054250
   1965    75-79   0.077200     0.103829     0.087955
   1965    80-84   0.125511     0.157019     0.136717
   1965    85-89   0.196541     0.289673     0.225237
   1965    90-94   0.239179     0.388291     0.275034
   1965    95-99   0.483053     0.466110     0.479569
   1965   100-104  3.049555            .     3.049555
   1965   105-109         .            .            .
   1965   110+            .            .            .
   1966     0      0.015817     0.019729     0.017856
   1966     1-4    0.001880     0.002205     0.002046
   1966     5-9    0.000632     0.000816     0.000726
   1966    10-14   0.000521     0.000637     0.000580
   1966    15-19   0.000470     0.001256     0.000852
   1966    20-24   0.000912     0.001915     0.001361
   1966    25-29   0.001523     0.002616     0.002043
   1966    30-34   0.001612     0.002749     0.002179
   1966    35-39   0.001572     0.003224     0.002407
   1966    40-44   0.002267     0.004604     0.003355
   1966    45-49   0.004041     0.006345     0.005077
   1966    50-54   0.005780     0.009430     0.007453
   1966    55-59   0.007939     0.013756     0.010698
   1966    60-64   0.013645     0.025496     0.019371
   1966    65-69   0.022176     0.037185     0.029278
   1966    70-74   0.037628     0.054617     0.045213
   1966    75-79   0.067205     0.088357     0.075832
   1966    80-84   0.112762     0.151561     0.126634
   1966    85-89   0.192184     0.247756     0.208992
   1966    90-94   0.299237     0.340485     0.309000
   1966    95-99   0.333620     0.604839     0.387989
   1966   100-104  0.000000            .     0.000000
   1966   105-109         .            .            .
   1966   110+            .            .            .
   1967     0      0.013569     0.015611     0.014632
   1967     1-4    0.001298     0.001435     0.001369
   1967     5-9    0.000323     0.000586     0.000458
   1967    10-14   0.000137     0.000348     0.000243
   1967    15-19   0.000663     0.001026     0.000839
   1967    20-24   0.000554     0.001961     0.001194
   1967    25-29   0.000881     0.001973     0.001398
   1967    30-34   0.001298     0.002628     0.001958
   1967    35-39   0.001533     0.003772     0.002665
   1967    40-44   0.002157     0.003463     0.002779
   1967    45-49   0.002986     0.005806     0.004242
   1967    50-54   0.004264     0.008013     0.005981
   1967    55-59   0.007820     0.012331     0.009924
   1967    60-64   0.011493     0.019857     0.015532
   1967    65-69   0.023010     0.034271     0.028351
   1967    70-74   0.035368     0.060509     0.046613
   1967    75-79   0.068310     0.099149     0.080940
   1967    80-84   0.116081     0.158163     0.131137
   1967    85-89   0.194347     0.223027     0.203052
   1967    90-94   0.294480     0.361523     0.311018
   1967    95-99   0.364536     0.362651     0.364201
   1967   100-104  0.000000     0.000000     0.000000
   1967   105-109         .            .            .
   1967   110+            .            .            .
   1968     0      0.011895     0.017468     0.014754
   1968     1-4    0.001447     0.001604     0.001528
   1968     5-9    0.000394     0.000625     0.000512
   1968    10-14   0.000199     0.000474     0.000338
   1968    15-19   0.000602     0.000780     0.000688
   1968    20-24   0.000747     0.001866     0.001263
   1968    25-29   0.001342     0.001855     0.001586
   1968    30-34   0.001611     0.002096     0.001851
   1968    35-39   0.001107     0.002751     0.001938
   1968    40-44   0.002275     0.003862     0.003048
   1968    45-49   0.003277     0.005534     0.004276
   1968    50-54   0.004034     0.007343     0.005543
   1968    55-59   0.008096     0.013030     0.010375
   1968    60-64   0.013018     0.020777     0.016735
   1968    65-69   0.019023     0.037814     0.027944
   1968    70-74   0.033412     0.056786     0.043889
   1968    75-79   0.065474     0.094485     0.077396
   1968    80-84   0.117541     0.159478     0.132410
   1968    85-89   0.188932     0.216634     0.197437
   1968    90-94   0.233757     0.331783     0.258039
   1968    95-99   0.300772     0.651491     0.358714
   1968   100-104  1.014925     0.000000     0.747253
   1968   105-109         .            .            .
   1968   110+            .            .            .
   1969     0      0.010943     0.013526     0.012266
   1969     1-4    0.001645     0.001460     0.001550
   1969     5-9    0.000200     0.000632     0.000422
   1969    10-14   0.000176     0.000373     0.000276
   1969    15-19   0.000346     0.001532     0.000915
   1969    20-24   0.000865     0.001973     0.001379
   1969    25-29   0.000860     0.002009     0.001410
   1969    30-34   0.001065     0.002302     0.001674
   1969    35-39   0.001116     0.003131     0.002130
   1969    40-44   0.001754     0.003532     0.002636
   1969    45-49   0.002601     0.005207     0.003759
   1969    50-54   0.004538     0.008356     0.006268
   1969    55-59   0.006517     0.012997     0.009491
   1969    60-64   0.012424     0.023540     0.017703
   1969    65-69   0.019216     0.040010     0.029038
   1969    70-74   0.038870     0.055970     0.046561
   1969    75-79   0.066252     0.102041     0.081017
   1969    80-84   0.105996     0.156338     0.123834
   1969    85-89   0.189627     0.223730     0.200344
   1969    90-94   0.239318     0.343470     0.264489
   1969    95-99   0.528657     0.584775     0.537799
   1969   100-104  0.401606     1.219512     0.604230
   1969   105-109         .            .            .
   1969   110+            .            .            .
   1970     0      0.013490     0.013753     0.013625
   1970     1-4    0.000861     0.001865     0.001378
   1970     5-9    0.000399     0.000600     0.000502
   1970    10-14   0.000245     0.000237     0.000241
   1970    15-19   0.000581     0.001016     0.000790
   1970    20-24   0.000680     0.001870     0.001228
   1970    25-29   0.001211     0.001836     0.001512
   1970    30-34   0.001000     0.001799     0.001394
   1970    35-39   0.001447     0.003047     0.002247
   1970    40-44   0.001755     0.004374     0.003069
   1970    45-49   0.002683     0.005223     0.003828
   1970    50-54   0.004691     0.007772     0.006076
   1970    55-59   0.006042     0.012960     0.009196
   1970    60-64   0.011918     0.022560     0.016928
   1970    65-69   0.021421     0.035661     0.028095
   1970    70-74   0.038748     0.060845     0.048722
   1970    75-79   0.072238     0.098014     0.082917
   1970    80-84   0.116487     0.150439     0.128805
   1970    85-89   0.190658     0.250242     0.209360
   1970    90-94   0.326261     0.336413     0.328743
   1970    95-99   0.355310     0.411692     0.364921
   1970   100-104  1.016949     3.750000     1.243523
   1970   105-109         .            .            .
   1970   110+            .            .            .
   1971     0      0.011481     0.011426     0.011452
   1971     1-4    0.000835     0.001227     0.001036
   1971     5-9    0.000543     0.000547     0.000545
   1971    10-14   0.000223     0.000610     0.000421
   1971    15-19   0.000287     0.001797     0.001020
   1971    20-24   0.000848     0.001797     0.001284
   1971    25-29   0.000764     0.001407     0.001074
   1971    30-34   0.001299     0.002022     0.001656
   1971    35-39   0.001315     0.002491     0.001901
   1971    40-44   0.001202     0.003484     0.002353
   1971    45-49   0.002909     0.004920     0.003838
   1971    50-54   0.003990     0.007637     0.005614
   1971    55-59   0.007660     0.012207     0.009726
   1971    60-64   0.009926     0.021640     0.015359
   1971    65-69   0.019133     0.036593     0.027303
   1971    70-74   0.032171     0.052418     0.041312
   1971    75-79   0.060720     0.093354     0.074273
   1971    80-84   0.111781     0.143376     0.123440
   1971    85-89   0.189788     0.216278     0.197987
   1971    90-94   0.255245     0.348965     0.278674
   1971    95-99   0.408178     0.523004     0.427513
   1971   100-104  0.249377            .     0.249377
   1971   105-109         .            .            .
   1971   110+            .            .            .
   1972     0      0.009493     0.012414     0.010995
   1972     1-4    0.000780     0.001328     0.001061
   1972     5-9    0.000273     0.000354     0.000315
   1972    10-14   0.000227     0.000402     0.000317
   1972    15-19   0.000573     0.001465     0.001007
   1972    20-24   0.000537     0.001275     0.000879
   1972    25-29   0.000860     0.001333     0.001088
   1972    30-34   0.001093     0.001758     0.001422
   1972    35-39   0.001219     0.003326     0.002269
   1972    40-44   0.001331     0.004086     0.002721
   1972    45-49   0.002860     0.005197     0.003968
   1972    50-54   0.004472     0.007537     0.005825
   1972    55-59   0.007139     0.012669     0.009649
   1972    60-64   0.009969     0.020065     0.014578
   1972    65-69   0.019668     0.032838     0.025811
   1972    70-74   0.031318     0.052076     0.040697
   1972    75-79   0.058064     0.083747     0.068739
   1972    80-84   0.102166     0.146629     0.118546
   1972    85-89   0.167743     0.213319     0.181931
   1972    90-94   0.290998     0.321809     0.298894
   1972    95-99   0.323784     0.230769     0.305539
   1972   100-104  0.666667            .     0.666667
   1972   105-109         .            .            .
   1972   110+            .            .            .
   1973     0      0.009719     0.011276     0.010510
   1973     1-4    0.000862     0.001403     0.001139
   1973     5-9    0.000304     0.000447     0.000378
   1973    10-14   0.000164     0.000280     0.000224
   1973    15-19   0.000319     0.001460     0.000873
   1973    20-24   0.000675     0.001437     0.001032
   1973    25-29   0.001025     0.001435     0.001224
   1973    30-34   0.000741     0.001530     0.001132
   1973    35-39   0.001080     0.002648     0.001859
   1973    40-44   0.001539     0.003893     0.002727
   1973    45-49   0.002485     0.005222     0.003813
   1973    50-54   0.003295     0.005991     0.004479
   1973    55-59   0.005787     0.010408     0.007874
   1973    60-64   0.010480     0.019588     0.014602
   1973    65-69   0.017714     0.032413     0.024507
   1973    70-74   0.030013     0.051007     0.039509
   1973    75-79   0.057130     0.087872     0.069965
   1973    80-84   0.106588     0.150550     0.122866
   1973    85-89   0.181975     0.221247     0.194048
   1973    90-94   0.317415     0.296996     0.312002
   1973    95-99   0.465886     0.248276     0.412957
   1973   100-104  0.342857            .     0.342857
   1973   105-109         .            .            .
   1973   110+            .            .            .
   1974     0      0.006221     0.010802     0.008548
   1974     1-4    0.001058     0.001320     0.001192
   1974     5-9    0.000234     0.000474     0.000358
   1974    10-14   0.000199     0.000220     0.000210
   1974    15-19   0.000496     0.001329     0.000901
   1974    20-24   0.000719     0.001096     0.000896
   1974    25-29   0.000675     0.001769     0.001211
   1974    30-34   0.000865     0.001401     0.001131
   1974    35-39   0.001540     0.002407     0.001970
   1974    40-44   0.001872     0.003730     0.002806
   1974    45-49   0.002466     0.004196     0.003321
   1974    50-54   0.003665     0.006417     0.004879
   1974    55-59   0.005438     0.011128     0.007994
   1974    60-64   0.009319     0.016512     0.012556
   1974    65-69   0.016310     0.031210     0.023137
   1974    70-74   0.033360     0.055868     0.043493
   1974    75-79   0.054172     0.087078     0.067935
   1974    80-84   0.098820     0.132976     0.111565
   1974    85-89   0.173603     0.223284     0.188867
   1974    90-94   0.280327     0.362890     0.303109
   1974    95-99   0.479386     0.404908     0.459189
   1974   100-104  0.967742     0.000000     0.882353
   1974   105-109         .            .            .
   1974   110+            .            .            .
   1975     0      0.008063     0.008882     0.008482
   1975     1-4    0.001249     0.001319     0.001284
   1975     5-9    0.000300     0.000568     0.000438
   1975    10-14   0.000297     0.000407     0.000353
   1975    15-19   0.000305     0.000627     0.000464
   1975    20-24   0.000636     0.001462     0.001021
   1975    25-29   0.000478     0.000987     0.000729
   1975    30-34   0.001199     0.001255     0.001227
   1975    35-39   0.000943     0.002831     0.001882
   1975    40-44   0.001551     0.003544     0.002549
   1975    45-49   0.002637     0.005033     0.003835
   1975    50-54   0.003371     0.006253     0.004663
   1975    55-59   0.005155     0.010150     0.007381
   1975    60-64   0.009566     0.016688     0.012761
   1975    65-69   0.014841     0.028766     0.021176
   1975    70-74   0.027004     0.051074     0.037732
   1975    75-79   0.055188     0.083503     0.067076
   1975    80-84   0.105035     0.130530     0.114587
   1975    85-89   0.178287     0.219045     0.191052
   1975    90-94   0.265294     0.396134     0.300389
   1975    95-99   0.414174     0.279070     0.378427
   1975   100-104  0.818182     0.000000     0.580645
   1975   105-109         .            .            .
   1975   110+            .            .            .
   1976     0      0.006032     0.008775     0.007438
   1976     1-4    0.000850     0.001370     0.001115
   1976     5-9    0.000325     0.000246     0.000284
   1976    10-14   0.000202     0.000223     0.000213
   1976    15-19   0.000343     0.001066     0.000705
   1976    20-24   0.000917     0.001678     0.001270
   1976    25-29   0.000630     0.001086     0.000855
   1976    30-34   0.000341     0.001603     0.000974
   1976    35-39   0.000671     0.002063     0.001364
   1976    40-44   0.001418     0.003442     0.002429
   1976    45-49   0.002071     0.004155     0.003118
   1976    50-54   0.003545     0.006744     0.005016
   1976    55-59   0.005092     0.009314     0.006956
   1976    60-64   0.008531     0.015039     0.011446
   1976    65-69   0.014605     0.026743     0.020058
   1976    70-74   0.028756     0.048346     0.037458
   1976    75-79   0.054788     0.085925     0.067873
   1976    80-84   0.096878     0.134848     0.111152
   1976    85-89   0.172286     0.214283     0.185681
   1976    90-94   0.278371     0.382293     0.304379
   1976    95-99   0.420791     0.368653     0.407026
   1976   100-104  0.400000     0.000000     0.266667
   1976   105-109         .            .            .
   1976   110+            .            .            .
   1977     0      0.007271     0.008725     0.008013
   1977     1-4    0.000495     0.000996     0.000750
   1977     5-9    0.000224     0.000304     0.000265
   1977    10-14   0.000203     0.000350     0.000279
   1977    15-19   0.000351     0.000762     0.000558
   1977    20-24   0.000473     0.001123     0.000776
   1977    25-29   0.000688     0.000996     0.000839
   1977    30-34   0.000906     0.001432     0.001170
   1977    35-39   0.001068     0.002598     0.001829
   1977    40-44   0.001469     0.003561     0.002513
   1977    45-49   0.002017     0.004658     0.003344
   1977    50-54   0.003623     0.006561     0.005009
   1977    55-59   0.004396     0.008197     0.006060
   1977    60-64   0.009228     0.015840     0.012184
   1977    65-69   0.015990     0.025701     0.020306
   1977    70-74   0.027128     0.045691     0.035357
   1977    75-79   0.048875     0.076869     0.060665
   1977    80-84   0.095461     0.107038     0.099856
   1977    85-89   0.167935     0.219065     0.184291
   1977    90-94   0.266237     0.289312     0.272177
   1977    95-99   0.425172     0.181170     0.356485
   1977   100-104  0.382734     0.600000     0.447561
   1977   105-109         .            .            .
   1977   110+            .            .            .
   1978     0      0.006774     0.009154     0.007992
   1978     1-4    0.000721     0.001062     0.000895
   1978     5-9    0.000095     0.000243     0.000171
   1978    10-14   0.000200     0.000094     0.000146
   1978    15-19   0.000466     0.001162     0.000817
   1978    20-24   0.000445     0.000989     0.000703
   1978    25-29   0.000845     0.001038     0.000940
   1978    30-34   0.000716     0.001074     0.000896
   1978    35-39   0.001016     0.002066     0.001541
   1978    40-44   0.001036     0.002317     0.001673
   1978    45-49   0.001582     0.004356     0.002976
   1978    50-54   0.003328     0.006281     0.004752
   1978    55-59   0.004686     0.008310     0.006264
   1978    60-64   0.007435     0.014900     0.010759
   1978    65-69   0.014347     0.024021     0.018623
   1978    70-74   0.025205     0.045086     0.033968
   1978    75-79   0.049642     0.072612     0.059317
   1978    80-84   0.091065     0.127797     0.105072
   1978    85-89   0.157709     0.188996     0.168011
   1978    90-94   0.244418     0.291539     0.256285
   1978    95-99   0.362694     0.407767     0.374522
   1978   100-104  0.419805     1.125000     0.610979
   1978   105-109  0.000000            .     0.000000
   1978   110+            .            .            .
   1979     0      0.005842     0.009222     0.007578
   1979     1-4    0.000744     0.000841     0.000794
   1979     5-9    0.000158     0.000425     0.000295
   1979    10-14   0.000099     0.000248     0.000176
   1979    15-19   0.000216     0.000989     0.000607
   1979    20-24   0.000685     0.001194     0.000929
   1979    25-29   0.000762     0.000927     0.000843
   1979    30-34   0.000750     0.000907     0.000829
   1979    35-39   0.000670     0.001745     0.001208
   1979    40-44   0.001047     0.003438     0.002236
   1979    45-49   0.002277     0.004530     0.003404
   1979    50-54   0.003070     0.006165     0.004589
   1979    55-59   0.004096     0.010294     0.006806
   1979    60-64   0.007215     0.014703     0.010529
   1979    65-69   0.013547     0.025490     0.018800
   1979    70-74   0.022620     0.039297     0.029955
   1979    75-79   0.046123     0.069282     0.055835
   1979    80-84   0.093320     0.129360     0.107167
   1979    85-89   0.140017     0.187225     0.155863
   1979    90-94   0.221095     0.250218     0.228546
   1979    95-99   0.304348     0.548387     0.356164
   1979   100-104  0.000000     0.800000     0.235294
   1979   105-109  3.000000            .     3.000000
   1979   110+            .            .            .
   1980     0      0.006023     0.009237     0.007664
   1980     1-4    0.000633     0.000999     0.000819
   1980     5-9    0.000190     0.000305     0.000249
   1980    10-14   0.000132     0.000280     0.000208
   1980    15-19   0.000422     0.001127     0.000780
   1980    20-24   0.000476     0.001271     0.000861
   1980    25-29   0.000629     0.001152     0.000887
   1980    30-34   0.000799     0.001222     0.001013
   1980    35-39   0.000818     0.001650     0.001235
   1980    40-44   0.001464     0.003264     0.002360
   1980    45-49   0.002177     0.005000     0.003582
   1980    50-54   0.003310     0.007137     0.005208
   1980    55-59   0.004387     0.009030     0.006448
   1980    60-64   0.007018     0.013313     0.009783
   1980    65-69   0.012564     0.022801     0.017049
   1980    70-74   0.023257     0.045569     0.033026
   1980    75-79   0.049628     0.075103     0.060227
   1980    80-84   0.088516     0.123281     0.102058
   1980    85-89   0.157117     0.200205     0.171627
   1980    90-94   0.221940     0.295205     0.241401
   1980    95-99   0.324111     0.423529     0.342304
   1980   100-104  0.769231     0.666667     0.736842
   1980   105-109         .            .            .
   1980   110+            .            .            .
   1981     0      0.006401     0.007666     0.007041
   1981     1-4    0.000234     0.000628     0.000435
   1981     5-9    0.000224     0.000370     0.000298
   1981    10-14   0.000064     0.000212     0.000140
   1981    15-19   0.000211     0.000808     0.000516
   1981    20-24   0.000610     0.001073     0.000836
   1981    25-29   0.000508     0.000748     0.000626
   1981    30-34   0.000630     0.001238     0.000939
   1981    35-39   0.001415     0.001638     0.001527
   1981    40-44   0.001670     0.002459     0.002063
   1981    45-49   0.001572     0.004296     0.002926
   1981    50-54   0.003034     0.006686     0.004852
   1981    55-59   0.004499     0.008704     0.006412
   1981    60-64   0.006743     0.014801     0.010247
   1981    65-69   0.012371     0.023871     0.017394
   1981    70-74   0.023597     0.043381     0.032159
   1981    75-79   0.045098     0.073275     0.056832
   1981    80-84   0.084618     0.121595     0.098994
   1981    85-89   0.161178     0.176511     0.166451
   1981    90-94   0.262222     0.229154     0.253446
   1981    95-99   0.390306     0.402235     0.392523
   1981   100-104  0.585366     0.428571     0.545455
   1981   105-109  6.000000            .     6.000000
   1981   110+            .            .            .
   1982     0      0.004148     0.007265     0.005728
   1982     1-4    0.000193     0.000694     0.000449
   1982     5-9    0.000163     0.000284     0.000224
   1982    10-14   0.000094     0.000237     0.000168
   1982    15-19   0.000387     0.000734     0.000565
   1982    20-24   0.000363     0.001244     0.000798
   1982    25-29   0.000520     0.000768     0.000642
   1982    30-34   0.000570     0.001410     0.000995
   1982    35-39   0.000702     0.001569     0.001140
   1982    40-44   0.001648     0.002416     0.002032
   1982    45-49   0.002064     0.004997     0.003524
   1982    50-54   0.002828     0.007138     0.004976
   1982    55-59   0.003969     0.007573     0.005650
   1982    60-64   0.006800     0.014191     0.009984
   1982    65-69   0.012467     0.023808     0.017414
   1982    70-74   0.019569     0.039222     0.027960
   1982    75-79   0.045102     0.065289     0.053520
   1982    80-84   0.079751     0.114014     0.093052
   1982    85-89   0.135759     0.170399     0.147821
   1982    90-94   0.227517     0.315335     0.251400
   1982    95-99   0.307509     0.384615     0.324324
   1982   100-104  0.677419     0.461538     0.640000
   1982   105-109         .            .            .
   1982   110+            .            .            .
   1983     0      0.005628     0.007441     0.006564
   1983     1-4    0.000643     0.000762     0.000704
   1983     5-9    0.000067     0.000387     0.000230
   1983    10-14   0.000156     0.000236     0.000197
   1983    15-19   0.000139     0.000991     0.000576
   1983    20-24   0.000158     0.000916     0.000536
   1983    25-29   0.000611     0.000941     0.000774
   1983    30-34   0.000624     0.001437     0.001036
   1983    35-39   0.000914     0.001613     0.001269
   1983    40-44   0.001691     0.002162     0.001927
   1983    45-49   0.002117     0.004476     0.003290
   1983    50-54   0.003257     0.006946     0.005096
   1983    55-59   0.004002     0.009317     0.006539
   1983    60-64   0.006982     0.013121     0.009611
   1983    65-69   0.012343     0.024111     0.017454
   1983    70-74   0.020536     0.039521     0.028582
   1983    75-79   0.043498     0.071816     0.055242
   1983    80-84   0.075630     0.120884     0.093315
   1983    85-89   0.140975     0.213153     0.165539
   1983    90-94   0.216678     0.294845     0.238818
   1983    95-99   0.400445     0.358209     0.390746
   1983   100-104  0.689655     0.545455     0.673469
   1983   105-109         .            .            .
   1983   110+            .            .            .
   1984     0      0.003580     0.007238     0.005475
   1984     1-4    0.000250     0.000532     0.000393
   1984     5-9    0.000138     0.000265     0.000203
   1984    10-14   0.000155     0.000148     0.000152
   1984    15-19   0.000274     0.000775     0.000531
   1984    20-24   0.000314     0.000933     0.000625
   1984    25-29   0.000661     0.000591     0.000626
   1984    30-34   0.000985     0.000964     0.000974
   1984    35-39   0.000899     0.001813     0.001364
   1984    40-44   0.001433     0.002542     0.001991
   1984    45-49   0.001764     0.004178     0.002965
   1984    50-54   0.002183     0.006280     0.004217
   1984    55-59   0.004068     0.008947     0.006436
   1984    60-64   0.006338     0.012110     0.008825
   1984    65-69   0.011415     0.020246     0.015228
   1984    70-74   0.018043     0.034735     0.025098
   1984    75-79   0.036956     0.064946     0.048467
   1984    80-84   0.080180     0.108186     0.091152
   1984    85-89   0.128513     0.172037     0.143129
   1984    90-94   0.244083     0.244670     0.244254
   1984    95-99   0.354000     0.349629     0.352925
   1984   100-104  0.923077     0.375000     0.829787
   1984   105-109         .            .            .
   1984   110+            .            .            .
   1985     0      0.006542     0.005413     0.005963
   1985     1-4    0.000506     0.000875     0.000694
   1985     5-9    0.000142     0.000307     0.000227
   1985    10-14   0.000124     0.000238     0.000183
   1985    15-19   0.000168     0.001201     0.000700
   1985    20-24   0.000696     0.001673     0.001189
   1985    25-29   0.000357     0.000949     0.000653
   1985    30-34   0.000655     0.001073     0.000867
   1985    35-39   0.001057     0.001504     0.001285
   1985    40-44   0.000916     0.002416     0.001672
   1985    45-49   0.002188     0.004390     0.003287
   1985    50-54   0.002515     0.006078     0.004278
   1985    55-59   0.004226     0.009139     0.006636
   1985    60-64   0.006118     0.011974     0.008686
   1985    65-69   0.010601     0.021200     0.015141
   1985    70-74   0.020078     0.034898     0.026327
   1985    75-79   0.036510     0.063563     0.047581
   1985    80-84   0.072200     0.104497     0.084774
   1985    85-89   0.133140     0.167857     0.144959
   1985    90-94   0.239043     0.294938     0.255409
   1985    95-99   0.353902     0.458989     0.379402
   1985   100-104  0.476190     0.428571     0.467532
   1985   105-109         .            .            .
   1985   110+            .            .            .
   1986     0      0.003528     0.005028     0.004297
   1986     1-4    0.000255     0.000827     0.000548
   1986     5-9    0.000220     0.000247     0.000234
   1986    10-14   0.000063     0.000331     0.000200
   1986    15-19   0.000228     0.000673     0.000458
   1986    20-24   0.000428     0.000800     0.000616
   1986    25-29   0.000561     0.001111     0.000837
   1986    30-34   0.000608     0.000973     0.000794
   1986    35-39   0.001023     0.001664     0.001350
   1986    40-44   0.001324     0.002069     0.001701
   1986    45-49   0.001602     0.003988     0.002794
   1986    50-54   0.002647     0.006114     0.004364
   1986    55-59   0.003753     0.007669     0.005681
   1986    60-64   0.006352     0.011672     0.008743
   1986    65-69   0.009027     0.020090     0.013721
   1986    70-74   0.017783     0.034229     0.024718
   1986    75-79   0.037004     0.054257     0.044021
   1986    80-84   0.072601     0.099486     0.083105
   1986    85-89   0.122377     0.166504     0.137430
   1986    90-94   0.208803     0.258968     0.223634
   1986    95-99   0.374341     0.342461     0.366549
   1986   100-104  0.260870     2.181818     0.466019
   1986   105-109  0.000000            .     0.000000
   1986   110+            .            .            .
   1987     0      0.004401     0.004786     0.004599
   1987     1-4    0.000259     0.000638     0.000454
   1987     5-9    0.000075     0.000291     0.000185
   1987    10-14   0.000160     0.000213     0.000187
   1987    15-19   0.000323     0.001131     0.000738
   1987    20-24   0.000420     0.000929     0.000678
   1987    25-29   0.000360     0.000945     0.000655
   1987    30-34   0.000514     0.001182     0.000853
   1987    35-39   0.000554     0.001240     0.000904
   1987    40-44   0.001168     0.002276     0.001731
   1987    45-49   0.001614     0.004064     0.002840
   1987    50-54   0.002109     0.006416     0.004244
   1987    55-59   0.004056     0.008718     0.006356
   1987    60-64   0.005490     0.011328     0.008181
   1987    65-69   0.009566     0.016993     0.012693
   1987    70-74   0.015549     0.032313     0.022608
   1987    75-79   0.030777     0.056678     0.041204
   1987    80-84   0.063892     0.097228     0.077008
   1987    85-89   0.124110     0.150700     0.133165
   1987    90-94   0.199380     0.294540     0.227047
   1987    95-99   0.294013     0.448337     0.330672
   1987   100-104  0.512821     0.600000     0.525547
   1987   105-109  1.500000            .     1.500000
   1987   110+            .            .            .
   1988     0      0.005962     0.003355     0.004624
   1988     1-4    0.000421     0.000548     0.000486
   1988     5-9    0.000231     0.000149     0.000189
   1988    10-14   0.000164     0.000125     0.000144
   1988    15-19   0.000355     0.000891     0.000630
   1988    20-24   0.000334     0.001045     0.000695
   1988    25-29   0.000279     0.001088     0.000689
   1988    30-34   0.000450     0.000702     0.000578
   1988    35-39   0.000973     0.001763     0.001376
   1988    40-44   0.001005     0.002018     0.001521
   1988    45-49   0.002055     0.003807     0.002937
   1988    50-54   0.003017     0.006439     0.004711
   1988    55-59   0.003830     0.009384     0.006571
   1988    60-64   0.006028     0.012309     0.008990
   1988    65-69   0.009666     0.020496     0.014205
   1988    70-74   0.014230     0.031381     0.021415
   1988    75-79   0.034993     0.057686     0.044069
   1988    80-84   0.067592     0.101980     0.081073
   1988    85-89   0.124412     0.167614     0.139413
   1988    90-94   0.228404     0.239312     0.231514
   1988    95-99   0.364797     0.376893     0.367748
   1988   100-104  0.519685     0.342857     0.481481
   1988   105-109  0.000000            .     0.000000
   1988   110+            .            .            .
   1989     0      0.004360     0.002832     0.003576
   1989     1-4    0.000479     0.000506     0.000493
   1989     5-9    0.000117     0.000375     0.000249
   1989    10-14   0.000204     0.000065     0.000132
   1989    15-19   0.000193     0.000486     0.000344
   1989    20-24   0.000329     0.000957     0.000648
   1989    25-29   0.000356     0.000769     0.000565
   1989    30-34   0.000533     0.001087     0.000813
   1989    35-39   0.000835     0.001173     0.001008
   1989    40-44   0.000722     0.002180     0.001467
   1989    45-49   0.002141     0.003023     0.002586
   1989    50-54   0.002522     0.005288     0.003893
   1989    55-59   0.003335     0.008533     0.005892
   1989    60-64   0.005422     0.012941     0.009026
   1989    65-69   0.008498     0.018474     0.012701
   1989    70-74   0.017767     0.031702     0.023575
   1989    75-79   0.030227     0.054570     0.039961
   1989    80-84   0.062250     0.101261     0.077303
   1989    85-89   0.119970     0.154825     0.132222
   1989    90-94   0.210479     0.241826     0.219570
   1989    95-99   0.312479     0.356800     0.323980
   1989   100-104  0.372414     0.727273     0.438202
   1989   105-109  0.600000            .     0.600000
   1989   110+            .            .            .
   1990     0      0.005200     0.004534     0.004860
   1990     1-4    0.000489     0.000518     0.000504
   1990     5-9    0.000158     0.000151     0.000155
   1990    10-14   0.000035     0.000168     0.000103
   1990    15-19   0.000256     0.000894     0.000586
   1990    20-24   0.000256     0.000925     0.000595
   1990    25-29   0.000271     0.000603     0.000439
   1990    30-34   0.000543     0.001135     0.000843
   1990    35-39   0.000776     0.001551     0.001172
   1990    40-44   0.001045     0.002149     0.001611
   1990    45-49   0.001769     0.003496     0.002641
   1990    50-54   0.002688     0.004979     0.003827
   1990    55-59   0.003048     0.009119     0.006023
   1990    60-64   0.005229     0.012038     0.008524
   1990    65-69   0.008365     0.017828     0.012423
   1990    70-74   0.015735     0.034366     0.023447
   1990    75-79   0.029926     0.053794     0.039474
   1990    80-84   0.065965     0.100745     0.079185
   1990    85-89   0.116392     0.172202     0.135861
   1990    90-94   0.214336     0.239179     0.221649
   1990    95-99   0.280914     0.439855     0.322634
   1990   100-104  0.500000     1.142857     0.576271
   1990   105-109  0.000000            .     0.000000
   1990   110+            .            .            .
   1991     0      0.003300     0.003827     0.003570
   1991     1-4    0.000554     0.000318     0.000433
   1991     5-9    0.000160     0.000114     0.000137
   1991    10-14   0.000144     0.000173     0.000159
   1991    15-19   0.000257     0.000952     0.000618
   1991    20-24   0.000426     0.000761     0.000595
   1991    25-29   0.000309     0.000561     0.000437
   1991    30-34   0.000391     0.000875     0.000638
   1991    35-39   0.000488     0.001208     0.000856
   1991    40-44   0.001213     0.001906     0.001569
   1991    45-49   0.001657     0.003791     0.002738
   1991    50-54   0.002991     0.005385     0.004184
   1991    55-59   0.003583     0.007922     0.005710
   1991    60-64   0.005148     0.011849     0.008404
   1991    65-69   0.008011     0.019896     0.013235
   1991    70-74   0.014897     0.031449     0.021680
   1991    75-79   0.028643     0.049680     0.037038
   1991    80-84   0.054756     0.093429     0.069239
   1991    85-89   0.112351     0.168710     0.131884
   1991    90-94   0.186722     0.229231     0.199170
   1991    95-99   0.326399     0.302714     0.319938
   1991   100-104  0.641509     0.857143     0.658960
   1991   105-109  0.000000            .     0.000000
   1991   110+            .            .            .
   1992     0      0.002784     0.007609     0.005273
   1992     1-4    0.000732     0.000538     0.000633
   1992     5-9    0.000000     0.000115     0.000059
   1992    10-14   0.000148     0.000106     0.000127
   1992    15-19   0.000196     0.000852     0.000536
   1992    20-24   0.000276     0.001035     0.000662
   1992    25-29   0.000497     0.000917     0.000711
   1992    30-34   0.000313     0.001090     0.000709
   1992    35-39   0.000681     0.001868     0.001287
   1992    40-44   0.000923     0.002319     0.001639
   1992    45-49   0.001858     0.003688     0.002790
   1992    50-54   0.002281     0.005026     0.003652
   1992    55-59   0.003233     0.007689     0.005420
   1992    60-64   0.004774     0.013607     0.009069
   1992    65-69   0.007940     0.019242     0.013036
   1992    70-74   0.014181     0.028943     0.020172
   1992    75-79   0.028188     0.051507     0.037473
   1992    80-84   0.056588     0.088341     0.068380
   1992    85-89   0.106548     0.156284     0.123565
   1992    90-94   0.195818     0.236451     0.207839
   1992    95-99   0.310397     0.386991     0.331689
   1992   100-104  0.353273     0.272727     0.344045
   1992   105-109  0.000000            .     0.000000
   1992   110+            .            .            .
   1993     0      0.005134     0.005499     0.005322
   1993     1-4    0.000569     0.000596     0.000583
   1993     5-9    0.000164     0.000195     0.000180
   1993    10-14   0.000000     0.000252     0.000129
   1993    15-19   0.000135     0.000601     0.000376
   1993    20-24   0.000204     0.000838     0.000530
   1993    25-29   0.000298     0.000679     0.000493
   1993    30-34   0.000699     0.000707     0.000703
   1993    35-39   0.000660     0.001208     0.000939
   1993    40-44   0.001051     0.002034     0.001556
   1993    45-49   0.001623     0.003239     0.002449
   1993    50-54   0.002811     0.005125     0.003973
   1993    55-59   0.002985     0.009431     0.006147
   1993    60-64   0.005159     0.012830     0.008886
   1993    65-69   0.008429     0.019051     0.013325
   1993    70-74   0.012519     0.028719     0.019058
   1993    75-79   0.028040     0.055452     0.038884
   1993    80-84   0.055082     0.098262     0.071068
   1993    85-89   0.110958     0.149158     0.123870
   1993    90-94   0.208517     0.249064     0.220755
   1993    95-99   0.348478     0.377726     0.356183
   1993   100-104  0.392857     0.514286     0.413793
   1993   105-109  0.461538     0.000000     0.375000
   1993   110+     0.000000            .     0.000000
   1994     0      0.004107     0.006151     0.005149
   1994     1-4    0.000115     0.000489     0.000307
   1994     5-9    0.000208     0.000119     0.000163
   1994    10-14   0.000038     0.000183     0.000113
   1994    15-19   0.000244     0.000588     0.000422
   1994    20-24   0.000203     0.000911     0.000571
   1994    25-29   0.000582     0.000699     0.000642
   1994    30-34   0.000500     0.000769     0.000638
   1994    35-39   0.000630     0.001184     0.000912
   1994    40-44   0.001172     0.001565     0.001374
   1994    45-49   0.001045     0.002692     0.001890
   1994    50-54   0.002341     0.004762     0.003560
   1994    55-59   0.003544     0.008725     0.006090
   1994    60-64   0.004801     0.013057     0.008794
   1994    65-69   0.007684     0.017309     0.012188
   1994    70-74   0.015849     0.029796     0.021523
   1994    75-79   0.026496     0.050298     0.035853
   1994    80-84   0.048244     0.092438     0.064584
   1994    85-89   0.105111     0.164149     0.124792
   1994    90-94   0.157903     0.225520     0.178265
   1994    95-99   0.284614     0.417837     0.318030
   1994   100-104  0.388235     0.339623     0.376682
   1994   105-109  0.375000     0.000000     0.272727
   1994   110+     0.000000            .     0.000000
   1995     0      0.005899     0.005691     0.005793
   1995     1-4    0.000457     0.000434     0.000445
   1995     5-9    0.000170     0.000244     0.000207
   1995    10-14   0.000194     0.000298     0.000247
   1995    15-19   0.000321     0.000537     0.000432
   1995    20-24   0.000102     0.000778     0.000455
   1995    25-29   0.000361     0.000791     0.000581
   1995    30-34   0.000376     0.001074     0.000734
   1995    35-39   0.000451     0.000870     0.000665
   1995    40-44   0.000896     0.001823     0.001373
   1995    45-49   0.001590     0.003631     0.002641
   1995    50-54   0.002214     0.004640     0.003436
   1995    55-59   0.003519     0.008227     0.005841
   1995    60-64   0.005174     0.013040     0.008964
   1995    65-69   0.008625     0.019193     0.013618
   1995    70-74   0.013654     0.029528     0.020228
   1995    75-79   0.022843     0.049663     0.033315
   1995    80-84   0.049134     0.087544     0.063280
   1995    85-89   0.106936     0.156757     0.123324
   1995    90-94   0.192440     0.237638     0.205640
   1995    95-99   0.281316     0.331446     0.293329
   1995   100-104  0.600000     0.380952     0.547529
   1995   105-109  0.461538     0.000000     0.315789
   1995   110+     3.000000            .     3.000000
   1996     0      0.004201     0.004942     0.004578
   1996     1-4    0.000228     0.000434     0.000334
   1996     5-9    0.000086     0.000082     0.000084
   1996    10-14   0.000079     0.000075     0.000077
   1996    15-19   0.000258     0.000381     0.000322
   1996    20-24   0.000343     0.000984     0.000676
   1996    25-29   0.000666     0.000796     0.000732
   1996    30-34   0.000488     0.000964     0.000733
   1996    35-39   0.000685     0.001057     0.000876
   1996    40-44   0.000823     0.001734     0.001291
   1996    45-49   0.001642     0.002978     0.002330
   1996    50-54   0.002197     0.005830     0.004032
   1996    55-59   0.003880     0.007660     0.005747
   1996    60-64   0.004750     0.013109     0.008775
   1996    65-69   0.006571     0.019060     0.012497
   1996    70-74   0.013014     0.027640     0.019225
   1996    75-79   0.023922     0.047961     0.033198
   1996    80-84   0.049274     0.084250     0.062151
   1996    85-89   0.089078     0.140137     0.105564
   1996    90-94   0.154914     0.240888     0.179397
   1996    95-99   0.304376     0.279715     0.298323
   1996   100-104  0.391304     0.344709     0.378513
   1996   105-109  0.352941     1.500000     0.571429
   1996   110+            .            .            .
   1997     0      0.003730     0.005079     0.004424
   1997     1-4    0.000402     0.000329     0.000364
   1997     5-9    0.000000     0.000084     0.000043
   1997    10-14   0.000040     0.000150     0.000097
   1997    15-19   0.000115     0.000359     0.000241
   1997    20-24   0.000244     0.000624     0.000440
   1997    25-29   0.000139     0.000878     0.000520
   1997    30-34   0.000410     0.001269     0.000852
   1997    35-39   0.000458     0.001089     0.000782
   1997    40-44   0.000989     0.001696     0.001351
   1997    45-49   0.001120     0.003423     0.002303
   1997    50-54   0.002356     0.004697     0.003542
   1997    55-59   0.002894     0.008143     0.005491
   1997    60-64   0.005184     0.011455     0.008207
   1997    65-69   0.007150     0.018276     0.012433
   1997    70-74   0.012096     0.025754     0.018056
   1997    75-79   0.020149     0.047963     0.030767
   1997    80-84   0.044475     0.084355     0.059120
   1997    85-89   0.092730     0.134196     0.105924
   1997    90-94   0.170385     0.209606     0.181390
   1997    95-99   0.281801     0.412717     0.313733
   1997   100-104  0.349515     0.315623     0.340377
   1997   105-109  1.285714            .     1.285714
   1997   110+            .            .            .
   1998     0      0.003180     0.004857     0.004061
   1998     1-4    0.000230     0.000384     0.000308
   1998     5-9    0.000089     0.000297     0.000196
   1998    10-14   0.000081     0.000038     0.000059
   1998    15-19   0.000237     0.001040     0.000651
   1998    20-24   0.000216     0.000577     0.000402
   1998    25-29   0.000380     0.000837     0.000617
   1998    30-34   0.000439     0.000764     0.000606
   1998    35-39   0.000721     0.001335     0.001037
   1998    40-44   0.000833     0.001747     0.001299
   1998    45-49   0.001171     0.003118     0.002171
   1998    50-54   0.001855     0.005218     0.003560
   1998    55-59   0.002547     0.007371     0.004942
   1998    60-64   0.005546     0.012150     0.008729
   1998    65-69   0.006509     0.018329     0.012116
   1998    70-74   0.011938     0.028241     0.019209
   1998    75-79   0.021840     0.045453     0.030819
   1998    80-84   0.045155     0.080586     0.058021
   1998    85-89   0.086712     0.140784     0.103948
   1998    90-94   0.174643     0.226118     0.189120
   1998    95-99   0.309482     0.323359     0.312920
   1998   100-104  0.426316     0.610471     0.469962
   1998   105-109  0.000000            .     0.000000
   1998   110+            .            .            .
   1999     0      0.003740     0.005251     0.004529
   1999     1-4    0.000408     0.000275     0.000339
   1999     5-9    0.000045     0.000214     0.000132
   1999    10-14   0.000082     0.000196     0.000140
   1999    15-19   0.000080     0.000489     0.000291
   1999    20-24   0.000490     0.000707     0.000602
   1999    25-29   0.000310     0.000545     0.000432
   1999    30-34   0.000289     0.001097     0.000704
   1999    35-39   0.000680     0.001152     0.000923
   1999    40-44   0.000845     0.001701     0.001282
   1999    45-49   0.001457     0.002812     0.002153
   1999    50-54   0.001892     0.005117     0.003532
   1999    55-59   0.002751     0.008114     0.005415
   1999    60-64   0.005856     0.010882     0.008283
   1999    65-69   0.007386     0.019024     0.012884
   1999    70-74   0.011007     0.029624     0.019420
   1999    75-79   0.022952     0.043675     0.030903
   1999    80-84   0.043436     0.081356     0.057109
   1999    85-89   0.087333     0.140014     0.104172
   1999    90-94   0.176232     0.239117     0.193599
   1999    95-99   0.248348     0.340490     0.271102
   1999   100-104  0.428571     0.486486     0.440678
   1999   105-109  0.642857     0.000000     0.580645
   1999   110+            .            .            .
   2000     0      0.004248     0.003787     0.004011
   2000     1-4    0.000179     0.000391     0.000288
   2000     5-9    0.000045     0.000000     0.000022
   2000    10-14   0.000169     0.000161     0.000165
   2000    15-19   0.000201     0.000414     0.000311
   2000    20-24   0.000434     0.000886     0.000667
   2000    25-29   0.000243     0.000420     0.000335
   2000    30-34   0.000468     0.000748     0.000612
   2000    35-39   0.000555     0.001129     0.000850
   2000    40-44   0.000899     0.001441     0.001176
   2000    45-49   0.001229     0.003523     0.002407
   2000    50-54   0.001961     0.004475     0.003243
   2000    55-59   0.002838     0.007218     0.005009
   2000    60-64   0.003821     0.011903     0.007733
   2000    65-69   0.007471     0.016808     0.011868
   2000    70-74   0.011138     0.025986     0.017913
   2000    75-79   0.020666     0.042135     0.029070
   2000    80-84   0.040360     0.080492     0.054725
   2000    85-89   0.080658     0.128340     0.095910
   2000    90-94   0.144112     0.215609     0.163580
   2000    95-99   0.260775     0.298001     0.269349
   2000   100-104  0.288210     0.650446     0.363419
   2000   105-109  0.642857     0.000000     0.529412
   2000   110+            .            .            .
   2001     0      0.002785     0.002838     0.002812
   2001     1-4    0.000122     0.000170     0.000147
   2001     5-9    0.000136     0.000301     0.000221
   2001    10-14   0.000043     0.000041     0.000042
   2001    15-19   0.000163     0.000455     0.000314
   2001    20-24   0.000370     0.000500     0.000437
   2001    25-29   0.000177     0.000795     0.000496
   2001    30-34   0.000596     0.000860     0.000732
   2001    35-39   0.000634     0.001133     0.000890
   2001    40-44   0.000684     0.001382     0.001041
   2001    45-49   0.001654     0.003173     0.002431
   2001    50-54   0.001990     0.005474     0.003766
   2001    55-59   0.002700     0.007552     0.005112
   2001    60-64   0.004398     0.011333     0.007758
   2001    65-69   0.006551     0.017758     0.011832
   2001    70-74   0.011357     0.026634     0.018363
   2001    75-79   0.021335     0.043612     0.030290
   2001    80-84   0.038382     0.073205     0.050690
   2001    85-89   0.076379     0.132898     0.094457
   2001    90-94   0.146180     0.210076     0.163128
   2001    95-99   0.224014     0.314520     0.243600
   2001   100-104  0.322476     0.503817     0.354362
   2001   105-109  0.375000     0.000000     0.315789
   2001   110+            .            .            .
   2002     0      0.003649     0.001442     0.002501
   2002     1-4    0.000312     0.000520     0.000420
   2002     5-9    0.000091     0.000087     0.000089
   2002    10-14   0.000044     0.000083     0.000064
   2002    15-19   0.000289     0.000539     0.000418
   2002    20-24   0.000212     0.000716     0.000472
   2002    25-29   0.000217     0.000445     0.000335
   2002    30-34   0.000452     0.000912     0.000689
   2002    35-39   0.000596     0.001336     0.000977
   2002    40-44   0.000916     0.002037     0.001491
   2002    45-49   0.001347     0.002776     0.002076
   2002    50-54   0.002217     0.005229     0.003751
   2002    55-59   0.002492     0.007955     0.005219
   2002    60-64   0.003808     0.010668     0.007143
   2002    65-69   0.006762     0.015346     0.010815
   2002    70-74   0.010291     0.025141     0.017109
   2002    75-79   0.018667     0.041983     0.028306
   2002    80-84   0.038109     0.067253     0.048304
   2002    85-89   0.073918     0.123534     0.089655
   2002    90-94   0.142798     0.185320     0.153991
   2002    95-99   0.252219     0.323032     0.267741
   2002   100-104  0.351592     0.661765     0.397394
   2002   105-109  0.000000     0.000000     0.000000
   2002   110+            .            .            .
   2003     0      0.002968     0.003954     0.003483
   2003     1-4    0.000254     0.000295     0.000275
   2003     5-9    0.000139     0.000175     0.000157
   2003    10-14   0.000089     0.000042     0.000065
   2003    15-19   0.000293     0.000433     0.000365
   2003    20-24   0.000305     0.000814     0.000568
   2003    25-29   0.000338     0.000891     0.000623
   2003    30-34   0.000588     0.001074     0.000839
   2003    35-39   0.000623     0.001284     0.000963
   2003    40-44   0.000723     0.001918     0.001337
   2003    45-49   0.001271     0.003605     0.002458
   2003    50-54   0.002647     0.004754     0.003720
   2003    55-59   0.002814     0.006925     0.004871
   2003    60-64   0.003655     0.010631     0.007067
   2003    65-69   0.006285     0.017281     0.011474
   2003    70-74   0.010935     0.026152     0.017921
   2003    75-79   0.018343     0.039818     0.027428
   2003    80-84   0.037384     0.067649     0.047926
   2003    85-89   0.070230     0.122174     0.086555
   2003    90-94   0.129696     0.203226     0.149042
   2003    95-99   0.238825     0.308424     0.254058
   2003   100-104  0.287671     0.508115     0.316160
   2003   105-109  1.021277     0.000000     0.905660
   2003   110+            .            .            .
   2004     0      0.003296     0.002297     0.002778
   2004     1-4    0.000065     0.000241     0.000156
   2004     5-9    0.000094     0.000221     0.000160
   2004    10-14   0.000000     0.000085     0.000044
   2004    15-19   0.000042     0.000322     0.000186
   2004    20-24   0.000311     0.000788     0.000558
   2004    25-29   0.000315     0.000558     0.000440
   2004    30-34   0.000452     0.000907     0.000687
   2004    35-39   0.000651     0.001403     0.001038
   2004    40-44   0.000530     0.001407     0.000980
   2004    45-49   0.001366     0.002654     0.002020
   2004    50-54   0.001589     0.005078     0.003366
   2004    55-59   0.002772     0.006106     0.004447
   2004    60-64   0.005002     0.009808     0.007358
   2004    65-69   0.007212     0.015177     0.010980
   2004    70-74   0.010632     0.024560     0.017006
   2004    75-79   0.017578     0.041992     0.028078
   2004    80-84   0.036296     0.071174     0.048547
   2004    85-89   0.066461     0.129540     0.086142
   2004    90-94   0.136077     0.187815     0.149622
   2004    95-99   0.239880     0.300953     0.253290
   2004   100-104  0.376164     0.329268     0.369303
   2004   105-109  0.558140     3.000000     0.666667
   2004   110+            .            .            .
   2005     0      0.001993     0.002969     0.002494
   2005     1-4    0.000332     0.000186     0.000256
   2005     5-9    0.000000     0.000045     0.000023
   2005    10-14   0.000045     0.000172     0.000110
   2005    15-19   0.000173     0.000369     0.000273
   2005    20-24   0.000271     0.000506     0.000392
   2005    25-29   0.000206     0.000860     0.000542
   2005    30-34   0.000385     0.000947     0.000676
   2005    35-39   0.000724     0.000958     0.000844
   2005    40-44   0.000855     0.001634     0.001255
   2005    45-49   0.001093     0.002776     0.001949
   2005    50-54   0.001897     0.005334     0.003646
   2005    55-59   0.003244     0.006488     0.004878
   2005    60-64   0.003952     0.009575     0.006710
   2005    65-69   0.006069     0.015579     0.010595
   2005    70-74   0.009992     0.026166     0.017370
   2005    75-79   0.018977     0.042327     0.029121
   2005    80-84   0.036851     0.075307     0.050552
   2005    85-89   0.072270     0.117595     0.086355
   2005    90-94   0.136496     0.204194     0.154081
   2005    95-99   0.244305     0.357267     0.268297
   2005   100-104  0.350583     0.295964     0.341098
   2005   105-109  0.818182            .     0.818182
   2005   110+            .            .            .
   2006     0      0.002636     0.003639     0.003149
   2006     1-4    0.000069     0.000577     0.000331
   2006     5-9    0.000099     0.000092     0.000095
   2006    10-14   0.000182     0.000172     0.000177
   2006    15-19   0.000310     0.000505     0.000410
   2006    20-24   0.000091     0.000854     0.000486
   2006    25-29   0.000388     0.000897     0.000650
   2006    30-34   0.000606     0.000801     0.000707
   2006    35-39   0.000636     0.001166     0.000909
   2006    40-44   0.000788     0.002068     0.001446
   2006    45-49   0.001453     0.002252     0.001860
   2006    50-54   0.001727     0.004810     0.003292
   2006    55-59   0.002508     0.007707     0.005127
   2006    60-64   0.005000     0.011136     0.008018
   2006    65-69   0.005784     0.015334     0.010343
   2006    70-74   0.010363     0.024163     0.016665
   2006    75-79   0.019016     0.040030     0.028178
   2006    80-84   0.036095     0.069328     0.048284
   2006    85-89   0.069317     0.110769     0.082168
   2006    90-94   0.130620     0.192112     0.146558
   2006    95-99   0.247856     0.292738     0.256922
   2006   100-104  0.387460     0.557522     0.415471
   2006   105-109  0.393443     2.400000     0.545455
   2006   110+            .            .            .
   2007     0      0.002050     0.001672     0.001856
   2007     1-4    0.000282     0.000199     0.000239
   2007     5-9    0.000101     0.000000     0.000049
   2007    10-14   0.000000     0.000087     0.000045
   2007    15-19   0.000228     0.000434     0.000333
   2007    20-24   0.000325     0.000261     0.000292
   2007    25-29   0.000315     0.000590     0.000457
   2007    30-34   0.000220     0.000901     0.000571
   2007    35-39   0.000558     0.001474     0.001031
   2007    40-44   0.001125     0.001380     0.001257
   2007    45-49   0.000961     0.002979     0.001993
   2007    50-54   0.002168     0.003829     0.003009
   2007    55-59   0.002737     0.006592     0.004679
   2007    60-64   0.004158     0.009662     0.006875
   2007    65-69   0.006423     0.013191     0.009668
   2007    70-74   0.010323     0.024991     0.017042
   2007    75-79   0.017269     0.039682     0.027057
   2007    80-84   0.032878     0.067361     0.045961
   2007    85-89   0.068940     0.113839     0.082668
   2007    90-94   0.131183     0.204337     0.150079
   2007    95-99   0.217137     0.314245     0.236760
   2007   100-104  0.384588     0.413793     0.389166
   2007   105-109  0.580645     0.600000     0.582524
   2007   110+            .            .            .
   2008     0      0.001185     0.001704     0.001450
   2008     1-4    0.000144     0.000409     0.000280
   2008     5-9    0.000052     0.000240     0.000149
   2008    10-14   0.000093     0.000087     0.000090
   2008    15-19   0.000325     0.000356     0.000341
   2008    20-24   0.000286     0.000626     0.000462
   2008    25-29   0.000372     0.000694     0.000539
   2008    30-34   0.000268     0.000901     0.000594
   2008    35-39   0.000592     0.001272     0.000944
   2008    40-44   0.000811     0.001811     0.001325
   2008    45-49   0.000998     0.003185     0.002119
   2008    50-54   0.001240     0.003615     0.002441
   2008    55-59   0.002531     0.006843     0.004705
   2008    60-64   0.003463     0.009778     0.006588
   2008    65-69   0.005560     0.013719     0.009498
   2008    70-74   0.011272     0.024581     0.017375
   2008    75-79   0.017749     0.039528     0.027272
   2008    80-84   0.034329     0.070326     0.048299
   2008    85-89   0.068634     0.119757     0.084066
   2008    90-94   0.134788     0.194402     0.150141
   2008    95-99   0.245086     0.284028     0.252878
   2008   100-104  0.337689     0.352905     0.340207
   2008   105-109  0.410256     0.600000     0.425197
   2008   110+            .            .            .
   2009     0      0.003043     0.002340     0.002684
   2009     1-4    0.000073     0.000000     0.000036
   2009     5-9    0.000053     0.000148     0.000102
   2009    10-14   0.000047     0.000176     0.000114
   2009    15-19   0.000047     0.000491     0.000274
   2009    20-24   0.000246     0.000648     0.000453
   2009    25-29   0.000288     0.000624     0.000462
   2009    30-34   0.000441     0.000490     0.000466
   2009    35-39   0.000420     0.001372     0.000913
   2009    40-44   0.000800     0.002238     0.001540
   2009    45-49   0.001418     0.002012     0.001722
   2009    50-54   0.001704     0.003587     0.002657
   2009    55-59   0.002774     0.006414     0.004611
   2009    60-64   0.003479     0.009421     0.006433
   2009    65-69   0.005461     0.012780     0.009002
   2009    70-74   0.009569     0.022007     0.015298
   2009    75-79   0.017331     0.039244     0.026885
   2009    80-84   0.033737     0.063513     0.045498
   2009    85-89   0.063249     0.114188     0.078745
   2009    90-94   0.130307     0.177736     0.142676
   2009    95-99   0.238741     0.309036     0.252955
   2009   100-104  0.369758     0.446746     0.382242
   2009   105-109  0.566038     4.000000     0.660550
   2009   110+            .            .            .
   2010     0      0.000952     0.001183     0.001072
   2010     1-4    0.000150     0.000215     0.000183
   2010     5-9    0.000109     0.000051     0.000079
   2010    10-14   0.000049     0.000000     0.000023
   2010    15-19   0.000232     0.000397     0.000316
   2010    20-24   0.000305     0.000531     0.000421
   2010    25-29   0.000148     0.001144     0.000666
   2010    30-34   0.000462     0.000592     0.000529
   2010    35-39   0.000495     0.001055     0.000785
   2010    40-44   0.001019     0.001371     0.001201
   2010    45-49   0.001318     0.002771     0.002062
   2010    50-54   0.001857     0.004426     0.003161
   2010    55-59   0.002608     0.006092     0.004367
   2010    60-64   0.004216     0.010611     0.007405
   2010    65-69   0.005881     0.014115     0.009864
   2010    70-74   0.008977     0.023010     0.015486
   2010    75-79   0.016813     0.039628     0.026730
   2010    80-84   0.033096     0.070734     0.048210
   2010    85-89   0.066793     0.119367     0.083045
   2010    90-94   0.140702     0.194065     0.154651
   2010    95-99   0.239390     0.330106     0.257517
   2010   100-104  0.357012     0.658475     0.399090
   2010   105-109  0.756757     0.857143     0.762712
   2010   110+     0.000000            .     0.000000
   2011     0      0.001282     0.001498     0.001394
   2011     1-4    0.000000     0.000000     0.000000
   2011     5-9    0.000112     0.000157     0.000135
   2011    10-14   0.000000     0.000139     0.000072
   2011    15-19   0.000140     0.000353     0.000250
   2011    20-24   0.000103     0.000595     0.000354
   2011    25-29   0.000254     0.000749     0.000512
   2011    30-34   0.000263     0.000956     0.000620
   2011    35-39   0.000540     0.000808     0.000678
   2011    40-44   0.000925     0.001747     0.001349
   2011    45-49   0.001177     0.002783     0.002001
   2011    50-54   0.001773     0.003656     0.002731
   2011    55-59   0.002778     0.005685     0.004244
   2011    60-64   0.004242     0.008929     0.006579
   2011    65-69   0.006398     0.013558     0.009873
   2011    70-74   0.008558     0.022720     0.015153
   2011    75-79   0.015495     0.039816     0.026079
   2011    80-84   0.034804     0.068587     0.048470
   2011    85-89   0.066091     0.120708     0.083539
   2011    90-94   0.134143     0.206101     0.152622
   2011    95-99   0.237334     0.349536     0.259301
   2011   100-104  0.395537     0.441427     0.401268
   2011   105-109  0.705882     0.750000     0.709091
   2011   110+     3.000000            .     3.000000
   2012     0      0.001928     0.002177     0.002055
   2012     1-4    0.000389     0.000148     0.000265
   2012     5-9    0.000057     0.000000     0.000028
   2012    10-14   0.000051     0.000186     0.000121
   2012    15-19   0.000238     0.000269     0.000254
   2012    20-24   0.000415     0.000350     0.000382
   2012    25-29   0.000365     0.000622     0.000499
   2012    30-34   0.000366     0.000432     0.000400
   2012    35-39   0.000518     0.000879     0.000703
   2012    40-44   0.000703     0.001619     0.001176
   2012    45-49   0.001285     0.002085     0.001696
   2012    50-54   0.001278     0.003364     0.002341
   2012    55-59   0.002679     0.005585     0.004142
   2012    60-64   0.003407     0.009164     0.006279
   2012    65-69   0.006001     0.013898     0.009850
   2012    70-74   0.008651     0.021704     0.014761
   2012    75-79   0.017744     0.036790     0.026073
   2012    80-84   0.035206     0.067472     0.048282
   2012    85-89   0.071161     0.115788     0.085957
   2012    90-94   0.137228     0.202674     0.153469
   2012    95-99   0.248740     0.329039     0.264535
   2012   100-104  0.415197     0.544074     0.431492
   2012   105-109  0.428571     2.000000     0.508475
   2012   110+            .            .            .
   2013     0      0.001296     0.003194     0.002253
   2013     1-4    0.000158     0.000075     0.000116
   2013     5-9    0.000000     0.000110     0.000057
   2013    10-14   0.000052     0.000143     0.000099
   2013    15-19   0.000048     0.000361     0.000210
   2013    20-24   0.000159     0.000506     0.000336
   2013    25-29   0.000106     0.000738     0.000434
   2013    30-34   0.000333     0.000757     0.000552
   2013    35-39   0.000732     0.000915     0.000826
   2013    40-44   0.000492     0.001152     0.000833
   2013    45-49   0.001338     0.002311     0.001836
   2013    50-54   0.002172     0.003465     0.002832
   2013    55-59   0.002384     0.005600     0.004001
   2013    60-64   0.003688     0.008855     0.006268
   2013    65-69   0.006140     0.012895     0.009440
   2013    70-74   0.008579     0.018499     0.013263
   2013    75-79   0.017435     0.034145     0.024779
   2013    80-84   0.033844     0.063780     0.046047
   2013    85-89   0.063585     0.114828     0.081010
   2013    90-94   0.135073     0.187521     0.147933
   2013    95-99   0.255045     0.352148     0.274295
   2013   100-104  0.427197     0.707895     0.464582
   2013   105-109  0.552147     4.000000     0.614458
   2013   110+            .            .            .
   2014     0      0.001679     0.001951     0.001817
   2014     1-4    0.000483     0.000231     0.000354
   2014     5-9    0.000059     0.000170     0.000116
   2014    10-14   0.000000     0.000049     0.000025
   2014    15-19   0.000097     0.000226     0.000164
   2014    20-24   0.000325     0.000668     0.000501
   2014    25-29   0.000378     0.000902     0.000650
   2014    30-34   0.000098     0.001145     0.000638
   2014    35-39   0.000485     0.001192     0.000848
   2014    40-44   0.000564     0.001286     0.000937
   2014    45-49   0.000771     0.002500     0.001654
   2014    50-54   0.002053     0.003771     0.002929
   2014    55-59   0.002682     0.005729     0.004214
   2014    60-64   0.003389     0.008181     0.005784
   2014    65-69   0.005537     0.013572     0.009480
   2014    70-74   0.009119     0.021659     0.015060
   2014    75-79   0.017062     0.034425     0.024750
   2014    80-84   0.034491     0.066489     0.047511
   2014    85-89   0.067723     0.109398     0.082167
   2014    90-94   0.127364     0.210545     0.147985
   2014    95-99   0.241199     0.326974     0.258222
   2014   100-104  0.392771     0.427514     0.397483
   2014   105-109  0.616216            .     0.616216
   2014   110+            .            .            .
   2015     0      0.001047     0.003008     0.002048
   2015     1-4    0.000082     0.000238     0.000162
   2015     5-9    0.000000     0.000173     0.000088
   2015    10-14   0.000000     0.000050     0.000026
   2015    15-19   0.000049     0.000182     0.000118
   2015    20-24   0.000164     0.000723     0.000451
   2015    25-29   0.000335     0.000936     0.000647
   2015    30-34   0.000399     0.000470     0.000436
   2015    35-39   0.000593     0.001052     0.000828
   2015    40-44   0.000854     0.001331     0.001101
   2015    45-49   0.001212     0.001691     0.001457
   2015    50-54   0.001981     0.003122     0.002562
   2015    55-59   0.001523     0.005234     0.003391
   2015    60-64   0.004565     0.007010     0.005789
   2015    65-69   0.005326     0.013348     0.009275
   2015    70-74   0.009511     0.021213     0.015046
   2015    75-79   0.015820     0.031974     0.023051
   2015    80-84   0.031645     0.062729     0.044266
   2015    85-89   0.062980     0.113130     0.080701
   2015    90-94   0.119991     0.204479     0.141097
   2015    95-99   0.256871     0.345566     0.274405
   2015   100-104  0.408501     0.400064     0.407353
   2015   105-109  0.373206     1.090909     0.409091
   2015   110+     0.000000            .     0.000000
   2016     0      0.002834     0.000685     0.001742
   2016     1-4    0.000168     0.000000     0.000083
   2016     5-9    0.000184     0.000058     0.000119
   2016    10-14   0.000223     0.000052     0.000134
   2016    15-19   0.000100     0.000321     0.000215
   2016    20-24   0.000109     0.000570     0.000346
   2016    25-29   0.000173     0.000425     0.000304
   2016    30-34   0.000358     0.000383     0.000371
   2016    35-39   0.000309     0.000675     0.000496
   2016    40-44   0.000652     0.001395     0.001035
   2016    45-49   0.001291     0.002226     0.001770
   2016    50-54   0.001845     0.003323     0.002600
   2016    55-59   0.001895     0.005526     0.003727
   2016    60-64   0.003207     0.007609     0.005409
   2016    65-69   0.005375     0.012284     0.008776
   2016    70-74   0.009160     0.020432     0.014505
   2016    75-79   0.014440     0.032920     0.022772
   2016    80-84   0.030887     0.062889     0.043928
   2016    85-89   0.062842     0.106857     0.078602
   2016    90-94   0.119633     0.186065     0.136749
   2016    95-99   0.220593     0.352123     0.245591
   2016   100-104  0.388107     0.587993     0.412726
   2016   105-109  0.861702     0.947368     0.869565
   2016   110+     1.200000            .     1.200000
   2017     0      0.001761     0.002084     0.001924
   2017     1-4    0.000086     0.000249     0.000169
   2017     5-9    0.000188     0.000000     0.000092
   2017    10-14   0.000057     0.000106     0.000082
   2017    15-19   0.000154     0.000281     0.000221
   2017    20-24   0.000275     0.000413     0.000346
   2017    25-29   0.000235     0.000758     0.000507
   2017    30-34   0.000261     0.000824     0.000553
   2017    35-39   0.000460     0.000783     0.000625
   2017    40-44   0.000593     0.000916     0.000759
   2017    45-49   0.001169     0.001810     0.001498
   2017    50-54   0.001414     0.003116     0.002284
   2017    55-59   0.002065     0.005300     0.003701
   2017    60-64   0.003413     0.007370     0.005388
   2017    65-69   0.005146     0.012511     0.008771
   2017    70-74   0.007751     0.019125     0.013173
   2017    75-79   0.014497     0.031911     0.022383
   2017    80-84   0.028850     0.059169     0.041279
   2017    85-89   0.061684     0.108766     0.078651
   2017    90-94   0.122425     0.188752     0.140222
   2017    95-99   0.242956     0.344386     0.260852
   2017   100-104  0.461699     0.523175     0.469150
   2017   105-109  0.383721     0.000000     0.347368
   2017   110+     0.000000            .     0.000000
   2018     0      0.001080     0.000353     0.000713
   2018     1-4    0.000174     0.000000     0.000086
   2018     5-9    0.000000     0.000061     0.000031
   2018    10-14   0.000058     0.000109     0.000084
   2018    15-19   0.000052     0.000144     0.000099
   2018    20-24   0.000395     0.000412     0.000404
   2018    25-29   0.000180     0.000441     0.000316
   2018    30-34   0.000538     0.000745     0.000645
   2018    35-39   0.000426     0.000580     0.000505
   2018    40-44   0.000424     0.001431     0.000940
   2018    45-49   0.001024     0.001759     0.001403
   2018    50-54   0.001913     0.003067     0.002502
   2018    55-59   0.002919     0.005008     0.003978
   2018    60-64   0.003427     0.007807     0.005609
   2018    65-69   0.005107     0.013818     0.009398
   2018    70-74   0.007487     0.018153     0.012589
   2018    75-79   0.014681     0.032109     0.022629
   2018    80-84   0.029589     0.059433     0.041882
   2018    85-89   0.060857     0.105048     0.076854
   2018    90-94   0.127243     0.186051     0.143601
   2018    95-99   0.235925     0.348650     0.255514
   2018   100-104  0.403919     0.467551     0.411891
   2018   105-109  0.628743     0.857143     0.650407
   2018   110+     0.545455            .     0.545455
   2019     0      0.002290     0.002224     0.002257
   2019     1-4    0.000177     0.000256     0.000218
   2019     5-9    0.000065     0.000000     0.000032
   2019    10-14   0.000000     0.000056     0.000029
   2019    15-19   0.000312     0.000484     0.000401
   2019    20-24   0.000174     0.000468     0.000329
   2019    25-29   0.000369     0.000336     0.000352
   2019    30-34   0.000111     0.000357     0.000239
   2019    35-39   0.000340     0.000822     0.000588
   2019    40-44   0.000887     0.000997     0.000943
   2019    45-49   0.001130     0.001818     0.001486
   2019    50-54   0.001298     0.004087     0.002723
   2019    55-59   0.002683     0.004854     0.003783
   2019    60-64   0.003366     0.008317     0.005831
   2019    65-69   0.004370     0.013095     0.008677
   2019    70-74   0.007983     0.019295     0.013415
   2019    75-79   0.015232     0.032365     0.023062
   2019    80-84   0.027338     0.056270     0.039320
   2019    85-89   0.062195     0.110008     0.079510
   2019    90-94   0.124572     0.185357     0.141945
   2019    95-99   0.237702     0.318439     0.252252
   2019   100-104  0.361405     0.418055     0.368705
   2019   105-109  0.642273     0.500000     0.627396
   2019   110+     0.750000            .     0.750000
   2020     0      0.000803     0.003490     0.002170
   2020     1-4    0.000000     0.000443     0.000225
   2020     5-9    0.000066     0.000000     0.000032
   2020    10-14   0.000060     0.000000     0.000029
   2020    15-19   0.000211     0.000293     0.000254
   2020    20-24   0.000174     0.000524     0.000359
   2020    25-29   0.000252     0.000393     0.000327
   2020    30-34   0.000574     0.000736     0.000658
   2020    35-39   0.000397     0.000560     0.000481
   2020    40-44   0.000672     0.001482     0.001087
   2020    45-49   0.000852     0.002196     0.001546
   2020    50-54   0.001445     0.002859     0.002170
   2020    55-59   0.001950     0.004701     0.003344
   2020    60-64   0.003052     0.006428     0.004734
   2020    65-69   0.005407     0.011543     0.008443
   2020    70-74   0.007555     0.017769     0.012473
   2020    75-79   0.013585     0.031596     0.021799
   2020    80-84   0.026987     0.057821     0.039865
   2020    85-89   0.058854     0.102330     0.074630
   2020    90-94   0.120603     0.178510     0.137557
   2020    95-99   0.211799     0.296723     0.227823
   2020   100-104  0.357894     0.428512     0.366850
   2020   105-109  0.946276     1.555556     1.019860
   2020   110+     0.000000            .     0.000000
   2021     0      0.001234     0.000803     0.001016
   2021     1-4    0.000095     0.000092     0.000093
   2021     5-9    0.000000     0.000000     0.000000
   2021    10-14   0.000000     0.000175     0.000090
   2021    15-19   0.000055     0.000100     0.000078
   2021    20-24   0.000392     0.000768     0.000588
   2021    25-29   0.000192     0.000794     0.000511
   2021    30-34   0.000472     0.000432     0.000451
   2021    35-39   0.000408     0.000953     0.000690
   2021    40-44   0.000920     0.000875     0.000897
   2021    45-49   0.000721     0.001120     0.000926
   2021    50-54   0.001989     0.002812     0.002412
   2021    55-59   0.002586     0.004907     0.003765
   2021    60-64   0.003103     0.007871     0.005484
   2021    65-69   0.005263     0.011101     0.008149
   2021    70-74   0.007357     0.020458     0.013660
   2021    75-79   0.013925     0.031076     0.021764
   2021    80-84   0.027917     0.054085     0.038935
   2021    85-89   0.057110     0.099815     0.072696
   2021    90-94   0.122228     0.186577     0.141372
   2021    95-99   0.226887     0.310063     0.243334
   2021   100-104  0.383635     0.368830     0.381761
   2021   105-109  0.623936     0.000000     0.557527
   2021   110+     0.000000            .     0.000000
   2022     0      0.001656     0.002844     0.002255
   2022     1-4    0.000098     0.000191     0.000145
   2022     5-9    0.000000     0.000066     0.000034
   2022    10-14   0.000063     0.000120     0.000092
   2022    15-19   0.000057     0.000208     0.000135
   2022    20-24   0.000321     0.000347     0.000334
   2022    25-29   0.000256     0.000623     0.000451
   2022    30-34   0.000485     0.000385     0.000432
   2022    35-39   0.000471     0.000924     0.000706
   2022    40-44   0.001003     0.001079     0.001042
   2022    45-49   0.001481     0.001616     0.001551
   2022    50-54   0.001963     0.002694     0.002339
   2022    55-59   0.002540     0.004464     0.003519
   2022    60-64   0.003726     0.006997     0.005365
   2022    65-69   0.004987     0.012646     0.008761
   2022    70-74   0.008057     0.019659     0.013634
   2022    75-79   0.015414     0.032584     0.023306
   2022    80-84   0.030572     0.053391     0.040272
   2022    85-89   0.059741     0.113804     0.079608
   2022    90-94   0.132219     0.205384     0.154099
   2022    95-99   0.266077     0.376680     0.288725
   2022   100-104  0.438958     0.617258     0.460209
   2022   105-109  0.756382     1.333757     0.828076
   2022   110+     4.000000            .     4.000000
