06.Yamagata.ken, Death Rates (period 5x1)     Last modified:2023-12-05, ver.004_004 JMD(IPSS)

   Year      Age       Female       Male         Total
   1947     0      0.105381     0.121901     0.113877
   1947     1-4    0.018316     0.018603     0.018462
   1947     5-9    0.003076     0.003740     0.003411
   1947    10-14   0.001916     0.002273     0.002097
   1947    15-19   0.003894     0.004033     0.003962
   1947    20-24   0.007452     0.008249     0.007820
   1947    25-29   0.008160     0.008000     0.008089
   1947    30-34   0.008699     0.008851     0.008771
   1947    35-39   0.008751     0.008298     0.008536
   1947    40-44   0.009506     0.011007     0.010244
   1947    45-49   0.011385     0.014352     0.012869
   1947    50-54   0.015076     0.020459     0.017779
   1947    55-59   0.022369     0.032040     0.027055
   1947    60-64   0.035794     0.050305     0.042416
   1947    65-69   0.049038     0.080163     0.062291
   1947    70-74   0.087951     0.121547     0.101154
   1947    75-79   0.141588     0.172759     0.152531
   1947    80-84   0.195368     0.249115     0.211726
   1947    85-89   0.294791     0.335761     0.305105
   1947    90-94   0.512383     0.604064     0.532591
   1947    95-99   0.999445     0.517241     0.810537
   1947   100-104  0.000000            .     0.000000
   1947   105-109         .            .            .
   1947   110+     0.000000            .     0.000000
   1948     0      0.083610     0.089035     0.086403
   1948     1-4    0.013217     0.012843     0.013026
   1948     5-9    0.002351     0.002865     0.002610
   1948    10-14   0.001891     0.001556     0.001722
   1948    15-19   0.003203     0.003213     0.003208
   1948    20-24   0.006833     0.006445     0.006651
   1948    25-29   0.008164     0.007251     0.007760
   1948    30-34   0.007736     0.008358     0.008026
   1948    35-39   0.008048     0.007336     0.007711
   1948    40-44   0.008929     0.008767     0.008850
   1948    45-49   0.010205     0.013646     0.011918
   1948    50-54   0.013948     0.019766     0.016866
   1948    55-59   0.019080     0.028842     0.023830
   1948    60-64   0.030677     0.047671     0.038504
   1948    65-69   0.051477     0.070107     0.059377
   1948    70-74   0.079645     0.101265     0.088141
   1948    75-79   0.113203     0.143194     0.123931
   1948    80-84   0.175998     0.224566     0.190649
   1948    85-89   0.241326     0.272212     0.249191
   1948    90-94   0.400033     0.105079     0.328996
   1948    95-99   0.242620     0.706714     0.431551
   1948   100-104  0.000000            .     0.000000
   1948   105-109         .            .            .
   1948   110+     0.000000            .     0.000000
   1949     0      0.084672     0.095528     0.090244
   1949     1-4    0.014474     0.014222     0.014345
   1949     5-9    0.002279     0.002269     0.002274
   1949    10-14   0.001406     0.001155     0.001279
   1949    15-19   0.002898     0.002473     0.002686
   1949    20-24   0.005292     0.005887     0.005575
   1949    25-29   0.006865     0.006772     0.006824
   1949    30-34   0.006202     0.006471     0.006327
   1949    35-39   0.006378     0.006752     0.006555
   1949    40-44   0.006851     0.008558     0.007680
   1949    45-49   0.009337     0.009605     0.009470
   1949    50-54   0.012925     0.018502     0.015717
   1949    55-59   0.018731     0.027265     0.022906
   1949    60-64   0.029924     0.044758     0.036807
   1949    65-69   0.043719     0.066785     0.053513
   1949    70-74   0.070628     0.096099     0.080643
   1949    75-79   0.108313     0.138762     0.119347
   1949    80-84   0.183864     0.227182     0.196737
   1949    85-89   0.262549     0.292083     0.270434
   1949    90-94   0.300079     0.313082     0.303472
   1949    95-99   0.697472     0.379027     0.597134
   1949   100-104  0.000000            .     0.000000
   1949   105-109  0.000000            .     0.000000
   1949   110+     0.000000            .     0.000000
   1950     0      0.064090     0.077852     0.071132
   1950     1-4    0.009359     0.010198     0.009789
   1950     5-9    0.001778     0.002119     0.001951
   1950    10-14   0.001510     0.001238     0.001373
   1950    15-19   0.002264     0.002159     0.002212
   1950    20-24   0.004168     0.004330     0.004246
   1950    25-29   0.005124     0.004735     0.004951
   1950    30-34   0.005453     0.005479     0.005465
   1950    35-39   0.005972     0.006196     0.006078
   1950    40-44   0.006997     0.007539     0.007259
   1950    45-49   0.008595     0.009717     0.009148
   1950    50-54   0.010911     0.016046     0.013476
   1950    55-59   0.017043     0.026974     0.021914
   1950    60-64   0.027587     0.040436     0.033584
   1950    65-69   0.042426     0.063619     0.051466
   1950    70-74   0.073027     0.093395     0.081065
   1950    75-79   0.096433     0.143148     0.113238
   1950    80-84   0.169945     0.208559     0.181413
   1950    85-89   0.201998     0.315704     0.231907
   1950    90-94   0.472499     0.420374     0.458950
   1950    95-99   0.270697     0.685323     0.388098
   1950   100-104  0.000000            .     0.000000
   1950   105-109  0.000000            .     0.000000
   1950   110+     0.000000            .     0.000000
   1951     0      0.067583     0.073181     0.070460
   1951     1-4    0.009316     0.009495     0.009407
   1951     5-9    0.001745     0.002109     0.001930
   1951    10-14   0.001330     0.000887     0.001107
   1951    15-19   0.001762     0.001756     0.001759
   1951    20-24   0.002613     0.003134     0.002865
   1951    25-29   0.003940     0.003995     0.003965
   1951    30-34   0.004768     0.004131     0.004478
   1951    35-39   0.004933     0.005375     0.005141
   1951    40-44   0.005745     0.006978     0.006334
   1951    45-49   0.006812     0.010190     0.008474
   1951    50-54   0.011164     0.015028     0.013088
   1951    55-59   0.018132     0.024570     0.021298
   1951    60-64   0.025960     0.043291     0.034085
   1951    65-69   0.046958     0.063340     0.054008
   1951    70-74   0.075197     0.102556     0.086063
   1951    75-79   0.113360     0.149434     0.126214
   1951    80-84   0.197713     0.211336     0.201832
   1951    85-89   0.258806     0.309508     0.271831
   1951    90-94   0.426590     0.398730     0.419459
   1951    95-99   0.000000     0.480190     0.078214
   1951   100-104  0.000000            .     0.000000
   1951   105-109  0.000000            .     0.000000
   1951   110+     0.000000            .     0.000000
   1952     0      0.056030     0.068731     0.062555
   1952     1-4    0.006905     0.007350     0.007133
   1952     5-9    0.001391     0.001837     0.001618
   1952    10-14   0.000922     0.001006     0.000964
   1952    15-19   0.001159     0.001284     0.001220
   1952    20-24   0.002271     0.002794     0.002523
   1952    25-29   0.002720     0.002696     0.002709
   1952    30-34   0.003634     0.004348     0.003954
   1952    35-39   0.004809     0.003864     0.004366
   1952    40-44   0.005206     0.005607     0.005396
   1952    45-49   0.006748     0.009644     0.008167
   1952    50-54   0.010266     0.013672     0.011957
   1952    55-59   0.014480     0.025570     0.019954
   1952    60-64   0.025158     0.038132     0.031258
   1952    65-69   0.042943     0.061997     0.051235
   1952    70-74   0.065441     0.091119     0.075651
   1952    75-79   0.106171     0.135274     0.116558
   1952    80-84   0.154891     0.192334     0.166500
   1952    85-89   0.227776     0.238107     0.230456
   1952    90-94   0.293809     0.495607     0.341625
   1952    95-99   0.724091     0.000000     0.584013
   1952   100-104  1.463014            .     1.463014
   1952   105-109  0.642857            .     0.642857
   1952   110+     3.000000            .     3.000000
   1953     0      0.051222     0.058733     0.055066
   1953     1-4    0.005916     0.006559     0.006245
   1953     5-9    0.001155     0.001501     0.001332
   1953    10-14   0.000588     0.000870     0.000730
   1953    15-19   0.001266     0.001501     0.001380
   1953    20-24   0.002268     0.002283     0.002275
   1953    25-29   0.002063     0.002656     0.002342
   1953    30-34   0.003227     0.002846     0.003059
   1953    35-39   0.003197     0.004098     0.003617
   1953    40-44   0.004524     0.005935     0.005190
   1953    45-49   0.006137     0.008272     0.007177
   1953    50-54   0.010558     0.013381     0.011955
   1953    55-59   0.015954     0.024815     0.020328
   1953    60-64   0.025444     0.038734     0.031719
   1953    65-69   0.041397     0.057789     0.048629
   1953    70-74   0.067651     0.096350     0.078990
   1953    75-79   0.110987     0.141715     0.122005
   1953    80-84   0.155999     0.211009     0.173309
   1953    85-89   0.258228     0.381359     0.289371
   1953    90-94   0.386182     0.391078     0.387246
   1953    95-99   0.097663     0.289260     0.146024
   1953   100-104  0.000000            .     0.000000
   1953   105-109  0.000000            .     0.000000
   1953   110+            .            .            .
   1954     0      0.051513     0.059564     0.055631
   1954     1-4    0.006148     0.006081     0.006114
   1954     5-9    0.001758     0.001678     0.001717
   1954    10-14   0.000698     0.000790     0.000744
   1954    15-19   0.001055     0.001343     0.001194
   1954    20-24   0.002111     0.002760     0.002417
   1954    25-29   0.002220     0.002746     0.002469
   1954    30-34   0.002681     0.002952     0.002801
   1954    35-39   0.003435     0.003923     0.003661
   1954    40-44   0.004497     0.004724     0.004604
   1954    45-49   0.005166     0.007917     0.006497
   1954    50-54   0.009582     0.013634     0.011578
   1954    55-59   0.013972     0.020161     0.017028
   1954    60-64   0.022004     0.034868     0.028109
   1954    65-69   0.041080     0.056073     0.047773
   1954    70-74   0.060394     0.088906     0.071651
   1954    75-79   0.100071     0.125213     0.109136
   1954    80-84   0.169984     0.227802     0.188247
   1954    85-89   0.247771     0.279803     0.255679
   1954    90-94   0.393863     0.291900     0.370839
   1954    95-99   0.324193     0.933948     0.451475
   1954   100-104  0.000000            .     0.000000
   1954   105-109  0.000000            .     0.000000
   1954   110+     0.000000            .     0.000000
   1955     0      0.043502     0.051582     0.047639
   1955     1-4    0.004206     0.004216     0.004211
   1955     5-9    0.001349     0.001672     0.001515
   1955    10-14   0.000647     0.000752     0.000700
   1955    15-19   0.000793     0.001285     0.001031
   1955    20-24   0.001520     0.002572     0.002006
   1955    25-29   0.001899     0.002737     0.002295
   1955    30-34   0.002297     0.002530     0.002400
   1955    35-39   0.002665     0.003294     0.002953
   1955    40-44   0.003886     0.005327     0.004564
   1955    45-49   0.005535     0.008536     0.006976
   1955    50-54   0.008706     0.013244     0.010928
   1955    55-59   0.013193     0.021388     0.017242
   1955    60-64   0.020327     0.034405     0.027035
   1955    65-69   0.036703     0.058660     0.046549
   1955    70-74   0.059769     0.095271     0.073879
   1955    75-79   0.099178     0.132994     0.111385
   1955    80-84   0.159036     0.206674     0.174066
   1955    85-89   0.237042     0.310372     0.255075
   1955    90-94   0.369954     0.470496     0.392837
   1955    95-99   0.519297     0.857749     0.576523
   1955   100-104  0.000000            .     0.000000
   1955   105-109  0.000000            .     0.000000
   1955   110+     0.000000            .     0.000000
   1956     0      0.045885     0.052139     0.049085
   1956     1-4    0.004553     0.004366     0.004457
   1956     5-9    0.001160     0.001532     0.001350
   1956    10-14   0.000633     0.000689     0.000661
   1956    15-19   0.000845     0.001485     0.001155
   1956    20-24   0.001666     0.001957     0.001799
   1956    25-29   0.002040     0.002741     0.002371
   1956    30-34   0.001937     0.002758     0.002308
   1956    35-39   0.003106     0.003876     0.003455
   1956    40-44   0.004262     0.004456     0.004353
   1956    45-49   0.005080     0.008052     0.006493
   1956    50-54   0.007991     0.013215     0.010540
   1956    55-59   0.012267     0.022972     0.017538
   1956    60-64   0.022042     0.034119     0.027822
   1956    65-69   0.039162     0.056301     0.046867
   1956    70-74   0.057400     0.095098     0.072522
   1956    75-79   0.103860     0.145766     0.118928
   1956    80-84   0.168020     0.192605     0.175866
   1956    85-89   0.252753     0.294632     0.263014
   1956    90-94   0.318749     0.435915     0.344481
   1956    95-99   0.696056     0.000000     0.554017
   1956   100-104  0.664384            .     0.664384
   1956   105-109  0.069767            .     0.069767
   1956   110+     0.150000            .     0.150000
   1957     0      0.042302     0.049327     0.045890
   1957     1-4    0.003378     0.003892     0.003640
   1957     5-9    0.000855     0.001086     0.000974
   1957    10-14   0.000605     0.000662     0.000634
   1957    15-19   0.000874     0.001351     0.001104
   1957    20-24   0.001690     0.002224     0.001936
   1957    25-29   0.001717     0.002326     0.002004
   1957    30-34   0.002218     0.002606     0.002397
   1957    35-39   0.002721     0.002911     0.002806
   1957    40-44   0.003646     0.005592     0.004554
   1957    45-49   0.005508     0.008426     0.006882
   1957    50-54   0.008240     0.012971     0.010538
   1957    55-59   0.014081     0.020973     0.017461
   1957    60-64   0.020915     0.037352     0.028815
   1957    65-69   0.034837     0.056865     0.044766
   1957    70-74   0.069158     0.095911     0.080011
   1957    75-79   0.100258     0.141672     0.115035
   1957    80-84   0.147630     0.211179     0.167893
   1957    85-89   0.263236     0.329734     0.279837
   1957    90-94   0.481477     0.580024     0.501981
   1957    95-99   0.737075     0.000000     0.511533
   1957   100-104  2.709677            .     2.709677
   1957   105-109  2.100000            .     2.100000
   1957   110+     2.000000            .     2.000000
   1958     0      0.039764     0.047012     0.043489
   1958     1-4    0.003440     0.003393     0.003416
   1958     5-9    0.000740     0.000932     0.000838
   1958    10-14   0.000463     0.000598     0.000532
   1958    15-19   0.000790     0.001061     0.000919
   1958    20-24   0.001528     0.002262     0.001866
   1958    25-29   0.001681     0.002146     0.001901
   1958    30-34   0.001617     0.001850     0.001727
   1958    35-39   0.002091     0.003108     0.002540
   1958    40-44   0.002783     0.004091     0.003390
   1958    45-49   0.005917     0.007931     0.006862
   1958    50-54   0.008400     0.012577     0.010416
   1958    55-59   0.011661     0.018970     0.015231
   1958    60-64   0.019849     0.032400     0.025887
   1958    65-69   0.030354     0.054534     0.041276
   1958    70-74   0.058469     0.083246     0.068686
   1958    75-79   0.092228     0.135043     0.107363
   1958    80-84   0.149985     0.197839     0.165084
   1958    85-89   0.253320     0.273988     0.258731
   1958    90-94   0.319442     0.455723     0.345736
   1958    95-99   0.349922     0.287081     0.331767
   1958   100-104         .            .            .
   1958   105-109         .            .            .
   1958   110+            .            .            .
   1959     0      0.037120     0.044463     0.040892
   1959     1-4    0.003408     0.003174     0.003288
   1959     5-9    0.000666     0.001212     0.000945
   1959    10-14   0.000417     0.000594     0.000507
   1959    15-19   0.000605     0.001583     0.001069
   1959    20-24   0.001151     0.001894     0.001490
   1959    25-29   0.001409     0.002237     0.001801
   1959    30-34   0.001582     0.002708     0.002115
   1959    35-39   0.002444     0.003082     0.002725
   1959    40-44   0.002969     0.004562     0.003702
   1959    45-49   0.005019     0.007128     0.006008
   1959    50-54   0.008306     0.011370     0.009776
   1959    55-59   0.011202     0.021234     0.016073
   1959    60-64   0.019505     0.032416     0.025717
   1959    65-69   0.032650     0.053046     0.041911
   1959    70-74   0.053088     0.086800     0.067113
   1959    75-79   0.097158     0.133698     0.110080
   1959    80-84   0.148984     0.213198     0.169072
   1959    85-89   0.230335     0.249557     0.235508
   1959    90-94   0.250542     0.346392     0.269158
   1959    95-99   0.542250     0.334821     0.498162
   1959   100-104  0.000000     0.000000     0.000000
   1959   105-109         .            .            .
   1959   110+            .            .            .
   1960     0      0.029596     0.041753     0.035806
   1960     1-4    0.001934     0.002811     0.002383
   1960     5-9    0.000584     0.001132     0.000864
   1960    10-14   0.000369     0.000618     0.000496
   1960    15-19   0.000642     0.001124     0.000871
   1960    20-24   0.001195     0.001811     0.001470
   1960    25-29   0.001441     0.001761     0.001592
   1960    30-34   0.001382     0.002371     0.001853
   1960    35-39   0.001980     0.002631     0.002270
   1960    40-44   0.002697     0.004614     0.003570
   1960    45-49   0.004938     0.007683     0.006224
   1960    50-54   0.007516     0.011273     0.009305
   1960    55-59   0.012272     0.019772     0.015888
   1960    60-64   0.018838     0.031587     0.024967
   1960    65-69   0.032605     0.056598     0.043573
   1960    70-74   0.053093     0.088353     0.067739
   1960    75-79   0.090696     0.138992     0.107908
   1960    80-84   0.159295     0.194301     0.170172
   1960    85-89   0.232366     0.299100     0.250116
   1960    90-94   0.361960     0.338433     0.357116
   1960    95-99   0.552123     0.564440     0.553633
   1960   100-104  0.000000     4.000000     1.333333
   1960   105-109         .            .            .
   1960   110+            .            .            .
   1961     0      0.030995     0.040665     0.035937
   1961     1-4    0.001902     0.002825     0.002374
   1961     5-9    0.000533     0.000824     0.000681
   1961    10-14   0.000442     0.000526     0.000485
   1961    15-19   0.000593     0.001205     0.000887
   1961    20-24   0.001219     0.002213     0.001660
   1961    25-29   0.001471     0.001766     0.001610
   1961    30-34   0.001590     0.002002     0.001788
   1961    35-39   0.001862     0.002577     0.002185
   1961    40-44   0.002671     0.003559     0.003071
   1961    45-49   0.004217     0.006121     0.005106
   1961    50-54   0.007076     0.012300     0.009540
   1961    55-59   0.011799     0.021569     0.016496
   1961    60-64   0.017678     0.034288     0.025646
   1961    65-69   0.033884     0.054942     0.043544
   1961    70-74   0.055191     0.089704     0.069537
   1961    75-79   0.099986     0.132516     0.111724
   1961    80-84   0.157301     0.196283     0.169346
   1961    85-89   0.214185     0.316196     0.240998
   1961    90-94   0.336214     0.444209     0.358531
   1961    95-99   0.426093     0.931677     0.457099
   1961   100-104  0.000000            .     0.000000
   1961   105-109         .            .            .
   1961   110+            .            .            .
   1962     0      0.027695     0.036317     0.032112
   1962     1-4    0.001964     0.002307     0.002139
   1962     5-9    0.000487     0.000665     0.000578
   1962    10-14   0.000448     0.000464     0.000456
   1962    15-19   0.000605     0.001176     0.000884
   1962    20-24   0.001182     0.001759     0.001441
   1962    25-29   0.001098     0.001727     0.001392
   1962    30-34   0.001122     0.002103     0.001594
   1962    35-39   0.001810     0.002577     0.002164
   1962    40-44   0.002270     0.003912     0.003001
   1962    45-49   0.004483     0.007905     0.006074
   1962    50-54   0.007601     0.011742     0.009537
   1962    55-59   0.010727     0.019598     0.014985
   1962    60-64   0.018021     0.032043     0.024722
   1962    65-69   0.031370     0.056941     0.043125
   1962    70-74   0.054471     0.088238     0.068556
   1962    75-79   0.101475     0.146557     0.117944
   1962    80-84   0.159871     0.205027     0.173639
   1962    85-89   0.234540     0.323523     0.257900
   1962    90-94   0.437413     0.430497     0.436027
   1962    95-99   0.706042     0.582524     0.695515
   1962   100-104  0.000000            .     0.000000
   1962   105-109         .            .            .
   1962   110+            .            .            .
   1963     0      0.023489     0.024695     0.024110
   1963     1-4    0.001536     0.002432     0.001994
   1963     5-9    0.000350     0.000656     0.000506
   1963    10-14   0.000245     0.000470     0.000360
   1963    15-19   0.000634     0.000941     0.000785
   1963    20-24   0.000929     0.001992     0.001410
   1963    25-29   0.001014     0.001924     0.001439
   1963    30-34   0.000949     0.002224     0.001563
   1963    35-39   0.001561     0.002321     0.001918
   1963    40-44   0.002411     0.003618     0.002942
   1963    45-49   0.003589     0.005934     0.004673
   1963    50-54   0.006631     0.010820     0.008584
   1963    55-59   0.010376     0.018148     0.014094
   1963    60-64   0.016787     0.030431     0.023273
   1963    65-69   0.029365     0.049591     0.038681
   1963    70-74   0.048979     0.075370     0.060055
   1963    75-79   0.086152     0.121279     0.099172
   1963    80-84   0.148246     0.199909     0.163841
   1963    85-89   0.198365     0.296370     0.223935
   1963    90-94   0.308012     0.380807     0.321967
   1963    95-99   0.298458     1.024972     0.391059
   1963   100-104  1.263158            .     1.263158
   1963   105-109         .            .            .
   1963   110+            .            .            .
   1964     0      0.023121     0.028238     0.025767
   1964     1-4    0.001753     0.001633     0.001692
   1964     5-9    0.000487     0.000683     0.000587
   1964    10-14   0.000256     0.000454     0.000357
   1964    15-19   0.000409     0.000881     0.000644
   1964    20-24   0.000898     0.001697     0.001260
   1964    25-29   0.000965     0.001889     0.001398
   1964    30-34   0.001119     0.002207     0.001643
   1964    35-39   0.001373     0.002481     0.001900
   1964    40-44   0.002386     0.003606     0.002923
   1964    45-49   0.003754     0.005772     0.004681
   1964    50-54   0.006364     0.009546     0.007849
   1964    55-59   0.009828     0.016476     0.012992
   1964    60-64   0.016510     0.031701     0.023694
   1964    65-69   0.029791     0.047719     0.038067
   1964    70-74   0.049708     0.076166     0.060918
   1964    75-79   0.086753     0.115701     0.097638
   1964    80-84   0.145011     0.181297     0.156069
   1964    85-89   0.244599     0.255844     0.247526
   1964    90-94   0.298127     0.423627     0.320471
   1964    95-99   0.234101     0.213447     0.230909
   1964   100-104  0.000000            .     0.000000
   1964   105-109         .            .            .
   1964   110+            .            .            .
   1965     0      0.015064     0.021648     0.018454
   1965     1-4    0.001536     0.001745     0.001643
   1965     5-9    0.000419     0.000594     0.000508
   1965    10-14   0.000313     0.000466     0.000391
   1965    15-19   0.000258     0.000686     0.000473
   1965    20-24   0.000956     0.001600     0.001247
   1965    25-29   0.000780     0.001750     0.001236
   1965    30-34   0.001186     0.001671     0.001419
   1965    35-39   0.001372     0.002341     0.001836
   1965    40-44   0.001955     0.003219     0.002517
   1965    45-49   0.003975     0.005496     0.004668
   1965    50-54   0.006012     0.010402     0.008063
   1965    55-59   0.009416     0.018421     0.013670
   1965    60-64   0.016661     0.030013     0.022947
   1965    65-69   0.027600     0.050359     0.038095
   1965    70-74   0.053848     0.084985     0.067147
   1965    75-79   0.095735     0.132209     0.109548
   1965    80-84   0.160370     0.210721     0.175964
   1965    85-89   0.228385     0.321021     0.252198
   1965    90-94   0.330476     0.352964     0.334391
   1965    95-99   0.503990     0.330124     0.472860
   1965   100-104  0.802139            .     0.802139
   1965   105-109         .            .            .
   1965   110+            .            .            .
   1966     0      0.016504     0.020765     0.018688
   1966     1-4    0.001338     0.001609     0.001477
   1966     5-9    0.000323     0.000655     0.000493
   1966    10-14   0.000335     0.000530     0.000434
   1966    15-19   0.000455     0.000580     0.000518
   1966    20-24   0.000650     0.002296     0.001399
   1966    25-29   0.000832     0.001854     0.001313
   1966    30-34   0.001075     0.001836     0.001441
   1966    35-39   0.001301     0.002761     0.002004
   1966    40-44   0.002182     0.003711     0.002873
   1966    45-49   0.003289     0.005840     0.004439
   1966    50-54   0.005875     0.009000     0.007331
   1966    55-59   0.009286     0.017398     0.013077
   1966    60-64   0.013839     0.027126     0.020089
   1966    65-69   0.026367     0.046493     0.035614
   1966    70-74   0.050014     0.074912     0.060696
   1966    75-79   0.086684     0.120514     0.099555
   1966    80-84   0.139045     0.166241     0.147665
   1966    85-89   0.230242     0.285124     0.244169
   1966    90-94   0.300944     0.344219     0.308784
   1966    95-99   0.542986     1.271186     0.655666
   1966   100-104  0.000000            .     0.000000
   1966   105-109         .            .            .
   1966   110+            .            .            .
   1967     0      0.017408     0.021794     0.019662
   1967     1-4    0.001270     0.001585     0.001432
   1967     5-9    0.000294     0.000676     0.000489
   1967    10-14   0.000276     0.000408     0.000343
   1967    15-19   0.000345     0.000727     0.000537
   1967    20-24   0.000742     0.001263     0.000985
   1967    25-29   0.001068     0.002078     0.001543
   1967    30-34   0.001017     0.001737     0.001363
   1967    35-39   0.001200     0.002953     0.002046
   1967    40-44   0.002221     0.003620     0.002866
   1967    45-49   0.003321     0.005455     0.004270
   1967    50-54   0.004667     0.008928     0.006643
   1967    55-59   0.008159     0.015981     0.011778
   1967    60-64   0.013852     0.026233     0.019670
   1967    65-69   0.026990     0.044423     0.034966
   1967    70-74   0.048208     0.074089     0.059373
   1967    75-79   0.081800     0.115674     0.094753
   1967    80-84   0.135648     0.179604     0.149947
   1967    85-89   0.221712     0.232579     0.224493
   1967    90-94   0.319370     0.356710     0.326758
   1967    95-99   0.503974     1.101220     0.561196
   1967   100-104  0.000000            .     0.000000
   1967   105-109         .            .            .
   1967   110+            .            .            .
   1968     0      0.016637     0.019502     0.018122
   1968     1-4    0.001134     0.001358     0.001249
   1968     5-9    0.000323     0.000581     0.000455
   1968    10-14   0.000309     0.000329     0.000319
   1968    15-19   0.000455     0.001021     0.000738
   1968    20-24   0.000944     0.001206     0.001070
   1968    25-29   0.001044     0.001733     0.001370
   1968    30-34   0.001067     0.001609     0.001327
   1968    35-39   0.001060     0.002227     0.001624
   1968    40-44   0.002159     0.003835     0.002946
   1968    45-49   0.003197     0.005167     0.004062
   1968    50-54   0.004839     0.009632     0.007047
   1968    55-59   0.008172     0.015661     0.011627
   1968    60-64   0.012832     0.025773     0.018885
   1968    65-69   0.022723     0.041457     0.031246
   1968    70-74   0.045280     0.070457     0.056192
   1968    75-79   0.078654     0.112479     0.091642
   1968    80-84   0.136632     0.182622     0.151895
   1968    85-89   0.210119     0.292395     0.231308
   1968    90-94   0.277711     0.386161     0.300702
   1968    95-99   0.342047     1.725791     0.419632
   1968   100-104  0.707547            .     0.707547
   1968   105-109         .            .            .
   1968   110+            .            .            .
   1969     0      0.013334     0.017774     0.015640
   1969     1-4    0.001025     0.001229     0.001129
   1969     5-9    0.000589     0.000502     0.000544
   1969    10-14   0.000374     0.000374     0.000374
   1969    15-19   0.000332     0.001085     0.000707
   1969    20-24   0.000872     0.001520     0.001183
   1969    25-29   0.000675     0.001769     0.001199
   1969    30-34   0.000894     0.001985     0.001418
   1969    35-39   0.001586     0.002778     0.002162
   1969    40-44   0.001989     0.002615     0.002287
   1969    45-49   0.002785     0.005346     0.003906
   1969    50-54   0.005006     0.008935     0.006801
   1969    55-59   0.007978     0.013614     0.010583
   1969    60-64   0.013742     0.026925     0.019856
   1969    65-69   0.022585     0.041780     0.031277
   1969    70-74   0.042437     0.069368     0.054138
   1969    75-79   0.077134     0.120422     0.093806
   1969    80-84   0.135565     0.160229     0.143844
   1969    85-89   0.210033     0.250605     0.220636
   1969    90-94   0.341394     0.346517     0.342494
   1969    95-99   0.439217     0.388462     0.435627
   1969   100-104  0.512383            .     0.512383
   1969   105-109         .            .            .
   1969   110+            .            .            .
   1970     0      0.013299     0.017813     0.015624
   1970     1-4    0.001200     0.001104     0.001150
   1970     5-9    0.000412     0.000453     0.000433
   1970    10-14   0.000185     0.000389     0.000289
   1970    15-19   0.000502     0.000984     0.000744
   1970    20-24   0.000873     0.001438     0.001143
   1970    25-29   0.001103     0.001792     0.001438
   1970    30-34   0.000951     0.002027     0.001469
   1970    35-39   0.001315     0.002275     0.001779
   1970    40-44   0.001621     0.003512     0.002526
   1970    45-49   0.002730     0.005024     0.003742
   1970    50-54   0.004759     0.008510     0.006457
   1970    55-59   0.007852     0.014908     0.011118
   1970    60-64   0.012593     0.023702     0.017703
   1970    65-69   0.023854     0.045211     0.033472
   1970    70-74   0.042189     0.069765     0.054129
   1970    75-79   0.076494     0.114050     0.091048
   1970    80-84   0.137833     0.170486     0.148850
   1970    85-89   0.236143     0.253384     0.240803
   1970    90-94   0.349857     0.329746     0.345453
   1970    95-99   0.506821     0.588043     0.516545
   1970   100-104  1.085973            .     1.085973
   1970   105-109         .            .            .
   1970   110+            .            .            .
   1971     0      0.010874     0.015100     0.013037
   1971     1-4    0.001061     0.001456     0.001264
   1971     5-9    0.000228     0.000497     0.000366
   1971    10-14   0.000232     0.000444     0.000340
   1971    15-19   0.000398     0.001109     0.000755
   1971    20-24   0.000581     0.001398     0.000974
   1971    25-29   0.000607     0.001137     0.000867
   1971    30-34   0.001235     0.001771     0.001494
   1971    35-39   0.001160     0.002711     0.001909
   1971    40-44   0.001781     0.003639     0.002674
   1971    45-49   0.002918     0.004931     0.003821
   1971    50-54   0.004812     0.008724     0.006562
   1971    55-59   0.007583     0.013701     0.010405
   1971    60-64   0.012466     0.021704     0.016681
   1971    65-69   0.021050     0.039099     0.029173
   1971    70-74   0.038467     0.062665     0.048891
   1971    75-79   0.070879     0.098200     0.081596
   1971    80-84   0.119212     0.173013     0.137362
   1971    85-89   0.187379     0.227138     0.198475
   1971    90-94   0.323148     0.366693     0.332788
   1971    95-99   0.296840     0.662069     0.341087
   1971   100-104  0.000000            .     0.000000
   1971   105-109         .            .            .
   1971   110+            .            .            .
   1972     0      0.008597     0.015745     0.012253
   1972     1-4    0.001051     0.001163     0.001109
   1972     5-9    0.000282     0.000378     0.000331
   1972    10-14   0.000219     0.000457     0.000341
   1972    15-19   0.000521     0.000958     0.000740
   1972    20-24   0.000702     0.001608     0.001143
   1972    25-29   0.000755     0.001537     0.001141
   1972    30-34   0.000744     0.001570     0.001146
   1972    35-39   0.001410     0.002216     0.001799
   1972    40-44   0.001503     0.003970     0.002691
   1972    45-49   0.002410     0.005120     0.003652
   1972    50-54   0.004376     0.007027     0.005547
   1972    55-59   0.007065     0.011311     0.009014
   1972    60-64   0.011099     0.021320     0.015729
   1972    65-69   0.019952     0.037989     0.028073
   1972    70-74   0.034374     0.063088     0.046695
   1972    75-79   0.064162     0.108224     0.081552
   1972    80-84   0.113151     0.150704     0.125875
   1972    85-89   0.184833     0.258376     0.205440
   1972    90-94   0.312968     0.413968     0.334307
   1972    95-99   0.477310     0.360000     0.460014
   1972   100-104  0.000000            .     0.000000
   1972   105-109         .            .            .
   1972   110+            .            .            .
   1973     0      0.010732     0.014556     0.012684
   1973     1-4    0.000660     0.001025     0.000847
   1973     5-9    0.000333     0.000339     0.000336
   1973    10-14   0.000184     0.000234     0.000210
   1973    15-19   0.000293     0.000915     0.000605
   1973    20-24   0.000483     0.001160     0.000814
   1973    25-29   0.000594     0.001522     0.001057
   1973    30-34   0.000961     0.001613     0.001280
   1973    35-39   0.001191     0.002076     0.001617
   1973    40-44   0.001722     0.004095     0.002866
   1973    45-49   0.002476     0.004536     0.003439
   1973    50-54   0.004450     0.007787     0.005907
   1973    55-59   0.006695     0.013243     0.009680
   1973    60-64   0.011259     0.020767     0.015566
   1973    65-69   0.017818     0.034148     0.025153
   1973    70-74   0.035968     0.059871     0.046188
   1973    75-79   0.064634     0.098779     0.078135
   1973    80-84   0.121520     0.155520     0.133124
   1973    85-89   0.202208     0.258782     0.218318
   1973    90-94   0.315740     0.409683     0.335377
   1973    95-99   0.418920     0.468750     0.427656
   1973   100-104  1.142857            .     1.142857
   1973   105-109         .            .            .
   1973   110+            .            .            .
   1974     0      0.011647     0.014270     0.012984
   1974     1-4    0.001297     0.001184     0.001239
   1974     5-9    0.000361     0.000365     0.000363
   1974    10-14   0.000170     0.000182     0.000176
   1974    15-19   0.000349     0.000927     0.000639
   1974    20-24   0.000553     0.001014     0.000777
   1974    25-29   0.000609     0.001251     0.000933
   1974    30-34   0.000669     0.001565     0.001112
   1974    35-39   0.001035     0.001803     0.001406
   1974    40-44   0.002126     0.003355     0.002720
   1974    45-49   0.002164     0.004937     0.003475
   1974    50-54   0.003573     0.007033     0.005081
   1974    55-59   0.006631     0.011173     0.008687
   1974    60-64   0.010974     0.019341     0.014773
   1974    65-69   0.020431     0.035731     0.027278
   1974    70-74   0.037177     0.061736     0.047648
   1974    75-79   0.066674     0.103632     0.081339
   1974    80-84   0.114681     0.167747     0.132783
   1974    85-89   0.196439     0.229094     0.205808
   1974    90-94   0.330795     0.383973     0.342201
   1974    95-99   0.387716     0.276923     0.367657
   1974   100-104  1.000000     6.000000     1.384615
   1974   105-109  0.000000            .     0.000000
   1974   110+            .            .            .
   1975     0      0.008260     0.010035     0.009167
   1975     1-4    0.000808     0.001167     0.000991
   1975     5-9    0.000391     0.000510     0.000452
   1975    10-14   0.000131     0.000353     0.000245
   1975    15-19   0.000330     0.000796     0.000565
   1975    20-24   0.000584     0.001153     0.000859
   1975    25-29   0.000722     0.001004     0.000865
   1975    30-34   0.000865     0.001579     0.001221
   1975    35-39   0.000936     0.002103     0.001500
   1975    40-44   0.001632     0.003212     0.002395
   1975    45-49   0.002400     0.005014     0.003643
   1975    50-54   0.003177     0.006348     0.004572
   1975    55-59   0.005348     0.010823     0.007807
   1975    60-64   0.009874     0.018415     0.013755
   1975    65-69   0.017173     0.033577     0.024482
   1975    70-74   0.032379     0.057500     0.043068
   1975    75-79   0.062585     0.091332     0.073973
   1975    80-84   0.115224     0.146065     0.125864
   1975    85-89   0.194763     0.226177     0.203793
   1975    90-94   0.314230     0.238867     0.296449
   1975    95-99   0.326860     0.545207     0.364992
   1975   100-104  1.000000            .     1.000000
   1975   105-109  0.000000            .     0.000000
   1975   110+            .            .            .
   1976     0      0.010583     0.011593     0.011099
   1976     1-4    0.000628     0.001238     0.000939
   1976     5-9    0.000287     0.000341     0.000315
   1976    10-14   0.000138     0.000370     0.000257
   1976    15-19   0.000418     0.000899     0.000662
   1976    20-24   0.000481     0.000958     0.000711
   1976    25-29   0.000548     0.001219     0.000890
   1976    30-34   0.000774     0.000957     0.000866
   1976    35-39   0.000912     0.001886     0.001385
   1976    40-44   0.001886     0.002678     0.002269
   1976    45-49   0.002278     0.004854     0.003509
   1976    50-54   0.003368     0.006729     0.004871
   1976    55-59   0.005438     0.011527     0.008142
   1976    60-64   0.009370     0.016551     0.012627
   1976    65-69   0.016865     0.032591     0.023825
   1976    70-74   0.032835     0.053067     0.041461
   1976    75-79   0.061212     0.087035     0.071434
   1976    80-84   0.107482     0.157137     0.124751
   1976    85-89   0.194662     0.241773     0.208341
   1976    90-94   0.273810     0.300844     0.280726
   1976    95-99   0.503012     0.394270     0.482230
   1976   100-104  0.428571            .     0.428571
   1976   105-109  0.000000            .     0.000000
   1976   110+            .            .            .
   1977     0      0.007360     0.008703     0.008052
   1977     1-4    0.000683     0.000904     0.000796
   1977     5-9    0.000236     0.000359     0.000299
   1977    10-14   0.000142     0.000201     0.000172
   1977    15-19   0.000362     0.000661     0.000514
   1977    20-24   0.000494     0.001015     0.000748
   1977    25-29   0.000415     0.000925     0.000674
   1977    30-34   0.000639     0.001365     0.001009
   1977    35-39   0.000649     0.001967     0.001293
   1977    40-44   0.001401     0.003053     0.002198
   1977    45-49   0.002095     0.004788     0.003386
   1977    50-54   0.003773     0.006776     0.005142
   1977    55-59   0.005002     0.010652     0.007477
   1977    60-64   0.007633     0.017441     0.012065
   1977    65-69   0.017867     0.030494     0.023429
   1977    70-74   0.028178     0.054391     0.039359
   1977    75-79   0.056214     0.084500     0.067440
   1977    80-84   0.105852     0.133276     0.115491
   1977    85-89   0.174315     0.220501     0.187885
   1977    90-94   0.296576     0.343579     0.308465
   1977    95-99   0.654083     0.614581     0.645581
   1977   100-104  0.600000     6.000000     0.857143
   1977   105-109  1.500000            .     1.500000
   1977   110+            .            .            .
   1978     0      0.005962     0.008174     0.007103
   1978     1-4    0.000631     0.000850     0.000743
   1978     5-9    0.000234     0.000401     0.000319
   1978    10-14   0.000190     0.000292     0.000242
   1978    15-19   0.000284     0.000879     0.000585
   1978    20-24   0.000496     0.000898     0.000693
   1978    25-29   0.000602     0.001103     0.000855
   1978    30-34   0.000528     0.001411     0.000983
   1978    35-39   0.001056     0.002079     0.001560
   1978    40-44   0.001413     0.003153     0.002251
   1978    45-49   0.001917     0.004847     0.003324
   1978    50-54   0.003076     0.006421     0.004628
   1978    55-59   0.004803     0.009316     0.006755
   1978    60-64   0.008478     0.017288     0.012436
   1978    65-69   0.014587     0.025475     0.019391
   1978    70-74   0.027151     0.048306     0.036164
   1978    75-79   0.057485     0.078782     0.065942
   1978    80-84   0.102154     0.138524     0.115120
   1978    85-89   0.172174     0.195721     0.179130
   1978    90-94   0.272367     0.302218     0.279923
   1978    95-99   0.457691     0.465517     0.459570
   1978   100-104  0.000000            .     0.000000
   1978   105-109         .            .            .
   1978   110+            .            .            .
   1979     0      0.006778     0.009056     0.007945
   1979     1-4    0.000579     0.000715     0.000649
   1979     5-9    0.000206     0.000329     0.000269
   1979    10-14   0.000143     0.000204     0.000174
   1979    15-19   0.000172     0.000790     0.000486
   1979    20-24   0.000502     0.000875     0.000686
   1979    25-29   0.000498     0.000960     0.000732
   1979    30-34   0.000823     0.001077     0.000955
   1979    35-39   0.001035     0.001693     0.001363
   1979    40-44   0.001595     0.002594     0.002078
   1979    45-49   0.002307     0.003589     0.002924
   1979    50-54   0.003084     0.006664     0.004763
   1979    55-59   0.005095     0.009371     0.006941
   1979    60-64   0.009007     0.015611     0.011958
   1979    65-69   0.014340     0.025940     0.019474
   1979    70-74   0.024388     0.048200     0.034528
   1979    75-79   0.051999     0.078840     0.062634
   1979    80-84   0.089040     0.132861     0.104710
   1979    85-89   0.164262     0.205386     0.176383
   1979    90-94   0.229731     0.329053     0.254401
   1979    95-99   0.420104     0.396796     0.414756
   1979   100-104  0.344473            .     0.344473
   1979   105-109         .            .            .
   1979   110+            .            .            .
   1980     0      0.007045     0.007439     0.007247
   1980     1-4    0.000584     0.001054     0.000825
   1980     5-9    0.000225     0.000499     0.000365
   1980    10-14   0.000073     0.000229     0.000153
   1980    15-19   0.000246     0.000521     0.000386
   1980    20-24   0.000420     0.000679     0.000547
   1980    25-29   0.000475     0.001002     0.000741
   1980    30-34   0.000586     0.001324     0.000971
   1980    35-39   0.000705     0.001999     0.001354
   1980    40-44   0.001692     0.002818     0.002237
   1980    45-49   0.001773     0.004383     0.003029
   1980    50-54   0.003141     0.006540     0.004745
   1980    55-59   0.004341     0.009499     0.006587
   1980    60-64   0.008143     0.014250     0.010855
   1980    65-69   0.013151     0.029024     0.020183
   1980    70-74   0.025879     0.048698     0.035575
   1980    75-79   0.053814     0.085537     0.066321
   1980    80-84   0.097722     0.126855     0.108209
   1980    85-89   0.171968     0.226886     0.188357
   1980    90-94   0.307012     0.337908     0.314594
   1980    95-99   0.413002     0.231989     0.371583
   1980   100-104  0.324324     0.000000     0.300000
   1980   105-109  6.000000            .     6.000000
   1980   110+            .            .            .
   1981     0      0.007197     0.006657     0.006921
   1981     1-4    0.000709     0.000591     0.000649
   1981     5-9    0.000269     0.000388     0.000330
   1981    10-14   0.000167     0.000181     0.000174
   1981    15-19   0.000327     0.000578     0.000455
   1981    20-24   0.000384     0.001251     0.000810
   1981    25-29   0.000359     0.000916     0.000639
   1981    30-34   0.000482     0.000927     0.000715
   1981    35-39   0.000927     0.001701     0.001318
   1981    40-44   0.001124     0.002467     0.001776
   1981    45-49   0.002075     0.004025     0.003013
   1981    50-54   0.002234     0.005695     0.003876
   1981    55-59   0.004132     0.009334     0.006433
   1981    60-64   0.007170     0.014800     0.010519
   1981    65-69   0.014777     0.024740     0.019186
   1981    70-74   0.024998     0.044794     0.033368
   1981    75-79   0.051132     0.077443     0.061509
   1981    80-84   0.091147     0.127618     0.104378
   1981    85-89   0.155716     0.219215     0.174740
   1981    90-94   0.284156     0.322856     0.294141
   1981    95-99   0.404605     0.521156     0.429028
   1981   100-104  0.620690     0.000000     0.473684
   1981   105-109         .            .            .
   1981   110+            .            .            .
   1982     0      0.006663     0.009990     0.008374
   1982     1-4    0.000512     0.000662     0.000589
   1982     5-9    0.000248     0.000259     0.000253
   1982    10-14   0.000117     0.000067     0.000091
   1982    15-19   0.000156     0.000478     0.000320
   1982    20-24   0.000247     0.000649     0.000446
   1982    25-29   0.000490     0.000890     0.000690
   1982    30-34   0.000666     0.001076     0.000879
   1982    35-39   0.000790     0.001624     0.001217
   1982    40-44   0.001374     0.002226     0.001790
   1982    45-49   0.001670     0.004488     0.003025
   1982    50-54   0.002541     0.005520     0.003958
   1982    55-59   0.003969     0.008749     0.006125
   1982    60-64   0.006525     0.015442     0.010378
   1982    65-69   0.012327     0.023782     0.017390
   1982    70-74   0.022606     0.042770     0.031101
   1982    75-79   0.048535     0.078714     0.060475
   1982    80-84   0.084001     0.113875     0.094866
   1982    85-89   0.160612     0.201021     0.172880
   1982    90-94   0.256050     0.260112     0.257117
   1982    95-99   0.469325     0.524276     0.479554
   1982   100-104  0.000000     0.000000     0.000000
   1982   105-109  1.500000            .     1.500000
   1982   110+            .            .            .
   1983     0      0.005009     0.008104     0.006600
   1983     1-4    0.000557     0.000503     0.000529
   1983     5-9    0.000364     0.000239     0.000300
   1983    10-14   0.000162     0.000176     0.000169
   1983    15-19   0.000349     0.000706     0.000530
   1983    20-24   0.000411     0.000866     0.000636
   1983    25-29   0.000583     0.000708     0.000646
   1983    30-34   0.000657     0.001183     0.000929
   1983    35-39   0.000750     0.001363     0.001067
   1983    40-44   0.000986     0.002591     0.001776
   1983    45-49   0.001577     0.003663     0.002579
   1983    50-54   0.003086     0.006815     0.004864
   1983    55-59   0.004376     0.009709     0.006824
   1983    60-64   0.006535     0.013144     0.009353
   1983    65-69   0.012055     0.022162     0.016507
   1983    70-74   0.021461     0.041763     0.030041
   1983    75-79   0.042933     0.079346     0.057302
   1983    80-84   0.092076     0.122147     0.103063
   1983    85-89   0.149970     0.189668     0.162099
   1983    90-94   0.269593     0.295517     0.276488
   1983    95-99   0.379310     0.331492     0.369441
   1983   100-104  0.857143     0.428571     0.685714
   1983   105-109  3.000000            .     3.000000
   1983   110+            .            .            .
   1984     0      0.005197     0.007294     0.006275
   1984     1-4    0.000602     0.000454     0.000526
   1984     5-9    0.000208     0.000308     0.000259
   1984    10-14   0.000068     0.000240     0.000156
   1984    15-19   0.000109     0.000553     0.000334
   1984    20-24   0.000280     0.000890     0.000581
   1984    25-29   0.000199     0.001096     0.000647
   1984    30-34   0.000516     0.000907     0.000717
   1984    35-39   0.000634     0.001508     0.001089
   1984    40-44   0.001138     0.002385     0.001757
   1984    45-49   0.001880     0.003720     0.002764
   1984    50-54   0.002812     0.006005     0.004336
   1984    55-59   0.004037     0.007804     0.005784
   1984    60-64   0.006347     0.012956     0.009161
   1984    65-69   0.010181     0.022560     0.015601
   1984    70-74   0.021040     0.037900     0.028207
   1984    75-79   0.038530     0.071137     0.051373
   1984    80-84   0.083805     0.123330     0.098138
   1984    85-89   0.140605     0.187033     0.155028
   1984    90-94   0.241105     0.362059     0.271329
   1984    95-99   0.315421     0.309894     0.314092
   1984   100-104  0.230769     0.750000     0.428571
   1984   105-109         .            .            .
   1984   110+            .            .            .
   1985     0      0.004652     0.004792     0.004724
   1985     1-4    0.000356     0.000678     0.000521
   1985     5-9    0.000164     0.000179     0.000172
   1985    10-14   0.000158     0.000238     0.000199
   1985    15-19   0.000214     0.000542     0.000381
   1985    20-24   0.000292     0.000999     0.000639
   1985    25-29   0.000278     0.000891     0.000584
   1985    30-34   0.000541     0.000854     0.000701
   1985    35-39   0.000781     0.001323     0.001064
   1985    40-44   0.001091     0.002376     0.001734
   1985    45-49   0.001527     0.003244     0.002353
   1985    50-54   0.002462     0.006028     0.004164
   1985    55-59   0.003927     0.008028     0.005841
   1985    60-64   0.006103     0.013041     0.009084
   1985    65-69   0.011508     0.022044     0.016087
   1985    70-74   0.020482     0.036622     0.027374
   1985    75-79   0.039695     0.067133     0.050509
   1985    80-84   0.083614     0.122349     0.097482
   1985    85-89   0.142073     0.178149     0.153517
   1985    90-94   0.250786     0.272404     0.256050
   1985    95-99   0.336946     0.450033     0.364060
   1985   100-104  1.034483     0.000000     0.638298
   1985   105-109         .            .            .
   1985   110+            .            .            .
   1986     0      0.004499     0.005883     0.005208
   1986     1-4    0.000496     0.000597     0.000548
   1986     5-9    0.000072     0.000365     0.000222
   1986    10-14   0.000090     0.000151     0.000121
   1986    15-19   0.000311     0.000472     0.000393
   1986    20-24   0.000311     0.000774     0.000538
   1986    25-29   0.000519     0.000682     0.000600
   1986    30-34   0.000450     0.000943     0.000700
   1986    35-39   0.000563     0.001114     0.000851
   1986    40-44   0.001197     0.002163     0.001685
   1986    45-49   0.001495     0.003774     0.002595
   1986    50-54   0.002486     0.005646     0.003994
   1986    55-59   0.003460     0.007901     0.005543
   1986    60-64   0.005466     0.011689     0.008182
   1986    65-69   0.010221     0.019830     0.014346
   1986    70-74   0.018666     0.036255     0.026179
   1986    75-79   0.036995     0.063130     0.047273
   1986    80-84   0.070619     0.111553     0.085222
   1986    85-89   0.132330     0.175263     0.146058
   1986    90-94   0.220299     0.270552     0.233070
   1986    95-99   0.367021     0.433462     0.383101
   1986   100-104  0.367347     0.600000     0.434783
   1986   105-109  0.000000            .     0.000000
   1986   110+            .            .            .
   1987     0      0.003450     0.006402     0.004967
   1987     1-4    0.000169     0.000448     0.000312
   1987     5-9    0.000098     0.000396     0.000250
   1987    10-14   0.000090     0.000302     0.000199
   1987    15-19   0.000182     0.000526     0.000357
   1987    20-24   0.000410     0.000908     0.000655
   1987    25-29   0.000291     0.000671     0.000480
   1987    30-34   0.000514     0.000891     0.000705
   1987    35-39   0.000688     0.001188     0.000948
   1987    40-44   0.000980     0.001872     0.001435
   1987    45-49   0.001562     0.003103     0.002311
   1987    50-54   0.002077     0.005304     0.003616
   1987    55-59   0.003394     0.008556     0.005822
   1987    60-64   0.004899     0.012323     0.008204
   1987    65-69   0.009825     0.019374     0.013865
   1987    70-74   0.016371     0.032635     0.023309
   1987    75-79   0.037622     0.060675     0.046708
   1987    80-84   0.069216     0.105600     0.082134
   1987    85-89   0.131552     0.168082     0.143222
   1987    90-94   0.209196     0.291496     0.230689
   1987    95-99   0.348163     0.385426     0.356704
   1987   100-104  0.685714     0.352941     0.620690
   1987   105-109  0.000000            .     0.000000
   1987   110+            .            .            .
   1988     0      0.004620     0.004798     0.004711
   1988     1-4    0.000483     0.000393     0.000437
   1988     5-9    0.000100     0.000143     0.000122
   1988    10-14   0.000114     0.000195     0.000155
   1988    15-19   0.000342     0.000561     0.000453
   1988    20-24   0.000405     0.000635     0.000519
   1988    25-29   0.000489     0.000803     0.000645
   1988    30-34   0.000435     0.000830     0.000635
   1988    35-39   0.000737     0.001204     0.000978
   1988    40-44   0.001007     0.002240     0.001643
   1988    45-49   0.001298     0.003513     0.002383
   1988    50-54   0.002303     0.005515     0.003833
   1988    55-59   0.002608     0.007996     0.005149
   1988    60-64   0.005023     0.012938     0.008606
   1988    65-69   0.009041     0.019464     0.013395
   1988    70-74   0.016219     0.035824     0.024547
   1988    75-79   0.035532     0.061007     0.045645
   1988    80-84   0.071620     0.117970     0.088088
   1988    85-89   0.136670     0.173721     0.148555
   1988    90-94   0.209742     0.262584     0.223319
   1988    95-99   0.290627     0.414433     0.317596
   1988   100-104  0.319149     0.692308     0.400000
   1988   105-109  3.000000            .     3.000000
   1988   110+            .            .            .
   1989     0      0.004095     0.002757     0.003411
   1989     1-4    0.000249     0.000503     0.000380
   1989     5-9    0.000153     0.000122     0.000137
   1989    10-14   0.000023     0.000175     0.000101
   1989    15-19   0.000207     0.000480     0.000345
   1989    20-24   0.000377     0.000509     0.000443
   1989    25-29   0.000422     0.000976     0.000697
   1989    30-34   0.000395     0.000778     0.000588
   1989    35-39   0.000724     0.001182     0.000959
   1989    40-44   0.000898     0.002031     0.001486
   1989    45-49   0.001983     0.002931     0.002451
   1989    50-54   0.002045     0.004567     0.003248
   1989    55-59   0.003353     0.008075     0.005582
   1989    60-64   0.005111     0.013388     0.008892
   1989    65-69   0.008368     0.019791     0.013132
   1989    70-74   0.017200     0.032854     0.023811
   1989    75-79   0.034259     0.056355     0.043097
   1989    80-84   0.068898     0.099892     0.079985
   1989    85-89   0.128589     0.170311     0.141765
   1989    90-94   0.223420     0.255676     0.232002
   1989    95-99   0.318889     0.435343     0.341320
   1989   100-104  0.315789     1.034483     0.444444
   1989   105-109         .            .            .
   1989   110+            .            .            .
   1990     0      0.003336     0.003890     0.003616
   1990     1-4    0.000438     0.000588     0.000515
   1990     5-9    0.000131     0.000099     0.000114
   1990    10-14   0.000094     0.000134     0.000115
   1990    15-19   0.000326     0.000340     0.000333
   1990    20-24   0.000358     0.000694     0.000525
   1990    25-29   0.000144     0.000734     0.000436
   1990    30-34   0.000454     0.000850     0.000653
   1990    35-39   0.000476     0.001268     0.000880
   1990    40-44   0.001007     0.001580     0.001306
   1990    45-49   0.001391     0.003303     0.002343
   1990    50-54   0.002419     0.005330     0.003811
   1990    55-59   0.002730     0.007574     0.005016
   1990    60-64   0.005187     0.011816     0.008233
   1990    65-69   0.008746     0.019255     0.013169
   1990    70-74   0.017584     0.032755     0.023952
   1990    75-79   0.032870     0.059007     0.043376
   1990    80-84   0.067003     0.108936     0.082023
   1990    85-89   0.128181     0.174189     0.142451
   1990    90-94   0.218203     0.256743     0.228872
   1990    95-99   0.333812     0.466727     0.359018
   1990   100-104  0.545455     0.500000     0.539326
   1990   105-109         .            .            .
   1990   110+            .            .            .
   1991     0      0.005381     0.004183     0.004777
   1991     1-4    0.000375     0.000360     0.000367
   1991     5-9    0.000213     0.000253     0.000233
   1991    10-14   0.000072     0.000228     0.000152
   1991    15-19   0.000222     0.000471     0.000349
   1991    20-24   0.000324     0.000884     0.000603
   1991    25-29   0.000300     0.000732     0.000514
   1991    30-34   0.000414     0.000825     0.000620
   1991    35-39   0.000674     0.001177     0.000929
   1991    40-44   0.001155     0.001945     0.001567
   1991    45-49   0.001188     0.002827     0.002012
   1991    50-54   0.002290     0.004818     0.003503
   1991    55-59   0.003161     0.006999     0.004972
   1991    60-64   0.004301     0.012396     0.008040
   1991    65-69   0.008696     0.018734     0.012987
   1991    70-74   0.015955     0.031997     0.022611
   1991    75-79   0.032372     0.060225     0.043555
   1991    80-84   0.068806     0.105440     0.081954
   1991    85-89   0.122902     0.176550     0.139488
   1991    90-94   0.223562     0.261902     0.234191
   1991    95-99   0.317644     0.367413     0.327538
   1991   100-104  0.439024     0.500000     0.446809
   1991   105-109  0.000000            .     0.000000
   1991   110+            .            .            .
   1992     0      0.003481     0.004046     0.003767
   1992     1-4    0.000269     0.000523     0.000398
   1992     5-9    0.000163     0.000309     0.000238
   1992    10-14   0.000171     0.000116     0.000143
   1992    15-19   0.000249     0.000570     0.000414
   1992    20-24   0.000313     0.000843     0.000579
   1992    25-29   0.000495     0.001000     0.000746
   1992    30-34   0.000317     0.000552     0.000435
   1992    35-39   0.000630     0.001204     0.000921
   1992    40-44   0.000928     0.001806     0.001384
   1992    45-49   0.001475     0.002877     0.002189
   1992    50-54   0.002177     0.005456     0.003761
   1992    55-59   0.003365     0.007166     0.005160
   1992    60-64   0.005139     0.012378     0.008493
   1992    65-69   0.008621     0.018762     0.013037
   1992    70-74   0.015122     0.032248     0.022111
   1992    75-79   0.031845     0.054123     0.040786
   1992    80-84   0.065934     0.102626     0.079236
   1992    85-89   0.125037     0.179341     0.141633
   1992    90-94   0.215646     0.258158     0.227316
   1992    95-99   0.302097     0.286272     0.298664
   1992   100-104  0.400287     1.578947     0.504930
   1992   105-109  1.200000            .     1.200000
   1992   110+            .            .            .
   1993     0      0.003244     0.003969     0.003612
   1993     1-4    0.000593     0.000348     0.000469
   1993     5-9    0.000084     0.000184     0.000135
   1993    10-14   0.000099     0.000166     0.000133
   1993    15-19   0.000206     0.000660     0.000439
   1993    20-24   0.000332     0.000503     0.000418
   1993    25-29   0.000341     0.000659     0.000499
   1993    30-34   0.000619     0.000783     0.000701
   1993    35-39   0.000821     0.001320     0.001074
   1993    40-44   0.000920     0.001659     0.001302
   1993    45-49   0.001270     0.002902     0.002110
   1993    50-54   0.001971     0.004912     0.003404
   1993    55-59   0.003088     0.007132     0.004999
   1993    60-64   0.004729     0.012510     0.008346
   1993    65-69   0.007605     0.019027     0.012661
   1993    70-74   0.015534     0.030216     0.021443
   1993    75-79   0.031015     0.057646     0.041666
   1993    80-84   0.060057     0.096097     0.073206
   1993    85-89   0.118902     0.169455     0.134431
   1993    90-94   0.210249     0.271290     0.226813
   1993    95-99   0.307722     0.400213     0.327441
   1993   100-104  0.360515     0.857143     0.401575
   1993   105-109  0.000000            .     0.000000
   1993   110+            .            .            .
   1994     0      0.004346     0.003430     0.003874
   1994     1-4    0.000407     0.000557     0.000483
   1994     5-9    0.000085     0.000270     0.000180
   1994    10-14   0.000127     0.000266     0.000198
   1994    15-19   0.000183     0.000397     0.000293
   1994    20-24   0.000414     0.000746     0.000582
   1994    25-29   0.000433     0.000845     0.000638
   1994    30-34   0.000555     0.000580     0.000567
   1994    35-39   0.000418     0.001249     0.000840
   1994    40-44   0.000995     0.001558     0.001285
   1994    45-49   0.001597     0.002856     0.002250
   1994    50-54   0.002152     0.004116     0.003118
   1994    55-59   0.002458     0.006957     0.004588
   1994    60-64   0.004863     0.011543     0.007974
   1994    65-69   0.007704     0.018742     0.012636
   1994    70-74   0.014749     0.030407     0.021048
   1994    75-79   0.029902     0.056204     0.040358
   1994    80-84   0.058022     0.099486     0.073234
   1994    85-89   0.116981     0.170626     0.133630
   1994    90-94   0.210780     0.292633     0.232099
   1994    95-99   0.298445     0.418731     0.323829
   1994   100-104  0.483516     0.923077     0.521739
   1994   105-109  0.000000            .     0.000000
   1994   110+            .            .            .
   1995     0      0.002792     0.005115     0.003987
   1995     1-4    0.000333     0.000282     0.000307
   1995     5-9    0.000117     0.000140     0.000129
   1995    10-14   0.000182     0.000198     0.000190
   1995    15-19   0.000208     0.000591     0.000405
   1995    20-24   0.000387     0.000891     0.000644
   1995    25-29   0.000156     0.000623     0.000390
   1995    30-34   0.000537     0.000987     0.000763
   1995    35-39   0.000752     0.001283     0.001021
   1995    40-44   0.000757     0.001865     0.001325
   1995    45-49   0.001387     0.002625     0.002033
   1995    50-54   0.002154     0.005345     0.003737
   1995    55-59   0.002702     0.006609     0.004556
   1995    60-64   0.005042     0.011146     0.007887
   1995    65-69   0.006570     0.019236     0.012262
   1995    70-74   0.014499     0.030559     0.021021
   1995    75-79   0.026448     0.054118     0.037372
   1995    80-84   0.058400     0.097106     0.072656
   1995    85-89   0.108329     0.158201     0.123816
   1995    90-94   0.204185     0.270495     0.220607
   1995    95-99   0.278463     0.361026     0.297152
   1995   100-104  0.403670     0.714286     0.439024
   1995   105-109  0.750000            .     0.750000
   1995   110+            .            .            .
   1996     0      0.004298     0.003261     0.003768
   1996     1-4    0.000424     0.000285     0.000353
   1996     5-9    0.000210     0.000261     0.000236
   1996    10-14   0.000053     0.000025     0.000039
   1996    15-19   0.000235     0.000493     0.000368
   1996    20-24   0.000240     0.000691     0.000470
   1996    25-29   0.000336     0.000661     0.000500
   1996    30-34   0.000440     0.001172     0.000807
   1996    35-39   0.000615     0.000858     0.000738
   1996    40-44   0.000966     0.001605     0.001292
   1996    45-49   0.001754     0.002758     0.002278
   1996    50-54   0.002149     0.004404     0.003278
   1996    55-59   0.003157     0.006666     0.004829
   1996    60-64   0.004272     0.013067     0.008373
   1996    65-69   0.007526     0.018236     0.012366
   1996    70-74   0.012691     0.030540     0.020046
   1996    75-79   0.025247     0.051787     0.035587
   1996    80-84   0.056340     0.088634     0.068255
   1996    85-89   0.107842     0.155621     0.122703
   1996    90-94   0.186403     0.244065     0.200647
   1996    95-99   0.327914     0.289443     0.319256
   1996   100-104  0.425316     0.281250     0.405229
   1996   105-109  0.857143            .     0.857143
   1996   110+            .            .            .
   1997     0      0.001802     0.003757     0.002806
   1997     1-4    0.000519     0.000413     0.000465
   1997     5-9    0.000062     0.000090     0.000076
   1997    10-14   0.000082     0.000077     0.000079
   1997    15-19   0.000189     0.000537     0.000368
   1997    20-24   0.000327     0.000931     0.000637
   1997    25-29   0.000302     0.000761     0.000535
   1997    30-34   0.000422     0.000539     0.000481
   1997    35-39   0.000314     0.001006     0.000663
   1997    40-44   0.000909     0.001970     0.001450
   1997    45-49   0.001569     0.002398     0.002000
   1997    50-54   0.002295     0.004389     0.003358
   1997    55-59   0.003391     0.007539     0.005382
   1997    60-64   0.004491     0.011012     0.007532
   1997    65-69   0.007722     0.018122     0.012442
   1997    70-74   0.012642     0.028874     0.019455
   1997    75-79   0.025481     0.049362     0.034635
   1997    80-84   0.052290     0.090999     0.066539
   1997    85-89   0.104979     0.148996     0.118785
   1997    90-94   0.196746     0.236966     0.206883
   1997    95-99   0.281329     0.333968     0.292748
   1997   100-104  0.357143     0.567568     0.388664
   1997   105-109  0.600000     0.000000     0.521739
   1997   110+            .            .            .
   1998     0      0.004828     0.002636     0.003702
   1998     1-4    0.000263     0.000209     0.000235
   1998     5-9    0.000095     0.000124     0.000110
   1998    10-14   0.000083     0.000105     0.000094
   1998    15-19   0.000255     0.000592     0.000428
   1998    20-24   0.000265     0.000885     0.000585
   1998    25-29   0.000359     0.000662     0.000514
   1998    30-34   0.000483     0.000813     0.000648
   1998    35-39   0.000480     0.001244     0.000864
   1998    40-44   0.001254     0.001731     0.001497
   1998    45-49   0.001351     0.002748     0.002073
   1998    50-54   0.001816     0.004614     0.003253
   1998    55-59   0.003158     0.007194     0.005112
   1998    60-64   0.004343     0.010945     0.007424
   1998    65-69   0.006765     0.018218     0.011984
   1998    70-74   0.013197     0.028498     0.019727
   1998    75-79   0.024257     0.048326     0.033378
   1998    80-84   0.050443     0.081306     0.061744
   1998    85-89   0.096583     0.150236     0.113609
   1998    90-94   0.175638     0.227235     0.188925
   1998    95-99   0.248388     0.412323     0.282184
   1998   100-104  0.517699     0.525000     0.518797
   1998   105-109  0.000000     0.000000     0.000000
   1998   110+            .            .            .
   1999     0      0.002644     0.004116     0.003400
   1999     1-4    0.000179     0.000468     0.000327
   1999     5-9    0.000098     0.000223     0.000161
   1999    10-14   0.000114     0.000162     0.000138
   1999    15-19   0.000175     0.000470     0.000326
   1999    20-24   0.000359     0.000583     0.000475
   1999    25-29   0.000440     0.000873     0.000662
   1999    30-34   0.000453     0.000689     0.000572
   1999    35-39   0.000495     0.001094     0.000796
   1999    40-44   0.000982     0.001983     0.001491
   1999    45-49   0.001544     0.002992     0.002290
   1999    50-54   0.002184     0.004397     0.003329
   1999    55-59   0.003045     0.007805     0.005370
   1999    60-64   0.004601     0.010647     0.007429
   1999    65-69   0.007075     0.018179     0.012145
   1999    70-74   0.013409     0.028150     0.019760
   1999    75-79   0.026413     0.050829     0.035684
   1999    80-84   0.050586     0.087550     0.064035
   1999    85-89   0.101846     0.153105     0.118230
   1999    90-94   0.179109     0.246292     0.196488
   1999    95-99   0.303394     0.309404     0.304578
   1999   100-104  0.364706     0.618557     0.405272
   1999   105-109  0.827586     0.000000     0.685714
   1999   110+            .            .            .
   2000     0      0.004200     0.004554     0.004381
   2000     1-4    0.000228     0.000565     0.000401
   2000     5-9    0.000067     0.000161     0.000115
   2000    10-14   0.000029     0.000112     0.000071
   2000    15-19   0.000175     0.000524     0.000354
   2000    20-24   0.000408     0.000548     0.000481
   2000    25-29   0.000202     0.000662     0.000438
   2000    30-34   0.000489     0.000720     0.000606
   2000    35-39   0.000504     0.001223     0.000865
   2000    40-44   0.000878     0.001649     0.001269
   2000    45-49   0.001504     0.002647     0.002090
   2000    50-54   0.002040     0.004311     0.003220
   2000    55-59   0.002700     0.007381     0.005005
   2000    60-64   0.004312     0.010403     0.007170
   2000    65-69   0.007212     0.018293     0.012273
   2000    70-74   0.011309     0.028197     0.018632
   2000    75-79   0.021429     0.048110     0.031678
   2000    80-84   0.045419     0.083117     0.058983
   2000    85-89   0.095441     0.137523     0.108992
   2000    90-94   0.165213     0.203451     0.175048
   2000    95-99   0.279545     0.333303     0.290240
   2000   100-104  0.354132     0.201681     0.328652
   2000   105-109  0.600000     1.500000     0.750000
   2000   110+            .            .            .
   2001     0      0.001886     0.004001     0.002964
   2001     1-4    0.000325     0.000354     0.000340
   2001     5-9    0.000102     0.000164     0.000133
   2001    10-14   0.000060     0.000145     0.000104
   2001    15-19   0.000175     0.000662     0.000426
   2001    20-24   0.000393     0.001087     0.000755
   2001    25-29   0.000201     0.000546     0.000378
   2001    30-34   0.000452     0.000844     0.000651
   2001    35-39   0.000671     0.001358     0.001016
   2001    40-44   0.000541     0.001742     0.001148
   2001    45-49   0.001132     0.002954     0.002062
   2001    50-54   0.001829     0.004503     0.003220
   2001    55-59   0.002827     0.006746     0.004775
   2001    60-64   0.003904     0.011224     0.007349
   2001    65-69   0.006671     0.015692     0.010796
   2001    70-74   0.011054     0.026572     0.017828
   2001    75-79   0.020496     0.047157     0.030881
   2001    80-84   0.044659     0.081255     0.057689
   2001    85-89   0.092397     0.147267     0.109995
   2001    90-94   0.153446     0.239237     0.175692
   2001    95-99   0.285571     0.313043     0.291011
   2001   100-104  0.433735     0.341772     0.416058
   2001   105-109  0.375000            .     0.375000
   2001   110+            .            .            .
   2002     0      0.004027     0.002199     0.003092
   2002     1-4    0.000282     0.000225     0.000253
   2002     5-9    0.000104     0.000200     0.000153
   2002    10-14   0.000062     0.000120     0.000091
   2002    15-19   0.000300     0.000312     0.000306
   2002    20-24   0.000199     0.000679     0.000447
   2002    25-29   0.000175     0.000848     0.000523
   2002    30-34   0.000208     0.001088     0.000657
   2002    35-39   0.000716     0.001214     0.000966
   2002    40-44   0.000917     0.001660     0.001291
   2002    45-49   0.001291     0.002719     0.002017
   2002    50-54   0.001944     0.004506     0.003271
   2002    55-59   0.002613     0.006982     0.004811
   2002    60-64   0.004364     0.010216     0.007138
   2002    65-69   0.006244     0.015026     0.010265
   2002    70-74   0.010495     0.027010     0.017740
   2002    75-79   0.020245     0.044472     0.029846
   2002    80-84   0.042186     0.077325     0.054528
   2002    85-89   0.082619     0.144063     0.102034
   2002    90-94   0.159916     0.210107     0.173072
   2002    95-99   0.246044     0.326043     0.262176
   2002   100-104  0.347826     0.610778     0.391960
   2002   105-109  1.304348     0.000000     1.153846
   2002   110+     0.000000            .     0.000000
   2003     0      0.002598     0.003071     0.002839
   2003     1-4    0.000142     0.000136     0.000139
   2003     5-9    0.000071     0.000101     0.000086
   2003    10-14   0.000095     0.000216     0.000157
   2003    15-19   0.000157     0.000357     0.000259
   2003    20-24   0.000265     0.000838     0.000561
   2003    25-29   0.000416     0.000693     0.000559
   2003    30-34   0.000619     0.000853     0.000738
   2003    35-39   0.000510     0.001224     0.000868
   2003    40-44   0.000641     0.002076     0.001362
   2003    45-49   0.001239     0.002226     0.001740
   2003    50-54   0.001870     0.004111     0.003024
   2003    55-59   0.002863     0.006462     0.004694
   2003    60-64   0.003530     0.010488     0.006859
   2003    65-69   0.006287     0.013373     0.009539
   2003    70-74   0.011553     0.027027     0.018370
   2003    75-79   0.020460     0.046016     0.030761
   2003    80-84   0.041529     0.079888     0.054737
   2003    85-89   0.086844     0.128477     0.099934
   2003    90-94   0.160056     0.213502     0.174205
   2003    95-99   0.247050     0.346717     0.266970
   2003   100-104  0.443077     0.397790     0.435986
   2003   105-109  0.857143     1.500000     1.000000
   2003   110+     0.000000            .     0.000000
   2004     0      0.002049     0.003367     0.002720
   2004     1-4    0.000000     0.000369     0.000189
   2004     5-9    0.000036     0.000137     0.000088
   2004    10-14   0.000033     0.000032     0.000032
   2004    15-19   0.000129     0.000491     0.000314
   2004    20-24   0.000269     0.000568     0.000424
   2004    25-29   0.000305     0.000620     0.000469
   2004    30-34   0.000262     0.000926     0.000600
   2004    35-39   0.000422     0.000988     0.000707
   2004    40-44   0.000964     0.001951     0.001459
   2004    45-49   0.001311     0.002736     0.002033
   2004    50-54   0.001812     0.004704     0.003293
   2004    55-59   0.002711     0.006871     0.004844
   2004    60-64   0.004156     0.009577     0.006772
   2004    65-69   0.006638     0.015352     0.010651
   2004    70-74   0.011243     0.026102     0.017810
   2004    75-79   0.018870     0.042233     0.028380
   2004    80-84   0.041712     0.077076     0.053857
   2004    85-89   0.083170     0.134048     0.099183
   2004    90-94   0.153476     0.215082     0.169780
   2004    95-99   0.259605     0.300950     0.267823
   2004   100-104  0.332392     0.367925     0.338208
   2004   105-109  0.333333     0.000000     0.307692
   2004   110+     2.000000            .     2.000000
   2005     0      0.001291     0.002455     0.001888
   2005     1-4    0.000295     0.000095     0.000193
   2005     5-9    0.000148     0.000105     0.000126
   2005    10-14   0.000067     0.000065     0.000066
   2005    15-19   0.000098     0.000343     0.000223
   2005    20-24   0.000246     0.000625     0.000442
   2005    25-29   0.000312     0.000868     0.000601
   2005    30-34   0.000402     0.001329     0.000874
   2005    35-39   0.000858     0.001207     0.001034
   2005    40-44   0.000955     0.002220     0.001589
   2005    45-49   0.001569     0.002971     0.002276
   2005    50-54   0.001975     0.004449     0.003235
   2005    55-59   0.002799     0.006104     0.004502
   2005    60-64   0.003909     0.009984     0.006865
   2005    65-69   0.005890     0.015397     0.010283
   2005    70-74   0.011083     0.023677     0.016664
   2005    75-79   0.019610     0.045501     0.030229
   2005    80-84   0.040457     0.079792     0.054144
   2005    85-89   0.082186     0.139266     0.100004
   2005    90-94   0.157680     0.221654     0.174637
   2005    95-99   0.263932     0.329998     0.277145
   2005   100-104  0.396040     0.326360     0.384681
   2005   105-109  0.857143     1.500000     0.905660
   2005   110+            .            .            .
   2006     0      0.002641     0.003983     0.003328
   2006     1-4    0.000153     0.000294     0.000225
   2006     5-9    0.000112     0.000214     0.000164
   2006    10-14   0.000069     0.000165     0.000118
   2006    15-19   0.000298     0.000511     0.000407
   2006    20-24   0.000401     0.000514     0.000459
   2006    25-29   0.000288     0.000952     0.000632
   2006    30-34   0.000460     0.001048     0.000760
   2006    35-39   0.000663     0.001383     0.001028
   2006    40-44   0.001141     0.001552     0.001347
   2006    45-49   0.001295     0.003006     0.002155
   2006    50-54   0.001895     0.004025     0.002973
   2006    55-59   0.002884     0.006642     0.004822
   2006    60-64   0.003851     0.009437     0.006592
   2006    65-69   0.005427     0.016482     0.010551
   2006    70-74   0.009416     0.023763     0.015797
   2006    75-79   0.018439     0.044056     0.029013
   2006    80-84   0.038202     0.079030     0.052623
   2006    85-89   0.078933     0.132553     0.095432
   2006    90-94   0.149511     0.210267     0.165400
   2006    95-99   0.234965     0.343782     0.256236
   2006   100-104  0.351893     0.354098     0.352300
   2006   105-109  0.375000     0.000000     0.358209
   2006   110+            .            .            .
   2007     0      0.002436     0.002516     0.002477
   2007     1-4    0.000158     0.000253     0.000207
   2007     5-9    0.000114     0.000218     0.000167
   2007    10-14   0.000035     0.000100     0.000068
   2007    15-19   0.000139     0.000506     0.000325
   2007    20-24   0.000370     0.000736     0.000558
   2007    25-29   0.000264     0.000737     0.000508
   2007    30-34   0.000495     0.001109     0.000810
   2007    35-39   0.000448     0.000925     0.000690
   2007    40-44   0.000600     0.001861     0.001232
   2007    45-49   0.001371     0.002550     0.001962
   2007    50-54   0.001728     0.004386     0.003070
   2007    55-59   0.002774     0.006917     0.004903
   2007    60-64   0.003438     0.008986     0.006195
   2007    65-69   0.005228     0.013935     0.009288
   2007    70-74   0.009437     0.024272     0.016046
   2007    75-79   0.017763     0.040240     0.027091
   2007    80-84   0.038099     0.074810     0.051306
   2007    85-89   0.076290     0.126051     0.091390
   2007    90-94   0.143662     0.216009     0.162203
   2007    95-99   0.261961     0.325496     0.274431
   2007   100-104  0.395862     0.370968     0.390835
   2007   105-109  0.461538     0.750000     0.484848
   2007   110+            .            .            .
   2008     0      0.002035     0.002559     0.002305
   2008     1-4    0.000216     0.000310     0.000264
   2008     5-9    0.000154     0.000074     0.000113
   2008    10-14   0.000036     0.000068     0.000052
   2008    15-19   0.000219     0.000214     0.000216
   2008    20-24   0.000264     0.000572     0.000422
   2008    25-29   0.000371     0.000763     0.000573
   2008    30-34   0.000507     0.000953     0.000737
   2008    35-39   0.000623     0.001120     0.000876
   2008    40-44   0.000816     0.001631     0.001224
   2008    45-49   0.001453     0.002886     0.002170
   2008    50-54   0.001961     0.004039     0.003010
   2008    55-59   0.002257     0.006442     0.004394
   2008    60-64   0.003701     0.009081     0.006408
   2008    65-69   0.005493     0.014124     0.009554
   2008    70-74   0.009718     0.022744     0.015531
   2008    75-79   0.018032     0.042272     0.028170
   2008    80-84   0.038140     0.074183     0.051379
   2008    85-89   0.079077     0.125166     0.092748
   2008    90-94   0.143935     0.217821     0.162701
   2008    95-99   0.251899     0.318171     0.265045
   2008   100-104  0.390591     0.657681     0.437682
   2008   105-109  0.620690     0.705882     0.631579
   2008   110+            .            .            .
   2009     0      0.003239     0.002852     0.003040
   2009     1-4    0.000111     0.000211     0.000162
   2009     5-9    0.000079     0.000114     0.000097
   2009    10-14   0.000073     0.000069     0.000071
   2009    15-19   0.000038     0.000366     0.000204
   2009    20-24   0.000546     0.000669     0.000609
   2009    25-29   0.000279     0.000625     0.000457
   2009    30-34   0.000428     0.000541     0.000486
   2009    35-39   0.000411     0.001422     0.000925
   2009    40-44   0.000852     0.001821     0.001337
   2009    45-49   0.001084     0.002259     0.001672
   2009    50-54   0.001497     0.003730     0.002621
   2009    55-59   0.002871     0.006249     0.004587
   2009    60-64   0.002888     0.008156     0.005562
   2009    65-69   0.005743     0.013483     0.009418
   2009    70-74   0.008812     0.022651     0.015004
   2009    75-79   0.016967     0.040745     0.026966
   2009    80-84   0.035724     0.072206     0.049319
   2009    85-89   0.075200     0.127558     0.090615
   2009    90-94   0.150884     0.211518     0.166345
   2009    95-99   0.257262     0.349090     0.275472
   2009   100-104  0.373256     0.348807     0.369658
   2009   105-109  0.223561     0.214286     0.222187
   2009   110+     0.000000            .     0.000000
   2010     0      0.003874     0.002037     0.002925
   2010     1-4    0.000056     0.000000     0.000027
   2010     5-9    0.000000     0.000078     0.000040
   2010    10-14   0.000149     0.000177     0.000163
   2010    15-19   0.000262     0.000253     0.000257
   2010    20-24   0.000290     0.000479     0.000386
   2010    25-29   0.000503     0.000612     0.000559
   2010    30-34   0.000502     0.000906     0.000712
   2010    35-39   0.000727     0.000872     0.000801
   2010    40-44   0.000803     0.001832     0.001321
   2010    45-49   0.001588     0.001709     0.001648
   2010    50-54   0.001736     0.003841     0.002792
   2010    55-59   0.002415     0.005615     0.004033
   2010    60-64   0.003552     0.008632     0.006145
   2010    65-69   0.005503     0.013463     0.009315
   2010    70-74   0.008519     0.020842     0.014051
   2010    75-79   0.016615     0.039916     0.026446
   2010    80-84   0.033583     0.072762     0.048328
   2010    85-89   0.072305     0.132124     0.090077
   2010    90-94   0.148965     0.227732     0.169039
   2010    95-99   0.254282     0.396970     0.282104
   2010   100-104  0.428147     0.502625     0.438403
   2010   105-109  0.488202     0.960000     0.548056
   2010   110+     1.714286            .     1.714286
   2011     0      0.003618     0.002985     0.003294
   2011     1-4    0.000173     0.000109     0.000140
   2011     5-9    0.000083     0.000040     0.000061
   2011    10-14   0.000076     0.000072     0.000074
   2011    15-19   0.000150     0.000502     0.000330
   2011    20-24   0.000392     0.000761     0.000580
   2011    25-29   0.000332     0.000841     0.000594
   2011    30-34   0.000418     0.000843     0.000638
   2011    35-39   0.000610     0.000894     0.000755
   2011    40-44   0.000973     0.001642     0.001311
   2011    45-49   0.001567     0.002461     0.002014
   2011    50-54   0.001935     0.003579     0.002758
   2011    55-59   0.002742     0.005968     0.004364
   2011    60-64   0.004095     0.009212     0.006709
   2011    65-69   0.004980     0.014243     0.009457
   2011    70-74   0.009172     0.021321     0.014655
   2011    75-79   0.017149     0.041529     0.027466
   2011    80-84   0.036095     0.078665     0.052258
   2011    85-89   0.073103     0.124771     0.088696
   2011    90-94   0.149500     0.228320     0.169120
   2011    95-99   0.258416     0.332499     0.272471
   2011   100-104  0.425836     0.598804     0.448480
   2011   105-109  0.750352     1.285714     0.803126
   2011   110+     0.000000            .     0.000000
   2012     0      0.002199     0.003303     0.002760
   2012     1-4    0.000352     0.000111     0.000228
   2012     5-9    0.000171     0.000164     0.000167
   2012    10-14   0.000115     0.000109     0.000112
   2012    15-19   0.000156     0.000367     0.000264
   2012    20-24   0.000309     0.000987     0.000653
   2012    25-29   0.000455     0.000646     0.000553
   2012    30-34   0.000394     0.000527     0.000463
   2012    35-39   0.000380     0.001116     0.000758
   2012    40-44   0.000811     0.001605     0.001214
   2012    45-49   0.001088     0.002212     0.001650
   2012    50-54   0.002262     0.003738     0.003000
   2012    55-59   0.002411     0.005618     0.004019
   2012    60-64   0.003849     0.008704     0.006321
   2012    65-69   0.005700     0.014657     0.010088
   2012    70-74   0.007902     0.020846     0.013793
   2012    75-79   0.017070     0.037315     0.025668
   2012    80-84   0.033804     0.069697     0.047493
   2012    85-89   0.070090     0.128225     0.087997
   2012    90-94   0.148549     0.220421     0.165980
   2012    95-99   0.277786     0.378794     0.296798
   2012   100-104  0.436320     0.500126     0.444874
   2012   105-109  0.640777     0.600000     0.637168
   2012   110+     2.400000            .     2.400000
   2013     0      0.003254     0.004096     0.003684
   2013     1-4    0.000298     0.000170     0.000233
   2013     5-9    0.000044     0.000042     0.000043
   2013    10-14   0.000116     0.000111     0.000113
   2013    15-19   0.000080     0.000341     0.000214
   2013    20-24   0.000357     0.000642     0.000502
   2013    25-29   0.000117     0.000962     0.000552
   2013    30-34   0.000571     0.000929     0.000755
   2013    35-39   0.000595     0.001125     0.000868
   2013    40-44   0.000953     0.001099     0.001027
   2013    45-49   0.001246     0.001952     0.001599
   2013    50-54   0.001766     0.003411     0.002587
   2013    55-59   0.002348     0.005517     0.003937
   2013    60-64   0.003879     0.008880     0.006410
   2013    65-69   0.005242     0.012916     0.009051
   2013    70-74   0.008630     0.021370     0.014483
   2013    75-79   0.015210     0.036920     0.024472
   2013    80-84   0.033896     0.072549     0.048711
   2013    85-89   0.073459     0.128341     0.090711
   2013    90-94   0.149214     0.206200     0.162729
   2013    95-99   0.270019     0.342897     0.283422
   2013   100-104  0.384121     0.444944     0.392310
   2013   105-109  0.650000     0.600000     0.642857
   2013   110+     6.000000            .     6.000000
   2014     0      0.002287     0.002463     0.002376
   2014     1-4    0.000121     0.000233     0.000178
   2014     5-9    0.000179     0.000000     0.000087
   2014    10-14   0.000079     0.000151     0.000116
   2014    15-19   0.000122     0.000193     0.000158
   2014    20-24   0.000323     0.000735     0.000535
   2014    25-29   0.000040     0.000689     0.000374
   2014    30-34   0.000413     0.000361     0.000386
   2014    35-39   0.000546     0.001114     0.000839
   2014    40-44   0.000617     0.001196     0.000911
   2014    45-49   0.001008     0.002347     0.001678
   2014    50-54   0.002018     0.002869     0.002443
   2014    55-59   0.002489     0.005508     0.004000
   2014    60-64   0.003714     0.008688     0.006217
   2014    65-69   0.005398     0.013650     0.009531
   2014    70-74   0.008955     0.020857     0.014477
   2014    75-79   0.015756     0.033958     0.023558
   2014    80-84   0.033343     0.066826     0.046264
   2014    85-89   0.073751     0.124421     0.089946
   2014    90-94   0.146600     0.205490     0.160515
   2014    95-99   0.245096     0.339053     0.262323
   2014   100-104  0.430818     0.543041     0.445001
   2014   105-109  0.434211     0.600000     0.461538
   2014   110+            .            .            .
   2015     0      0.001844     0.002795     0.002328
   2015     1-4    0.000433     0.000239     0.000334
   2015     5-9    0.000000     0.000086     0.000044
   2015    10-14   0.000000     0.000232     0.000118
   2015    15-19   0.000162     0.000384     0.000276
   2015    20-24   0.000143     0.000930     0.000551
   2015    25-29   0.000210     0.000799     0.000513
   2015    30-34   0.000425     0.000943     0.000690
   2015    35-39   0.000465     0.000730     0.000602
   2015    40-44   0.000899     0.001488     0.001199
   2015    45-49   0.001021     0.001995     0.001511
   2015    50-54   0.001514     0.003375     0.002445
   2015    55-59   0.002339     0.004386     0.003362
   2015    60-64   0.003511     0.007973     0.005745
   2015    65-69   0.004690     0.012507     0.008626
   2015    70-74   0.008726     0.020397     0.014193
   2015    75-79   0.015156     0.036784     0.024469
   2015    80-84   0.031126     0.067432     0.045228
   2015    85-89   0.067157     0.116400     0.083129
   2015    90-94   0.138766     0.211082     0.156006
   2015    95-99   0.257157     0.343215     0.273195
   2015   100-104  0.455204     0.594470     0.472912
   2015   105-109  0.985075     0.300000     0.896104
   2015   110+     0.000000            .     0.000000
   2016     0      0.001910     0.004417     0.003194
   2016     1-4    0.000190     0.000245     0.000218
   2016     5-9    0.000046     0.000087     0.000067
   2016    10-14   0.000042     0.000199     0.000122
   2016    15-19   0.000122     0.000152     0.000138
   2016    20-24   0.000392     0.000454     0.000424
   2016    25-29   0.000395     0.001076     0.000745
   2016    30-34   0.000581     0.000795     0.000691
   2016    35-39   0.000159     0.000599     0.000386
   2016    40-44   0.001071     0.001143     0.001107
   2016    45-49   0.001067     0.002121     0.001600
   2016    50-54   0.001636     0.003215     0.002426
   2016    55-59   0.002264     0.004796     0.003528
   2016    60-64   0.003021     0.008471     0.005736
   2016    65-69   0.005161     0.012933     0.009080
   2016    70-74   0.008082     0.020138     0.013783
   2016    75-79   0.015334     0.033604     0.023247
   2016    80-84   0.033002     0.062477     0.044513
   2016    85-89   0.067380     0.116970     0.083734
   2016    90-94   0.137603     0.209717     0.155100
   2016    95-99   0.255347     0.330474     0.269297
   2016   100-104  0.446044     0.463167     0.448216
   2016   105-109  0.472441     1.285714     0.553191
   2016   110+     3.000000            .     3.000000
   2017     0      0.000838     0.002388     0.001635
   2017     1-4    0.000195     0.000250     0.000223
   2017     5-9    0.000047     0.000000     0.000023
   2017    10-14   0.000086     0.000204     0.000146
   2017    15-19   0.000124     0.000155     0.000140
   2017    20-24   0.000297     0.000910     0.000616
   2017    25-29   0.000182     0.000515     0.000353
   2017    30-34   0.000337     0.000708     0.000528
   2017    35-39   0.000522     0.000833     0.000682
   2017    40-44   0.000672     0.001396     0.001043
   2017    45-49   0.001177     0.001846     0.001517
   2017    50-54   0.001524     0.002379     0.001952
   2017    55-59   0.001906     0.004547     0.003222
   2017    60-64   0.003501     0.007992     0.005735
   2017    65-69   0.004947     0.012771     0.008879
   2017    70-74   0.008341     0.021165     0.014481
   2017    75-79   0.015398     0.033229     0.023196
   2017    80-84   0.031688     0.062573     0.043838
   2017    85-89   0.069241     0.113934     0.084127
   2017    90-94   0.134091     0.207188     0.152302
   2017    95-99   0.249319     0.313975     0.261178
   2017   100-104  0.442506     0.426110     0.440380
   2017   105-109  0.685714     0.240000     0.618182
   2017   110+            .            .            .
   2018     0      0.002320     0.002484     0.002404
   2018     1-4    0.000067     0.000064     0.000065
   2018     5-9    0.000000     0.000137     0.000070
   2018    10-14   0.000088     0.000041     0.000064
   2018    15-19   0.000128     0.000198     0.000164
   2018    20-24   0.000349     0.000679     0.000522
   2018    25-29   0.000331     0.000442     0.000389
   2018    30-34   0.000271     0.001058     0.000677
   2018    35-39   0.000434     0.001113     0.000782
   2018    40-44   0.000833     0.001097     0.000969
   2018    45-49   0.001079     0.001656     0.001372
   2018    50-54   0.001872     0.002737     0.002304
   2018    55-59   0.002165     0.004121     0.003139
   2018    60-64   0.003325     0.007753     0.005530
   2018    65-69   0.005074     0.012574     0.008822
   2018    70-74   0.008646     0.020341     0.014319
   2018    75-79   0.014626     0.032438     0.022493
   2018    80-84   0.030560     0.060337     0.042368
   2018    85-89   0.065301     0.113776     0.081594
   2018    90-94   0.130635     0.208756     0.150450
   2018    95-99   0.237091     0.328068     0.253229
   2018   100-104  0.433024     0.593357     0.453063
   2018   105-109  0.546164     1.153846     0.634038
   2018   110+     0.000000            .     0.000000
   2019     0      0.001546     0.002943     0.002263
   2019     1-4    0.000276     0.000262     0.000269
   2019     5-9    0.000000     0.000047     0.000024
   2019    10-14   0.000134     0.000084     0.000109
   2019    15-19   0.000130     0.000283     0.000209
   2019    20-24   0.000304     0.000636     0.000479
   2019    25-29   0.000099     0.000640     0.000380
   2019    30-34   0.000322     0.000530     0.000429
   2019    35-39   0.000343     0.000849     0.000602
   2019    40-44   0.000548     0.001173     0.000871
   2019    45-49   0.001123     0.001575     0.001353
   2019    50-54   0.001731     0.003150     0.002442
   2019    55-59   0.002236     0.004220     0.003225
   2019    60-64   0.003391     0.008407     0.005887
   2019    65-69   0.004662     0.012139     0.008380
   2019    70-74   0.007824     0.019707     0.013645
   2019    75-79   0.014658     0.033045     0.022860
   2019    80-84   0.030419     0.058806     0.041750
   2019    85-89   0.066488     0.116614     0.083495
   2019    90-94   0.135418     0.201686     0.152452
   2019    95-99   0.250983     0.358356     0.269795
   2019   100-104  0.422794     0.507582     0.433466
   2019   105-109  0.621999     0.352941     0.599161
   2019   110+     3.000000            .     3.000000
   2020     0      0.001979     0.002474     0.002234
   2020     1-4    0.000433     0.000137     0.000281
   2020     5-9    0.000150     0.000048     0.000098
   2020    10-14   0.000091     0.000172     0.000133
   2020    15-19   0.000260     0.000122     0.000189
   2020    20-24   0.000467     0.000644     0.000561
   2020    25-29   0.000357     0.000465     0.000413
   2020    30-34   0.000420     0.000988     0.000713
   2020    35-39   0.000530     0.000970     0.000756
   2020    40-44   0.001153     0.001079     0.001114
   2020    45-49   0.001054     0.001895     0.001482
   2020    50-54   0.001850     0.002768     0.002311
   2020    55-59   0.002167     0.004828     0.003495
   2020    60-64   0.003339     0.007951     0.005629
   2020    65-69   0.004335     0.011330     0.007797
   2020    70-74   0.008062     0.018349     0.013133
   2020    75-79   0.014469     0.031578     0.022169
   2020    80-84   0.029137     0.060419     0.041700
   2020    85-89   0.062858     0.106269     0.077738
   2020    90-94   0.128934     0.192937     0.145732
   2020    95-99   0.235143     0.310873     0.248609
   2020   100-104  0.413786     0.418256     0.414392
   2020   105-109  0.504224     2.181818     0.582057
   2020   110+            .            .            .
   2021     0      0.001387     0.000653     0.001009
   2021     1-4    0.000076     0.000288     0.000185
   2021     5-9    0.000051     0.000098     0.000075
   2021    10-14   0.000139     0.000044     0.000090
   2021    15-19   0.000173     0.000163     0.000168
   2021    20-24   0.000461     0.000822     0.000652
   2021    25-29   0.000263     0.000662     0.000473
   2021    30-34   0.000307     0.000868     0.000596
   2021    35-39   0.000472     0.000859     0.000671
   2021    40-44   0.000606     0.000987     0.000802
   2021    45-49   0.000963     0.001909     0.001446
   2021    50-54   0.001697     0.003235     0.002474
   2021    55-59   0.002078     0.005212     0.003641
   2021    60-64   0.002937     0.006825     0.004865
   2021    65-69   0.004957     0.011997     0.008423
   2021    70-74   0.008266     0.018306     0.013226
   2021    75-79   0.014814     0.032593     0.022889
   2021    80-84   0.029810     0.060218     0.042107
   2021    85-89   0.063228     0.107483     0.078555
   2021    90-94   0.130924     0.188381     0.146417
   2021    95-99   0.240453     0.308936     0.252914
   2021   100-104  0.428928     0.544650     0.444762
   2021   105-109  0.570386     1.764706     0.585630
   2021   110+     6.000000            .     6.000000
   2022     0      0.002479     0.003022     0.002758
   2022     1-4    0.000160     0.000302     0.000233
   2022     5-9    0.000000     0.000050     0.000026
   2022    10-14   0.000047     0.000089     0.000069
   2022    15-19   0.000173     0.000286     0.000231
   2022    20-24   0.000392     0.000355     0.000373
   2022    25-29   0.000161     0.000570     0.000378
   2022    30-34   0.000320     0.000689     0.000510
   2022    35-39   0.000337     0.000915     0.000635
   2022    40-44   0.001076     0.001387     0.001236
   2022    45-49   0.000943     0.001911     0.001438
   2022    50-54   0.001678     0.002699     0.002196
   2022    55-59   0.002376     0.004882     0.003625
   2022    60-64   0.003649     0.007954     0.005780
   2022    65-69   0.005049     0.013228     0.009067
   2022    70-74   0.008557     0.021717     0.015032
   2022    75-79   0.014838     0.033832     0.023588
   2022    80-84   0.030857     0.060868     0.043119
   2022    85-89   0.065439     0.112421     0.081883
   2022    90-94   0.136196     0.210770     0.156568
   2022    95-99   0.263856     0.343122     0.278713
   2022   100-104  0.433591     0.479609     0.439478
   2022   105-109  0.741923     1.021277     0.754429
   2022   110+            .            .            .
