"Microrregião IBGE";"20 a 24 anos";"25 a 29 anos";"30 a 34 anos";"35 a 39 anos";"40 a 44 anos";"45 a 49 anos";"50 a 54 anos";"55 a 59 anos";"60 a 64 anos";"65 a 69 anos";"70 a 74 anos";"75 a 79 anos";"80 anos e mais";"Total"
"35001 JALES";10;13;24;11;26;30;32;55;44;48;77;74;98;542
"35002 FERNANDOPOLIS";11;9;7;17;11;17;19;33;39;47;35;46;74;365
"35003 VOTUPORANGA";7;8;15;11;25;19;42;34;43;52;78;67;80;481
"35004 SAO JOSE DO RIO PRETO";73;76;84;130;136;160;182;201;245;302;311;345;495;2740
"35005 CATANDUVA";16;33;21;23;33;60;62;53;90;92;113;117;159;872
"35006 AURIFLAMA";2;7;3;6;14;8;8;12;5;11;20;16;36;148
"35007 NHANDEARA";1;1;3;3;14;14;8;14;15;21;34;33;47;208
"35008 NOVO HORIZONTE";5;4;6;4;11;9;9;20;21;26;47;30;57;249
"35009 BARRETOS";17;23;15;19;30;47;63;62;64;82;75;80;97;674
"35010 SAO JOAQUIM DA BARRA";5;15;13;15;29;28;42;52;53;59;78;70;77;536
"35011 ITUVERAVA";13;13;11;12;24;31;32;23;40;44;51;41;72;407
"35012 FRANCA";26;26;34;42;51;72;91;81;113;125;118;112;146;1037
"35013 JABOTICABAL";31;35;35;36;60;71;68;103;126;141;164;175;284;1329
"35014 RIBEIRAO PRETO";105;96;129;139;173;241;281;301;311;343;391;356;447;3313
"35015 BATATAIS";4;6;7;4;9;12;27;34;41;44;41;46;73;348
"35016 ANDRADINA";20;17;24;23;41;25;40;55;86;79;77;91;94;672
"35017 ARACATUBA";24;21;27;46;40;53;64;81;98;136;125;124;138;977
"35018 BIRIGUI";26;11;12;19;30;20;44;60;65;62;86;80;148;663
"35019 LINS";26;27;19;16;33;49;57;59;70;86;90;89;126;747
"35020 BAURU";45;45;60;67;97;114;132;172;181;227;243;232;349;1964
"35021 JAU";31;40;28;41;56;88;116;114;130;171;164;153;273;1405
"35022 AVARE";18;16;26;30;31;36;36;44;42;73;83;85;110;630
"35023 BOTUCATU";30;30;33;40;37;43;64;70;77;98;111;76;150;859
"35024 ARARAQUARA";30;37;47;55;50;91;112;126;122;193;226;196;288;1573
"35025 SAO CARLOS";22;23;22;19;32;43;50;48;64;104;122;108;153;810
"35026 RIO CLARO";16;19;14;19;29;41;66;55;77;90;106;113;187;832
"35027 LIMEIRA";41;46;53;50;66;82;102;135;133;197;158;194;271;1528
"35028 PIRACICABA";65;44;59;47;86;86;121;139;151;197;218;220;300;1733
"35029 PIRASSUNUNGA";18;11;13;10;22;25;35;36;45;49;70;64;96;494
"35030 SAO JOAO DA BOA VISTA";50;51;40;63;63;89;140;138;148;211;211;247;323;1774
"35031 MOJI MIRIM";23;27;40;40;57;56;68;88;96;112;109;138;163;1017
"35032 CAMPINAS";196;222;234;225;301;377;468;522;553;654;719;659;928;6058
"35033 AMPARO";10;9;14;18;19;39;50;46;64;65;80;88;140;642
"35034 DRACENA";13;3;10;13;18;26;23;35;28;57;60;60;95;441
"35035 ADAMANTINA";15;11;9;19;25;43;35;58;47;73;96;64;134;629
"35036 PRESIDENTE PRUDENTE";57;46;70;76;107;122;124;134;193;205;222;244;320;1920
"35037 TUPA";10;14;14;17;24;24;27;27;37;59;57;61;107;478
"35038 MARILIA";35;41;38;52;67;88;125;118;138;186;176;169;243;1476
"35039 ASSIS";16;27;26;41;46;42;56;70;85;101;121;110;169;910
"35040 OURINHOS";36;12;41;58;54;76;111;98;112;149;179;167;212;1305
"35041 ITAPEVA";32;29;38;35;47;55;70;56;100;111;99;105;116;893
"35042 ITAPETININGA";19;20;21;23;28;24;43;56;68;77;90;66;110;645
"35043 TATUI";13;12;14;13;30;29;43;43;61;62;109;84;118;631
"35044 CAPAO BONITO";20;19;17;14;18;31;39;39;55;51;69;68;56;496
"35045 PIEDADE";19;13;15;18;20;26;30;33;34;49;63;48;60;428
"35046 SOROCABA";119;115;125;147;199;244;292;371;386;480;424;391;538;3831
"35047 JUNDIAI";46;65;53;78;80;122;136;154;180;190;222;194;274;1794
"35048 BRAGANCA PAULISTA";31;44;49;55;57;65;100;106;134;149;182;188;232;1392
"35049 CAMPOS DO JORDAO";7;9;13;13;25;21;23;31;47;26;36;35;28;314
"35050 SAO JOSE DOS CAMPOS";171;155;142;166;173;206;247;298;357;350;373;348;523;3509
"35051 GUARATINGUETA";43;65;73;72;79;130;109;152;184;183;186;182;280;1738
"35052 BANANAL";3;1;5;4;4;4;9;12;10;18;10;10;23;113
"35053 PARAIBUNA/PARAITINGA";6;7;8;6;12;13;9;14;21;26;31;41;36;230
"35054 CARAGUATATUBA";33;26;31;23;32;27;19;26;27;34;39;42;48;407
"35055 REGISTRO";37;34;37;45;40;38;49;64;61;98;101;97;116;817
"35056 ITANHAEM";26;14;14;20;17;18;16;18;19;25;19;17;32;255
"35057 OSASCO";139;152;141;122;169;150;190;210;209;262;236;206;238;2424
"35058 FRANCO DA ROCHA";32;41;43;49;62;52;62;51;72;81;69;59;60;733
"35059 GUARULHOS";94;117;105;122;148;163;180;203;245;258;226;216;263;2340
"35060 ITAPECERICA DA SERRA";49;53;66;78;74;87;107;109;128;139;147;135;159;1331
"35061 SAO PAULO";1983;2070;2159;2327;2763;3257;4269;4634;4815;5412;5476;5093;7190;51448
"35062 MOGI DAS CRUZES";108;119;136;135;192;216;209;255;246;270;322;273;284;2765
"35063 SANTOS";235;201;238;239;324;363;423;471;514;574;593;543;730;5448
"Total";4464;4596;4923;5380;6670;7938;9906;11012;12065;13996;14664;13881;19273;128768