"Microrregião IBGE";"20 a 24 anos";"25 a 29 anos";"30 a 34 anos";"35 a 39 anos";"40 a 44 anos";"45 a 49 anos";"50 a 54 anos";"55 a 59 anos";"60 a 64 anos";"65 a 69 anos";"70 a 74 anos";"75 a 79 anos";"80 anos e mais";"Total"
"35001 JALES";12372;10934;10001;8869;7888;6846;6056;5020;4059;3080;2122;1404;1151;79802
"35002 FERNANDOPOLIS";8602;7681;7049;6165;5395;4570;3923;3182;2708;2038;1387;957;730;54387
"35003 VOTUPORANGA";10075;9158;8266;7256;6540;5426;4812;3840;3196;2454;1660;1101;875;64659
"35004 SAO JOSE DO RIO PRETO";47131;44422;39807;33934;29489;24801;21718;18078;15275;11317;7796;5219;4411;303398
"35005 CATANDUVA";15482;14114;12379;10772;9386;7810;7172;6162;5292;4085;2769;1832;1554;98809
"35006 AURIFLAMA";3949;3634;3098;2729;2485;1972;1756;1441;1157;891;570;381;335;24398
"35007 NHANDEARA";5087;4620;4231;3711;3394;2885;2587;2099;1823;1370;970;659;569;34005
"35008 NOVO HORIZONTE";6016;5502;4854;4294;3774;3137;2813;2426;2049;1596;1083;717;586;38847
"35009 BARRETOS";9705;9057;8069;6895;5965;5098;4457;3738;3201;2352;1736;1127;953;62353
"35010 SAO JOAQUIM DA BARRA";15053;13756;12240;10182;8844;7040;5929;4796;3995;2972;1985;1302;1018;89112
"35011 ITUVERAVA";6994;6214;5842;4910;4436;3625;3208;2568;2138;1656;1111;734;642;44078
"35012 FRANCA";25817;23470;20575;17025;14598;11296;9607;7665;6188;4424;3009;1968;1653;147295
"35013 JABOTICABAL";30017;27369;24094;20284;17388;14053;12506;10540;9029;6939;4704;3218;2685;182826
"35014 RIBEIRAO PRETO";61605;59456;53168;45157;37763;30145;26082;21264;17997;13334;8897;6058;5013;385939
"35015 BATATAIS";7427;6878;6201;5317;4637;3782;3305;2808;2453;1859;1258;861;697;47483
"35016 ANDRADINA";14936;13220;11837;10320;9106;7548;6337;5203;4244;3281;2264;1548;1271;91115
"35017 ARACATUBA";18512;17387;15377;13104;11364;9247;8131;6722;5571;4321;2934;1972;1706;116348
"35018 BIRIGUI";17909;15897;13872;12017;10393;8775;7565;6329;5219;4011;2724;1820;1535;108066
"35019 LINS";11511;10194;9044;7834;6946;5948;5385;4684;4103;3121;2170;1442;1238;73620
"35020 BAURU";37451;35126;31103;26528;22463;18524;16202;14029;11946;9077;6057;4139;3385;236030
"35021 JAU";22886;21432;18745;15807;13423;11050;10078;8744;7747;5778;3966;2754;2324;144734
"35022 AVARE";10655;9854;8749;7659;6430;5131;4498;3951;3294;2541;1709;1140;921;66532
"35023 BOTUCATU";12416;11223;10229;8647;7694;6322;5661;5095;4316;3398;2405;1665;1375;80446
"35024 ARARAQUARA";32706;31277;27224;23203;19439;15875;13940;11848;10125;7693;5213;3507;3008;205058
"35025 SAO CARLOS";19164;17874;15891;13454;11563;9356;8460;7113;6317;4802;3385;2317;2094;121790
"35026 RIO CLARO";14555;13811;12602;10658;9342;7860;7112;6112;5556;4315;3020;2074;1702;98719
"35027 LIMEIRA";37220;34694;30820;25783;21145;16810;14476;11863;10082;7296;4709;3057;2411;220366
"35028 PIRACICABA";34930;33531;29580;25217;21438;17160;14795;12461;10874;8119;5657;3706;3023;220491
"35029 PIRASSUNUNGA";11904;11316;10096;8443;7312;6007;5328;4523;3859;2916;1961;1277;980;75922
"35030 SAO JOAO DA BOA VISTA";30667;27930;25191;21656;18636;15303;13806;11976;10611;8069;5475;3767;2986;196073
"35031 MOJI MIRIM";23719;22099;19718;16694;13954;11050;9530;7794;6608;4905;3297;2197;1799;143364
"35032 CAMPINAS";156863;150782;133887;112321;90734;70306;59351;47691;39101;28672;18778;12314;9888;930688
"35033 AMPARO";11360;10609;9820;8528;7518;6032;5729;4933;4432;3531;2536;1667;1395;78090
"35034 DRACENA";9741;8320;7601;6650;5909;5157;4673;3841;3233;2469;1651;1103;918;61266
"35035 ADAMANTINA";14153;12162;10899;9715;8660;7723;6833;5858;4917;3717;2631;1689;1459;90416
"35036 PRESIDENTE PRUDENTE";44237;39128;33537;28805;24825;21073;18011;14911;12080;9236;6069;4022;3458;259392
"35037 TUPA";9131;8036;7080;6167;5375;4678;4147;3588;2977;2344;1530;1080;938;57071
"35038 MARILIA";23702;21240;19063;16373;14008;11784;10245;8850;7677;5814;3922;2612;2164;147454
"35039 ASSIS";18835;17118;15108;13016;11181;9543;8424;7181;6126;4704;3249;2107;1843;118435
"35040 OURINHOS";19681;18277;16076;14404;12636;10711;9150;7831;6600;5026;3523;2345;1971;128231
"35041 ITAPEVA";17815;16013;13926;12003;10029;8249;7092;6088;4986;3783;2550;1583;1230;105347
"35042 ITAPETININGA";11255;10286;9195;7844;6613;5449;4650;4091;3488;2692;1883;1207;970;69623
"35043 TATUI";13098;12145;10841;9330;8080;6753;5897;5206;4414;3473;2408;1515;1204;84364
"35044 CAPAO BONITO";11082;9537;8243;7067;6168;5056;4237;3594;2852;2207;1433;871;603;62950
"35045 PIEDADE";11962;10503;9086;7511;6469;5397;4607;3895;3197;2421;1503;928;732;68211
"35046 SOROCABA";73822;70152;61872;51485;42335;33842;28547;24039;20061;14956;9992;6315;4999;442417
"35047 JUNDIAI";39032;37112;33361;28237;23233;18255;15545;12544;10422;7744;5132;3290;2671;236578
"35048 BRAGANCA PAULISTA";26839;24866;22327;19190;16472;13112;11670;9794;8710;6534;4437;2869;2348;169168
"35049 CAMPOS DO JORDAO";4950;4363;3721;3107;2595;2045;1823;1478;1231;919;594;350;267;27443
"35050 SAO JOSE DOS CAMPOS";88782;86424;77122;65276;51828;37915;30041;23314;19332;14237;9403;6109;4969;514752
"35051 GUARATINGUETA";29509;27275;24175;20391;17258;13827;11755;9850;8269;6352;4226;2840;2280;178007
"35052 BANANAL";2037;1750;1532;1249;1159;955;920;760;699;528;377;267;216;12449
"35053 PARAIBUNA/PARAITINGA";5641;4949;4176;3604;3185;2885;2565;2195;1934;1471;937;593;440;34575
"35054 CARAGUATATUBA";12187;11195;9742;8314;6499;4942;4056;3363;2875;2088;1341;858;723;68183
"35055 REGISTRO";16073;14393;12535;11103;9558;7854;6829;5522;4604;3466;2246;1438;1184;96805
"35056 ITANHAEM";8503;7712;6930;6316;5214;4268;3908;3289;3040;2309;1514;897;630;54530
"35057 OSASCO";114365;107198;93482;77179;60585;43550;33557;24597;18698;12958;7864;4683;3466;602182
"35058 FRANCO DA ROCHA";19081;18354;17244;15018;11712;8296;6301;4874;3978;2875;1742;1074;765;111314
"35059 GUARULHOS";77675;73658;65041;54552;43275;30917;24433;17912;13891;9561;5828;3599;2672;423014
"35060 ITAPECERICA DA SERRA";49415;46649;41932;35725;27745;19294;14389;10361;8082;5474;3381;2051;1588;266086
"35061 SAO PAULO";1138911;1106048;970332;811884;673433;521890;446186;349973;289903;212805;138223;88796;73980;6822364
"35062 MOGI DAS CRUZES";68400;64001;57266;48043;38239;28398;22919;17409;14069;10106;6380;4012;2966;382208
"35063 SANTOS";98730;95232;84755;73998;62385;50314;44030;36482;30460;23054;15162;10128;8220;632950
"Total";2863340;2718617;2401859;2028929;1687545;1324922;1129755;909388;757370;561536;370448;241132;197787;17192628