"Microrregião IBGE";"20 a 24 anos";"25 a 29 anos";"30 a 34 anos";"35 a 39 anos";"40 a 44 anos";"45 a 49 anos";"50 a 54 anos";"55 a 59 anos";"60 a 64 anos";"65 a 69 anos";"70 a 74 anos";"75 a 79 anos";"80 anos e mais";"Total"
"35001 JALES";12359;9750;8700;8000;7530;6180;5082;3860;3244;2435;1696;1083;650;70569
"35002 FERNANDOPOLIS";8517;6969;6016;5360;5093;4036;3385;2474;2031;1564;1051;740;516;47752
"35003 VOTUPORANGA";10032;7842;6864;6136;5752;4567;3882;3122;2434;2016;1367;885;599;55498
"35004 SAO JOSE DO RIO PRETO";41771;33206;28285;24424;23059;20339;17776;13424;10655;8623;5915;3805;2393;233675
"35005 CATANDUVA";13856;11516;9277;7932;7804;7044;6574;4653;3763;3161;2274;1335;1032;80221
"35006 AURIFLAMA";3839;3022;2597;2323;2176;1782;1427;1126;765;685;522;303;229;20796
"35007 NHANDEARA";5222;4229;3677;3307;3132;2590;2187;1724;1416;1218;799;532;376;30409
"35008 NOVO HORIZONTE";6500;5248;4205;3556;3410;2999;2739;2067;1586;1207;816;523;388;35244
"35009 BARRETOS";8591;6723;5718;5052;4855;4299;3669;2982;2321;1869;1502;861;695;49137
"35010 SAO JOAQUIM DA BARRA";13953;11284;9718;7790;7089;5909;5052;3766;2893;2461;1517;977;674;73083
"35011 ITUVERAVA";6877;5315;4626;4098;3805;3233;2731;1989;1795;1470;821;566;359;37685
"35012 FRANCA";21340;17257;14243;11230;10498;8643;7419;5449;4495;3253;2204;1366;985;108382
"35013 JABOTICABAL";25402;20997;17540;14431;13553;11455;10975;8257;6773;5238;3645;2377;1861;142504
"35014 RIBEIRAO PRETO";56209;47313;38022;30781;28236;24353;21538;16383;12598;10205;6661;4192;2946;299437
"35015 BATATAIS";7389;6119;5016;4072;3885;3396;2950;2362;1759;1494;1019;614;514;40589
"35016 ANDRADINA";13843;11434;10105;8772;7797;6265;5296;4243;3426;2733;1790;1070;747;77521
"35017 ARACATUBA";16818;13640;11557;10017;9535;7687;6675;5412;4277;3367;2239;1446;1150;93820
"35018 BIRIGUI";16353;12829;10671;9166;8568;7332;6389;5020;3882;3019;2170;1433;937;87769
"35019 LINS";11536;8797;7248;6128;6074;5688;5320;3883;3273;2609;1741;1031;875;64203
"35020 BAURU";34112;28121;22342;18502;18138;16207;14626;11325;8980;7123;4556;3075;2268;189375
"35021 JAU";21178;17110;13406;11001;10873;9991;9304;6795;5638;4668;3150;2021;1559;116694
"35022 AVARE";9594;7937;6433;5413;5026;4438;3892;3010;2540;2146;1240;792;640;53101
"35023 BOTUCATU";11068;8871;7437;6126;5933;5546;4976;4109;3616;2659;1842;1139;812;64134
"35024 ARARAQUARA";28633;24128;19082;15789;14781;13432;11693;9552;7137;6097;3998;2666;1950;158938
"35025 SAO CARLOS";17580;14437;11400;9330;8862;7806;7328;5505;4571;3802;2566;1629;1184;96000
"35026 RIO CLARO";13455;10946;9534;8097;7471;6698;6592;5289;4357;3486;2277;1561;1244;81007
"35027 LIMEIRA";33018;26883;21786;17139;15408;13439;12241;9074;6627;5226;3612;2187;1500;168140
"35028 PIRACICABA";31551;26898;22180;17351;16048;13903;13200;9583;7853;6335;4289;2572;1988;173751
"35029 PIRASSUNUNGA";10811;8646;7594;6101;5678;4979;4636;3581;2715;2090;1487;820;687;59825
"35030 SAO JOAO DA BOA VISTA";29560;23711;19143;15920;15483;13742;12902;9693;7918;6534;4169;2865;1968;163608
"35031 MOJI MIRIM";20888;17439;14147;11271;10232;8687;7930;5857;4724;3799;2611;1437;969;109991
"35032 CAMPINAS";133986;116383;91539;71162;62884;53292;47137;34261;26231;20597;12907;8029;5613;684021
"35033 AMPARO";10588;9151;7636;6215;5983;5205;5107;4260;3301;3019;1965;1167;1015;64612
"35034 DRACENA";10207;7582;6367;5831;5657;4944;4307;3088;2294;1962;1429;868;535;55071
"35035 ADAMANTINA";15487;11390;9871;9086;8746;7805;6778;4903;3909;3157;2019;1246;1057;85454
"35036 PRESIDENTE PRUDENTE";38430;30287;25826;22871;21274;18365;15312;11750;8626;7198;4722;2986;2210;209857
"35037 TUPA";9041;7011;5846;5341;4947;4314;3792;2954;2416;1810;1236;876;623;50207
"35038 MARILIA";22720;17832;14771;12324;11587;10722;9528;7274;5785;4532;3062;2027;1474;123638
"35039 ASSIS";16069;12880;11339;10119;9385;8230;7169;5989;4820;3817;2380;1568;1201;94966
"35040 OURINHOS";18122;15214;13111;11463;10527;9338;7970;6316;5311;4204;2769;1741;1317;107403
"35041 ITAPEVA";16913;13719;11150;9744;8857;7567;6497;5013;3903;3288;2036;1130;823;90640
"35042 ITAPETININGA";10595;8458;6823;5670;5323;4742;4167;3471;2917;2193;1336;915;715;57325
"35043 TATUI";10847;9033;7527;6407;6074;5316;5064;4038;3357;2618;1773;1080;767;63901
"35044 CAPAO BONITO";9660;7904;6776;6017;5298;4223;3619;2912;2391;1702;1165;588;354;52609
"35045 PIEDADE";9498;7538;6380;5602;5077;4319;3658;3038;2247;1919;1109;658;513;51556
"35046 SOROCABA";62250;52017;41892;33493;30308;26755;24052;18773;14417;11277;7461;4690;3069;330454
"35047 JUNDIAI";36366;31286;24816;19762;17568;14952;13054;9798;7526;5744;3803;2266;1851;188792
"35048 BRAGANCA PAULISTA";22900;18934;15929;13344;12089;10517;10002;7474;6401;4930;3515;2030;1484;129549
"35049 CAMPOS DO JORDAO";4281;3199;2687;2283;2098;1630;1575;1209;1008;635;406;200;220;21431
"35050 SAO JOSE DOS CAMPOS";77690;69808;55357;40998;33631;26502;23370;17477;13855;10118;6635;3985;3426;382852
"35051 GUARATINGUETA";28734;22684;18699;15329;13459;11602;10534;8129;6583;5461;3342;2041;1580;148177
"35052 BANANAL";2004;1397;1225;1140;1113;915;815;765;591;434;366;209;189;11163
"35053 PARAIBUNA/PARAITINGA";5104;3966;3446;3299;2908;2660;2347;1883;1566;1161;795;534;327;29996
"35054 CARAGUATATUBA";8366;7410;6125;4940;4027;3191;2725;2316;1944;1446;831;461;437;44219
"35055 REGISTRO";14044;12085;10045;9240;8175;6506;5607;4418;3347;2779;1595;1049;826;79716
"35056 ITANHAEM";6117;5317;4489;4043;3375;2739;2730;2192;1701;1468;926;516;294;35907
"35057 OSASCO";96348;86789;67971;50286;40778;30419;25321;17783;12551;8986;5278;3050;1977;447537
"35058 FRANCO DA ROCHA";12601;12107;10270;7890;6437;5161;4536;3620;2731;1895;1166;763;391;69568
"35059 GUARULHOS";61845;56919;46592;35280;29151;21409;18043;12502;8860;6515;3657;2187;1555;304515
"35060 ITAPECERICA DA SERRA";35056;33357;27496;21035;16157;11694;9493;6520;4935;3433;2110;1112;797;173195
"35061 SAO PAULO";1165447;1051454;831535;634376;553200;456648;413914;305769;221771;167781;109529;67047;49811;6028282
"35062 MOGI DAS CRUZES";52268;45387;37318;29488;25500;20190;17253;12395;9439;6983;4495;2631;1589;264936
"35063 SANTOS";94514;84575;68465;56215;51411;43271;38803;30037;22070;17581;11895;7600;5306;531743
"Total";2679953;2331690;1877888;1484908;1318788;1101808;984665;737896;558866;433235;283259;175153;128041;14096150