"Microrregião IBGE";"20 a 24 anos";"25 a 29 anos";"30 a 34 anos";"35 a 39 anos";"40 a 44 anos";"45 a 49 anos";"50 a 54 anos";"55 a 59 anos";"60 a 64 anos";"65 a 69 anos";"70 a 74 anos";"75 a 79 anos";"80 anos e mais";"Total"
"35001 JALES";12378;10759;9814;8738;7842;6746;5919;4849;3911;2996;2062;1365;1089;78468
"35002 FERNANDOPOLIS";8584;7573;6903;6058;5348;4491;3843;3077;2609;1976;1339;919;698;53418
"35003 VOTUPORANGA";10072;8971;8072;7104;6427;5307;4694;3727;3081;2377;1613;1060;830;63335
"35004 SAO JOSE DO RIO PRETO";46377;42816;38160;32572;28563;24165;21178;17389;14602;10911;7503;5016;4174;293426
"35005 CATANDUVA";15257;13741;11933;10361;9158;7693;7066;5961;5080;3961;2678;1758;1474;96121
"35006 AURIFLAMA";3934;3548;3026;2669;2440;1947;1717;1386;1107;864;559;365;319;23881
"35007 NHANDEARA";5108;4561;4150;3655;3360;2847;2530;2034;1767;1340;945;641;543;33481
"35008 NOVO HORIZONTE";6089;5469;4760;4188;3722;3119;2800;2378;1977;1545;1049;686;556;38338
"35009 BARRETOS";9560;8722;7732;6632;5808;4986;4359;3612;3086;2282;1687;1077;908;60451
"35010 SAO JOAQUIM DA BARRA";14903;13403;11878;9839;8589;6881;5798;4651;3858;2884;1921;1253;964;86822
"35011 ITUVERAVA";6982;6089;5668;4791;4348;3569;3131;2488;2078;1623;1073;713;609;43162
"35012 FRANCA";25175;22575;19660;16192;14008;10923;9279;7353;5922;4276;2898;1889;1555;141705
"35013 JABOTICABAL";29362;26459;23150;19448;16833;13686;12266;10222;8689;6710;4551;3099;2552;177027
"35014 RIBEIRAO PRETO";60814;57726;50990;43092;36392;29320;25434;20550;17212;12891;8594;5799;4718;373532
"35015 BATATAIS";7423;6771;6027;5141;4529;3728;3258;2738;2370;1791;1216;840;665;46497
"35016 ANDRADINA";14785;12961;11583;10097;8916;7363;6186;5056;4119;3200;2197;1483;1204;89150
"35017 ARACATUBA";18277;16845;14821;12662;11102;9022;7927;6529;5371;4198;2841;1894;1618;113107
"35018 BIRIGUI";17691;15455;13408;11608;10125;8577;7406;6125;5034;3867;2633;1754;1453;105136
"35019 LINS";11516;10001;8795;7593;6824;5906;5359;4586;3991;3038;2109;1396;1186;72300
"35020 BAURU";36968;34130;29849;25382;21853;18188;15981;13629;11514;8807;5844;3981;3221;229347
"35021 JAU";22644;20811;17982;15116;13049;10903;9946;8488;7442;5614;3846;2650;2218;140709
"35022 AVARE";10505;9576;8418;7335;6227;5034;4409;3822;3183;2470;1655;1097;881;64612
"35023 BOTUCATU";12219;10889;9830;8280;7443;6211;5579;4936;4176;3301;2337;1596;1303;78100
"35024 ARARAQUARA";32119;30245;26060;22136;18775;15519;13653;11475;9710;7434;5054;3388;2858;198426
"35025 SAO CARLOS";18933;17378;15245;12859;11178;9128;8282;6899;6069;4644;3264;2234;1970;118083
"35026 RIO CLARO";14404;13401;12159;10287;9072;7698;7038;5989;5382;4198;2919;1996;1631;96174
"35027 LIMEIRA";36618;33576;29522;24538;20319;16334;14160;11453;9619;7009;4523;2927;2283;212881
"35028 PIRACICABA";34442;32576;28521;24092;20666;16695;14524;12078;10479;7837;5453;3553;2877;213793
"35029 PIRASSUNUNGA";11744;10936;9741;8109;7080;5858;5232;4384;3704;2800;1880;1221;934;73623
"35030 SAO JOAO DA BOA VISTA";30497;27318;24324;20835;18175;15073;13672;11662;10237;7830;5307;3646;2830;191406
"35031 MOJI MIRIM";23314;21427;18913;15916;13419;10711;9287;7528;6330;4742;3186;2104;1691;138568
"35032 CAMPINAS";153579;145828;127807;106407;86741;67860;57562;45830;37227;27478;17964;11725;9294;895302
"35033 AMPARO";11251;10400;9507;8192;7294;5915;5646;4827;4284;3444;2453;1605;1333;76151
"35034 DRACENA";9816;8209;7433;6529;5876;5125;4613;3733;3098;2392;1606;1076;873;60379
"35035 ADAMANTINA";14343;12053;10753;9630;8679;7728;6827;5722;4782;3634;2548;1641;1396;89736
"35036 PRESIDENTE PRUDENTE";43416;37870;32435;27949;24319;20685;17638;14438;11610;8929;5865;3878;3275;252307
"35037 TUPA";9123;7888;6903;6047;5316;4628;4090;3502;2888;2275;1489;1051;899;56099
"35038 MARILIA";23582;20748;18445;15798;13654;11626;10140;8624;7413;5630;3797;2528;2056;144041
"35039 ASSIS";18428;16510;14567;12602;10917;9357;8268;6984;5916;4568;3145;2031;1757;115050
"35040 OURINHOS";19457;17844;15654;13973;12333;10513;9005;7595;6381;4913;3428;2262;1885;125243
"35041 ITAPEVA";17685;15684;13523;11681;9862;8150;6997;5939;4853;3697;2468;1529;1171;103239
"35042 ITAPETININGA";11159;10022;8855;7533;6426;5349;4575;4003;3399;2629;1819;1161;928;67858
"35043 TATUI";12774;11705;10364;8911;7793;6546;5774;5042;4256;3348;2314;1451;1144;81422
"35044 CAPAO BONITO";10877;9302;8030;6917;6042;4935;4150;3497;2783;2144;1380;830;571;61458
"35045 PIEDADE";11610;10073;8700;7239;6267;5244;4475;3769;3074;2339;1448;887;693;65818
"35046 SOROCABA";72169;67571;59004;48900;40616;32818;27898;23283;19243;14397;9626;6063;4734;426322
"35047 JUNDIAI";38653;36274;32140;27027;22426;17783;15175;12161;10019;7469;4945;3152;2522;229746
"35048 BRAGANCA PAULISTA";26276;24019;21410;18348;15842;12739;11409;9481;8370;6299;4291;2754;2238;163476
"35049 CAMPOS DO JORDAO";4850;4201;3572;2985;2526;1986;1783;1442;1189;883;571;335;256;26579
"35050 SAO JOSE DOS CAMPOS";87189;84035;74006;61804;49217;36280;29042;22506;18547;13643;8997;5834;4730;495830
"35051 GUARATINGUETA";29391;26614;23403;19678;16714;13502;11569;9613;8059;6178;4090;2736;2194;173741
"35052 BANANAL";2030;1699;1489;1230;1153;951;912;751;683;521;371;259;211;12260
"35053 PARAIBUNA/PARAITINGA";5562;4804;4071;3560;3145;2853;2536;2147;1883;1433;916;578;425;33913
"35054 CARAGUATATUBA";11639;10658;9218;7824;6143;4691;3870;3202;2726;1998;1282;811;681;64743
"35055 REGISTRO";15781;14063;12172;10829;9358;7662;6659;5357;4435;3361;2162;1378;1126;94343
"35056 ITANHAEM";8153;7368;6576;5989;4948;4052;3743;3135;2863;2187;1429;839;586;51868
"35057 OSASCO";111787;104269;89834;73323;57740;41668;32360;23635;17817;12391;7497;4440;3256;580017
"35058 FRANCO DA ROCHA";18157;17462;16248;13997;10954;7848;6048;4693;3806;2741;1658;1022;721;105355
"35059 GUARULHOS";75403;71238;62393;51797;41253;29564;23495;17155;13181;9114;5522;3402;2515;406032
"35060 ITAPECERICA DA SERRA";47346;44756;39875;33635;26092;18215;13672;9833;7629;5183;3193;1925;1486;252840
"35061 SAO PAULO";1142874;1098279;950499;786432;656233;512586;441675;343589;280266;206330;134100;85742;70579;6709184
"35062 MOGI DAS CRUZES";66089;61343;54411;45390;36428;27216;22078;16718;13410;9663;6110;3816;2800;365472
"35063 SANTOS";98121;93693;82420;71450;60807;49314;43330;35528;29293;22272;14679;9758;7810;618475
"Total";2837264;2663190;2326811;1950931;1634704;1293017;1108927;884788;729092;542899;357899;231899;187957;16749378