"Microrregião IBGE";"De 20 a 24 anos";"De 25 a 29 anos";"De 30 a 34 anos";"De 35 a 39 anos";"De 40 a 44 anos";"De 45 a 49 anos";"De 50 a 54 anos";"De 55 a 59 anos";"De 60 a 64 anos";"De 65 a 69 anos";"De 70 a 74 anos";"De 75 a 79 anos";"De 80 anos ou mais";"Total"
"35001 JALES";10402;11492;11671;11637;11064;11253;11202;10326;8812;7181;5580;4270;4738;119628
"35002 FERNANDOPOLIS";7510;8360;8698;8338;7891;7935;7837;7244;5946;4810;3733;2838;3348;84488
"35003 VOTUPORANGA";10555;12438;12761;11899;10793;10610;10290;9500;7718;6196;4645;3392;3818;114615
"35004 SAO JOSE DO RIO PRETO";59851;69248;71940;68169;60789;58093;55763;49763;40434;32052;23435;17551;21180;628268
"35005 CATANDUVA";17831;20114;20754;18787;16862;16238;15204;13465;11271;8826;6484;5106;6383;177325
"35006 AURIFLAMA";3512;4025;3995;3631;3381;3471;3350;3001;2514;2051;1531;1163;1306;36931
"35007 NHANDEARA";4810;5830;6024;5437;4923;4931;4790;4291;3646;2931;2328;1809;2123;53873
"35008 NOVO HORIZONTE";6053;6989;7046;6465;5961;5868;5626;5209;4461;3502;2595;1947;2395;64117
"35009 BARRETOS";10782;12307;12499;11458;10237;9660;9500;8344;6780;5262;3925;2907;3399;107060
"35010 SAO JOAQUIM DA BARRA";17717;19468;20129;18350;16136;15179;14125;12291;9815;7731;5334;3784;4263;164322
"35011 ITUVERAVA";7674;8282;8662;7991;6888;6460;6331;5718;4672;3713;2724;2040;2333;73488
"35012 FRANCA";33121;35173;34061;31510;28936;27838;26282;23023;18457;14313;9896;6946;7937;297493
"35013 JABOTICABAL";33057;36210;36770;33468;30043;29007;27300;24467;20029;15767;11496;8675;10870;317159
"35014 RIBEIRAO PRETO";89974;102777;106202;95774;81235;73760;69619;61660;50097;38355;26839;19454;24100;839846
"35015 BATATAIS";8894;9303;9376;8753;7563;7352;7139;6598;5584;4390;3175;2357;3028;83512
"35016 ANDRADINA";13649;14773;14801;15060;14609;13908;13235;11440;9525;7789;5896;4292;4853;143830
"35017 ARACATUBA";19550;22822;24707;23174;20790;19864;18975;16404;13313;10275;7486;5688;6650;209698
"35018 BIRIGUI";20782;22930;23483;21989;20605;19703;18497;16302;13440;10467;7827;5663;6692;208380
"35019 LINS";12969;13930;14455;13583;12186;11519;10908;9810;8051;6301;4639;3545;4366;126262
"35020 BAURU";45109;51314;53189;49073;42952;39923;38011;34260;28387;21513;15413;11396;14464;445004
"35021 JAU";28345;30752;31778;29781;26719;24980;24007;21350;17119;12857;9078;6925;8993;272684
"35022 AVARE";15266;16231;16132;15571;14047;12705;11897;10490;8578;6390;4503;3285;3929;139024
"35023 BOTUCATU";17035;18328;18805;18068;16119;14843;14071;12711;10668;8187;5928;4361;5615;164739
"35024 ARARAQUARA";41193;46981;47951;44480;39088;36991;35367;31047;25234;19406;13671;10063;12615;404087
"35025 SAO CARLOS";25246;28150;29549;27562;24526;22544;21679;19245;15693;11995;8424;6342;8139;249094
"35026 RIO CLARO";20129;22334;23154;21684;18946;17423;16619;14717;11793;9246;6709;4947;6653;194354
"35027 LIMEIRA";48950;54752;55842;50793;45117;42354;39942;35531;28394;21142;14672;10398;12587;460474
"35028 PIRACICABA";45962;50793;53388;49257;43227;39709;37794;33346;27558;21594;15033;10787;13714;442162
"35029 PIRASSUNUNGA";15140;16525;16997;15347;13576;12990;12597;11182;8897;7112;5031;3730;4632;143756
"35030 SAO JOAO DA BOA VISTA";31560;34273;34913;32603;29866;29367;28866;26595;22019;17012;12170;9098;11665;320007
"35031 MOJI MIRIM";32247;35285;36404;33396;29878;28573;26956;23771;19344;14693;10277;7240;8476;306540
"35032 CAMPINAS";225728;253433;265273;247329;217434;200894;183630;161850;129720;96173;65479;46317;55150;2148410
"35033 AMPARO";13732;15021;15826;14945;13978;13298;12914;12007;10211;8189;5979;4553;5906;146559
"35034 DRACENA";8832;10016;10296;9728;8996;8701;8307;7557;6297;4998;3855;3006;3656;94245
"35035 ADAMANTINA";12019;14813;14712;13122;11707;11300;11098;10078;8390;6820;5318;4185;5172;128734
"35036 PRESIDENTE PRUDENTE";44965;48119;47735;46139;43422;43720;41500;35698;28876;22835;17166;12757;15058;447990
"35037 TUPA";7810;8652;8927;8547;8009;7962;7719;7013;5781;4698;3683;2867;3553;85221
"35038 MARILIA";25575;27913;28691;27757;25332;24130;23001;20977;17534;13702;9982;7409;9448;261451
"35039 ASSIS";20918;22931;22580;21457;19898;19419;18646;16377;13359;10436;7782;5614;6988;206405
"35040 OURINHOS";23060;24279;24351;22757;21194;20475;19915;17663;14946;11796;8721;6204;7496;222857
"35041 ITAPEVA";20735;20038;19680;18466;16932;15945;15316;13278;10626;8034;5752;4185;4733;173720
"35042 ITAPETININGA";17114;18393;18770;17093;14641;13173;12329;11027;8815;6688;4597;3341;3984;149965
"35043 TATUI";22653;24756;25074;23342;20514;18754;17442;15366;12595;9681;6879;4844;5598;207498
"35044 CAPAO BONITO";11108;10268;10082;9877;9465;8732;8014;6882;5618;4590;3433;2478;2658;93205
"35045 PIEDADE";16009;15948;15944;14980;13908;13217;12507;10857;8670;6860;5105;3501;3663;141169
"35046 SOROCABA";116246;125728;129221;120488;106562;98192;91822;79910;62845;46552;31604;22166;26148;1057484
"35047 JUNDIAI";53295;60496;64180;59653;51792;47346;43486;38506;30666;22838;15759;11312;13565;512894
"35048 BRAGANCA PAULISTA";42097;45935;47359;45184;40807;37332;34964;31339;25521;19645;14056;9957;12148;406344
"35049 CAMPOS DO JORDAO";5896;5809;5750;5708;5427;5159;4746;4015;3023;2279;1617;1136;1251;51816
"35050 SAO JOSE DOS CAMPOS";119917;129693;136402;128680;112541;103275;96513;86211;70810;52686;34617;22792;25861;1119998
"35051 GUARATINGUETA";32780;35504;36353;33816;30120;28417;27724;24867;20007;15295;10706;7358;8835;311782
"35052 BANANAL";2062;2082;2030;1977;1872;1832;1767;1531;1202;987;752;559;720;19373
"35053 PARAIBUNA/PARAITINGA";5654;5425;5327;5189;5159;5227;4941;4302;3537;2764;2236;1609;1738;53108
"35054 CARAGUATATUBA";25618;26142;26771;26474;23845;21416;18778;16059;13085;9691;6642;4364;4720;223605
"35055 REGISTRO";19193;17793;18042;18568;17130;16090;15233;13477;11452;8956;7020;5063;5549;173566
"35056 ITANHAEM";17525;16665;16850;17114;16222;15399;15179;14643;13055;10390;7792;5353;5521;171708
"35057 OSASCO";155898;166873;171823;159944;140603;126570;109752;92959;73071;52958;33402;21527;22329;1327709
"35058 FRANCO DA ROCHA";43297;45283;45266;41734;36516;32623;28482;24340;19049;13130;7972;4805;4776;347273
"35059 GUARULHOS";121167;126074;127967;120573;108475;99511;85394;71661;55918;40203;25928;16883;17622;1017376
"35060 ITAPECERICA DA SERRA";90888;95449;99012;93410;81765;72699;61645;52287;40954;29250;18577;11477;11623;759036
"35061 SAO PAULO";1092962;1222740;1306500;1236735;1092602;992006;901469;799967;657669;505973;348603;249830;314393;10721449
"35062 MOGI DAS CRUZES";122040;125010;123060;114219;103022;95138;84256;71841;55621;39577;25633;16812;17684;993913
"35063 SANTOS";117738;123697;130239;125440;113349;105880;99395;89656;75411;57378;41520;30571;37287;1147561
"Total";3409406;3733167;3886229;3653533;3248192;2998883;2761663;2437302;1982583;1509111;1048644;746834;900097;32315644