"Microrregião IBGE";"De 20 a 24 anos";"De 25 a 29 anos";"De 30 a 34 anos";"De 35 a 39 anos";"De 40 a 44 anos";"De 45 a 49 anos";"De 50 a 54 anos";"De 55 a 59 anos";"De 60 a 64 anos";"De 65 a 69 anos";"De 70 a 74 anos";"De 75 a 79 anos";"De 80 anos ou mais";"Total"
"35001 JALES";12771;12091;11154;11111;11179;10707;9465;8172;6931;5768;4534;3091;2898;109872
"35002 FERNANDOPOLIS";9062;8715;7883;7770;7875;7560;6531;5447;4575;3829;2955;2070;2001;76273
"35003 VOTUPORANGA";12382;11922;10607;10376;10302;9681;8441;7094;5784;4680;3551;2466;2399;99685
"35004 SAO JOSE DO RIO PRETO";67745;66742;60395;57238;56315;51909;44189;36156;28630;23060;18165;13057;12668;536269
"35005 CATANDUVA";20132;19272;17214;16570;15872;14439;12571;10273;8126;6791;5584;4187;3934;154965
"35006 AURIFLAMA";4183;3861;3451;3445;3465;3168;2749;2391;1935;1596;1263;872;779;33158
"35007 NHANDEARA";5723;5370;4775;4794;4807;4532;3988;3416;2915;2471;1973;1408;1324;47496
"35008 NOVO HORIZONTE";6914;6514;5860;5742;5680;5327;4813;4031;3215;2627;2126;1593;1502;55944
"35009 BARRETOS";12661;11802;10398;9849;9827;9061;7675;6345;5082;4095;3207;2252;2223;94477
"35010 SAO JOAQUIM DA BARRA";19878;19002;16807;15655;14877;13466;11299;9285;7104;5393;4069;2806;2682;142323
"35011 ITUVERAVA";8799;8562;7294;6753;6619;6237;5351;4422;3557;2862;2212;1489;1493;65650
"35012 FRANCA";34924;32898;29986;28692;27684;25108;20953;16896;12580;9676;7231;4958;4675;256261
"35013 JABOTICABAL";38062;35773;31773;30232;29090;26510;22640;18486;14486;11785;9354;6902;6856;281949
"35014 RIBEIRAO PRETO";97195;93506;81382;73928;70828;65290;55320;44194;33224;25862;20201;14573;14488;689991
"35015 BATATAIS";9556;9035;7844;7338;7353;6947;6119;5072;3871;3173;2529;1870;1879;72586
"35016 ANDRADINA";15481;15392;14775;14193;13619;12297;10569;9061;7441;5965;4494;3141;3096;129524
"35017 ARACATUBA";22817;22588;20705;19829;19499;17691;14877;12129;9501;7760;6036;4198;4273;181903
"35018 BIRIGUI";22682;21873;20262;19450;18700;17073;14548;12054;9566;7672;5950;4193;4104;178127
"35019 LINS";14303;13828;12305;11470;11197;10397;9069;7435;5924;4902;3952;2919;2836;110537
"35020 BAURU";52255;50459;44731;41123;39687;36634;31624;25379;19292;15459;12476;9171;9048;387338
"35021 JAU";31344;30082;27019;25353;24658;22838;19349;15321;11626;9485;7863;5879;5745;236562
"35022 AVARE";16224;15415;13968;12775;12041;11015;9440;7569;5734;4512;3591;2529;2459;117272
"35023 BOTUCATU";18377;17710;16013;14589;14008;13042;11368;9345;7263;5776;4706;3516;3559;139272
"35024 ARARAQUARA";46594;44605;39783;37101;36383;33200;28178;22614;17268;13626;10855;7993;7800;346000
"35025 SAO CARLOS";28202;27631;24848;22778;21962;20411;17223;13795;10392;8313;6707;5007;4962;212231
"35026 RIO CLARO";22115;21843;19452;17715;17235;15849;13285;10824;8475;6760;5474;4243;4446;167716
"35027 LIMEIRA";54194;51326;45698;43141;41283;38036;31833;24974;18470;14247;11002;7971;7562;389737
"35028 PIRACICABA";51450;49899;44112;40515;39059;35698;30678;24978;18849;14586;11462;8638;8507;378431
"35029 PIRASSUNUNGA";16892;15987;14011;13236;13142;11899;10079;8220;6458;5036;4053;2985;2895;124893
"35030 SAO JOAO DA BOA VISTA";36896;34699;30935;29958;29907;28281;24665;20047;15499;12493;10132;7650;7454;288616
"35031 MOJI MIRIM";35385;33615;30061;28543;27723;25325;21489;17246;13015;9900;7602;5411;5143;260458
"35032 CAMPINAS";241107;240431;216853;201136;190318;171595;144463;111669;81286;61555;47067;33331;32372;1773183
"35033 AMPARO";15427;14959;13687;12986;12635;12041;10691;8985;7123;5876;4772;3591;3647;126420
"35034 DRACENA";10203;9568;8744;8514;8335;7850;6886;5811;4813;4120;3345;2414;2313;82916
"35035 ADAMANTINA";14488;13465;11913;11433;11414;10736;9412;7944;6768;5715;4794;3461;3333;114876
"35036 PRESIDENTE PRUDENTE";50712;48143;44778;44140;43354;38264;32061;26330;21234;17219;13513;9456;9194;398398
"35037 TUPA";9697;9235;8345;8214;8052;7551;6429;5431;4509;3850;3090;2252;2260;78915
"35038 MARILIA";29469;28969;26367;24382;23694;21965;18994;15718;12252;9824;7998;5842;5890;231364
"35039 ASSIS";23486;22121;20304;19674;19207;17537;14896;12323;9852;7881;6289;4566;4484;182620
"35040 OURINHOS";25631;23806;21425;20713;20415;18827;16439;13899;11004;8701;6839;4851;4681;197231
"35041 ITAPEVA";22002;20121;17961;16931;16340;14664;12331;9816;7613;6077;4719;3242;2992;154809
"35042 ITAPETININGA";17868;16838;14745;13164;12659;11595;9914;7861;5951;4598;3602;2578;2561;123934
"35043 TATUI";23367;22338;19902;18176;17146;15516;13312;10949;8478;6563;5024;3575;3480;167826
"35044 CAPAO BONITO";12581;11368;10454;9624;8895;7759;6563;5575;4539;3612;2712;1820;1603;87105
"35045 PIEDADE";17451;16065;14652;13621;12921;11453;9371;7957;6354;5014;3699;2410;2115;123083
"35046 SOROCABA";122288;118232;105441;97719;93171;84142;69577;54179;39868;30021;23055;16351;15775;869819
"35047 JUNDIAI";58471;57574;51474;47303;44976;41032;34516;26760;19677;15216;11616;8216;8104;424935
"35048 BRAGANCA PAULISTA";44801;43413;39316;36094;34349;31392;26694;21738;16671;12867;10216;7413;7230;332194
"35049 CAMPOS DO JORDAO";6112;5959;5603;5323;5020;4402;3558;2756;2131;1630;1224;824;785;45327
"35050 SAO JOSE DOS CAMPOS";131307;128880;114853;105071;100781;91804;78485;61616;43364;31072;22335;15527;15496;940591
"35051 GUARATINGUETA";37119;35254;31167;29074;28796;27033;22710;18439;13943;10467;8057;5658;5692;273409
"35052 BANANAL";2280;2117;1933;1875;1842;1650;1355;1158;952;810;635;459;494;17560
"35053 PARAIBUNA/PARAITINGA";6102;5600;5289;5218;5098;4515;3866;3296;2862;2316;1792;1227;1105;48286
"35054 CARAGUATATUBA";25189;25043;23245;20874;18596;16132;13517;10716;7860;5762;4150;2777;2565;176426
"35055 REGISTRO";21618;20428;18276;16784;15838;14245;12350;10366;8580;6970;5239;3543;3339;157576
"35056 ITANHAEM";17514;16716;15455;14059;13383;12811;11851;10364;8569;6747;4975;3367;2968;138779
"35057 OSASCO";172688;169747;151883;137919;124095;107343;87942;66608;45365;31398;21807;14154;12751;1143700
"35058 FRANCO DA ROCHA";43543;41298;36362;33121;29950;26349;21985;16481;11008;7187;4930;3203;2894;278311
"35059 GUARULHOS";125784;123600;114673;105700;95156;81142;66042;49938;34372;24358;16834;11087;9856;858542
"35060 ITAPECERICA DA SERRA";94007;92025;82994;74664;66275;56892;46540;35217;23844;16280;10904;6871;6380;612893
"35061 SAO PAULO";1276788;1296566;1179419;1072739;998761;900438;770812;613663;451814;346795;265827;195545;197583;9566750
"35062 MOGI DAS CRUZES";123070;115597;105099;98031;90254;78376;63948;48299;33583;23905;16969;11272;10287;818690
"35063 SANTOS";128479;128191;116682;108083;103402;94893;82583;66992;51260;40815;32144;23360;22861;999745
"Total";3795847;3735684;3374795;3113621;2937004;2651572;2250471;1791525;1334287;1025381;785481;563281;552780;27911729