"Microrregião IBGE";"De 20 a 24 anos";"De 25 a 29 anos";"De 30 a 34 anos";"De 35 a 39 anos";"De 40 a 44 anos";"De 45 a 49 anos";"De 50 a 54 anos";"De 55 a 59 anos";"De 60 a 64 anos";"De 65 a 69 anos";"De 70 a 74 anos";"De 75 a 79 anos";"De 80 anos ou mais";"Total"
"35001 JALES";9496;10912;11829;11742;11561;11094;11431;10908;9592;7722;6074;4479;5553;122393
"35002 FERNANDOPOLIS";6976;7895;8727;8732;8180;7893;7985;7565;6637;5244;4117;3027;3899;86877
"35003 VOTUPORANGA";10245;11425;13096;12644;11564;10643;10611;10010;8726;6665;5194;3653;4446;118922
"35004 SAO JOSE DO RIO PRETO";58716;64697;72752;71720;65860;59139;57436;53375;45472;35513;26998;18746;24569;654993
"35005 CATANDUVA";17276;18960;20780;20254;17841;16318;15832;14349;12292;9842;7342;5219;7290;183595
"35006 AURIFLAMA";3174;3741;4133;3867;3501;3392;3464;3201;2752;2189;1718;1209;1521;37862
"35007 NHANDEARA";4539;5361;6217;5951;5216;4873;4930;4551;3925;3175;2471;1878;2432;55519
"35008 NOVO HORIZONTE";5819;6520;7295;6938;6281;5902;5839;5459;4853;3884;2911;2060;2723;66484
"35009 BARRETOS";10118;11572;12726;12227;10938;9875;9477;9004;7481;5764;4321;3074;3876;110453
"35010 SAO JOAQUIM DA BARRA";17507;18469;19936;19690;17356;15470;14671;13143;10912;8376;6279;4063;4932;170804
"35011 ITUVERAVA";7494;7892;8467;8473;7516;6552;6347;6022;5144;4010;3063;2135;2691;75806
"35012 FRANCA";32458;34032;35315;33035;30209;28026;27064;24742;20668;15958;11751;7632;9245;310135
"35013 JABOTICABAL";31742;34245;36656;35549;31689;29045;28237;25806;22239;17419;13129;9138;12370;327264
"35014 RIBEIRAO PRETO";90176;96986;107664;104491;90285;76966;71503;65993;55952;43590;31664;21118;27684;884072
"35015 BATATAIS";8441;9192;9473;9268;8291;7296;7277;6901;6112;4918;3664;2525;3433;86791
"35016 ANDRADINA";12828;14262;15052;14841;15026;14330;13612;12485;10325;8355;6551;4647;5627;147941
"35017 ARACATUBA";19308;21227;24687;24740;22228;20155;19465;17855;14731;11463;8467;5933;7688;217947
"35018 BIRIGUI";20079;22106;23836;23348;21448;20282;19319;17609;14903;11693;8747;6198;7710;217278
"35019 LINS";12544;13545;14455;14403;13063;11781;11256;10360;8873;6914;5195;3665;4942;130996
"35020 BAURU";44346;47477;53608;52093;46485;40974;38837;36278;31334;24501;17667;12178;16374;462152
"35021 JAU";27877;29705;31724;31502;28615;25704;24360;22781;19152;14545;10439;7147;10063;283614
"35022 AVARE";14840;16073;16525;16076;15204;13506;12326;11279;9483;7283;5162;3494;4477;145728
"35023 BOTUCATU";17050;17842;18984;18852;17534;15597;14606;13544;11743;9278;6770;4692;6339;172831
"35024 ARARAQUARA";40067;44012;48829;47207;42425;37629;36264;33477;28025;21860;15966;10735;14348;420844
"35025 SAO CARLOS";24914;26623;29246;29383;26411;23560;22019;20672;17537;13698;9928;6703;9295;259989
"35026 RIO CLARO";19853;21288;23118;22848;20607;18069;16933;15722;13237;10186;7674;5280;7386;202201
"35027 LIMEIRA";48709;51854;56499;54576;48285;43394;41174;37842;32094;24272;17214;11398;14413;481724
"35028 PIRACICABA";45934;48340;52736;52699;46761;41243;38581;35866;30258;24149;17835;11730;15557;461689
"35029 PIRASSUNUNGA";14810;15805;16882;16515;14559;13140;12762;11966;10056;7690;5896;3934;5263;149278
"35030 SAO JOAO DA BOA VISTA";29631;32723;34939;34233;31339;29224;29160;27814;24307;18989;13967;9573;13111;329010
"35031 MOJI MIRIM";31618;34006;36528;35948;31925;29020;27946;25478;21562;16666;12021;7964;9784;320466
"35032 CAMPINAS";229227;241568;265795;263473;236183;207744;193092;172763;147002;111928;78519;51086;64062;2262442
"35033 AMPARO";13198;14509;15687;15882;14661;13855;13316;12690;11244;9102;6929;4821;6742;152636
"35034 DRACENA";8350;9587;10532;10293;9516;8893;8613;7961;6921;5447;4188;3100;4166;97567
"35035 ADAMANTINA";11219;13255;15665;14223;12489;11359;11203;10657;9204;7279;5747;4278;5849;132427
"35036 PRESIDENTE PRUDENTE";42512;46502;48690;47097;45067;42953;43226;39152;32269;25163;19198;13697;17415;462941
"35037 TUPA";7295;8070;8868;8796;8259;7852;7878;7399;6425;5069;4009;2996;4063;86979
"35038 MARILIA";24998;26298;28581;28451;26893;24685;23763;22152;19441;15344;11442;7945;10727;270720
"35039 ASSIS";19995;21892;23262;22134;20865;19527;19159;17670;14739;11487;8638;6092;7850;213310
"35040 OURINHOS";22097;23797;24667;23937;22053;20760;20197;19018;16098;12975;9758;6790;8502;230649
"35041 ITAPEVA";20078;20577;19674;19077;17601;16233;15514;14418;11743;8912;6466;4418;5404;180115
"35042 ITAPETININGA";17323;18015;19091;18505;16182;13901;12742;11684;9916;7482;5415;3539;4551;158346
"35043 TATUI";23231;24073;25781;24882;22514;19853;18451;16735;14050;10832;7940;5326;6454;220122
"35044 CAPAO BONITO";10415;10615;9820;9756;9494;9064;8283;7406;6104;4829;3788;2647;3091;95312
"35045 PIEDADE";15760;16016;15815;15495;14373;13668;13104;12003;9782;7393;5681;3927;4299;147316
"35046 SOROCABA";117648;122622;130691;128291;115606;102341;95518;86891;71828;53424;37694;24337;30170;1117061
"35047 JUNDIAI";54034;57323;64009;63963;56663;49130;45386;40852;34707;26324;18651;12316;15690;539048
"35048 BRAGANCA PAULISTA";42443;44620;48182;47697;44155;39634;36645;33973;29155;22200;16405;11078;14009;430196
"35049 CAMPOS DO JORDAO";5800;5903;5785;5728;5612;5272;4974;4389;3498;2515;1845;1236;1448;54005
"35050 SAO JOSE DOS CAMPOS";120454;125683;134586;135320;122352;106957;99603;91702;78884;61428;42630;26289;30272;1176160
"35051 GUARATINGUETA";31431;34145;36438;35753;32201;28978;27818;26329;22349;16985;12402;8166;9993;322988
"35052 BANANAL";2036;2059;2073;1988;1932;1845;1810;1667;1354;1033;829;586;797;20009
"35053 PARAIBUNA/PARAITINGA";5216;5612;5337;5272;5171;5225;5197;4684;3895;2975;2292;1744;1995;54615
"35054 CARAGUATATUBA";26656;26473;26791;27055;25929;23072;20721;17766;14737;11377;7946;5118;5630;239271
"35055 REGISTRO";18590;18512;17439;18046;18087;16579;15816;14578;12418;9966;7519;5584;6496;179630
"35056 ITANHAEM";17850;17423;16816;17251;17356;16618;16265;15845;14367;11649;8836;6183;6707;183166
"35057 OSASCO";161129;158701;169152;166460;149556;130736;116719;98876;81709;61626;41621;24600;26471;1387356
"35058 FRANCO DA ROCHA";45206;44919;46449;44469;39736;34481;30668;26149;21456;15496;9949;5657;5604;370239
"35059 GUARULHOS";127914;123101;127318;124634;114163;102512;92498;77092;62998;47077;31725;19300;20956;1071288
"35060 ITAPECERICA DA SERRA";96199;94038;98801;98020;88390;76711;67716;56425;46601;34603;23143;13721;13971;808339
"35061 SAO PAULO";1135447;1126659;1257247;1278214;1164678;1024213;932598;834484;720415;571339;413598;270835;357007;11086734
"35062 MOGI DAS CRUZES";126304;124960;126053;119779;109024;98452;90136;77658;63564;46286;31167;19106;20889;1053378
"35063 SANTOS";119957;120371;126949;129718;120749;109185;102883;94880;82683;65355;47341;32925;42828;1195824
"Total";3458597;3546685;3844758;3823504;3475713;3092380;2872236;2588005;2201933;1710711;1233506;814670;1033149;33695847