"grupo" "33001" "33002" "33003" "33004" "33005" "33006" "33007" "33008" "33009" "33010" "33011" "33012" "33013" "33014" "33015" "33016" "33017" "33018" "total"
"1" 1 2606 1548 8965 4666 2291 890 2980 407 3085 8764 9227 2371 3624 2041 6382 1594 3695 159148 224284
"2" 2 10153 6087 34971 17835 8936 3482 11579 1600 11678 33100 35865 9218 13475 7807 24505 6110 13867 609580 859848
"3" 3 26759 16164 89104 42926 22388 8923 30758 4039 27973 83811 93046 24315 34478 21411 66085 15945 35702 1596761 2240588
"4" 4 30295 18279 99761 49396 25220 9825 35411 4427 30341 95716 109677 27635 38783 27182 78307 18627 41260 1885038 2625180
"5" 5 31662 18971 100063 56119 24934 9900 37439 4395 33114 91400 115814 27671 39794 26687 76269 18507 40505 1967229 2720473
"6" 6 29323 18152 86868 44085 22915 9322 35830 4300 29626 85004 103175 25424 35225 24901 72700 17610 36110 1799445 2480015
"7" 7 28403 17805 80090 35091 21970 8895 34176 4271 23867 79678 98518 25210 28085 24450 68193 15182 30437 1582456 2206777
"8" 8 21439 13551 59064 22910 16941 6784 26559 3278 15988 59645 77013 20127 19216 18047 52339 11124 22380 1244030 1710435
"9" 9 12912 8868 34445 11041 9752 4208 15771 2012 7791 34217 40697 11810 9378 10694 32326 6369 11600 724158 988049
"10" 10 9395 6468 22812 6448 6348 2927 10547 1488 4557 19964 25318 8161 4810 7339 21481 4149 6512 501811 670535
