"grupo" "33001" "33002" "33003" "33004" "33005" "33006" "33007" "33008" "33009" "33010" "33011" "33012" "33013" "33014" "33015" "33016" "33017" "33018" "total"
"1" 1 2684 1591 9195 4814 2315 907 3070 412 3248 9153 9389 2429 3827 2102 6601 1643 3863 163397 230640
"2" 2 10253 6114 35513 18416 9072 3517 11655 1619 12182 33981 36303 9310 13839 7899 24770 6216 14204 617921 872784
"3" 3 26108 15711 87624 43347 21942 8705 30031 3914 28306 82493 90914 23720 34027 20633 64221 15511 35109 1564989 2197305
"4" 4 29851 17972 99004 49927 24988 9733 34877 4345 31120 96992 108465 27415 39425 27011 77972 18543 41551 1879488 2618679
"5" 5 31573 18817 100320 57015 24919 9846 37079 4367 33762 91977 115552 27602 39986 26828 76017 18452 40907 1954193 2709212
"6" 6 29596 18238 87978 45505 22989 9344 35983 4305 30941 86829 104299 25632 36232 24970 72952 17867 36957 1824457 2515074
"7" 7 28826 18014 80940 35700 22123 9033 34477 4318 24775 81780 98540 25242 28683 24722 68970 15401 31005 1585937 2218486
"8" 8 22081 13870 60901 23990 17429 6966 27341 3372 16826 62391 79850 20752 20114 18650 53651 11479 23273 1275847 1758783
"9" 9 13409 9209 35594 11593 10164 4394 16532 2070 8192 36070 42831 12324 9974 11129 33718 6651 12183 752027 1028064
"10" 10 9656 6661 23598 6693 6555 3017 10888 1531 4774 21111 26296 8420 5046 7579 22274 4292 6799 516921 692111
