"grupo" "33001" "33002" "33003" "33004" "33005" "33006" "33007" "33008" "33009" "33010" "33011" "33012" "33013" "33014" "33015" "33016" "33017" "33018" "total"
"1" 1 2477 1476 8604 4406 2295 863 2827 397 2727 7935 9091 2286 3163 1928 5958 1506 3335 152241 213515
"2" 2 10128 6162 34337 16673 8783 3463 11677 1599 10574 31499 35556 9200 12810 7762 24403 5967 13282 601847 845722
"3" 3 29244 17811 95236 42625 24149 9742 33515 4494 27644 89553 101227 26563 36570 24173 72913 17561 38224 1722234 2413478
"4" 4 31154 18952 100653 47344 25471 9931 36447 4590 27698 90794 111811 27874 36380 27292 78179 18588 39857 1874217 2607232
"5" 5 31680 19258 98512 53158 24803 9998 38245 4439 31090 89183 115722 27626 39019 26071 76418 18536 39069 1991255 2734082
"6" 6 28656 17939 83925 40146 22797 9294 35512 4307 25981 80143 100296 24915 32456 24827 72277 16935 33811 1732491 2386708
"7" 7 26888 17021 76931 33125 21340 8398 33002 4070 21100 72935 97725 24925 26154 23450 65340 14415 28571 1560294 2155684
"8" 8 19395 12514 53194 19594 15382 6208 24049 2981 13456 51222 68045 18135 16453 16136 48091 10000 19611 1141278 1555744
"9" 9 11720 8049 31769 9662 8734 3754 13834 1885 6807 29536 35187 10541 7811 9637 28865 5671 10136 656683 890281
"10" 10 8569 5860 20359 5700 5707 2650 9478 1353 3914 16477 22281 7354 4098 6596 19004 3704 5620 454338 603062
