"grupo" "33001" "33002" "33003" "33004" "33005" "33006" "33007" "33008" "33009" "33010" "33011" "33012" "33013" "33014" "33015" "33016" "33017" "33018" "total"
"1" 1 2545 1514 8775 4541 2274 872 2908 400 2942 8416 9110 2322 3443 1984 6191 1554 3545 155633 218969
"2" 2 10109 6092 34648 17383 8858 3462 11575 1595 11266 32454 35642 9188 13205 7767 24395 6041 13624 605058 852362
"3" 3 27544 16687 90995 42736 22935 9181 31626 4193 27799 85550 95605 25028 35108 22283 68244 16456 36473 1635844 2294287
"4" 4 30607 18529 100162 48746 25328 9866 35793 4492 29462 94154 110516 27746 38008 27256 78358 18632 40830 1883293 2621778
"5" 5 31736 19086 99723 55203 24944 9955 37780 4419 32482 90801 115977 27692 39598 26526 76461 18550 40092 1978991 2730016
"6" 6 29068 18070 85773 42696 22845 9303 35680 4296 28354 83250 102079 25225 34245 24840 72464 17363 35289 1774906 2445746
"7" 7 27942 17575 79159 34468 21797 8744 33840 4204 22964 77522 98410 25159 27473 24168 67353 14950 29852 1577529 2193109
"8" 8 20771 13221 57159 21816 16437 6601 25744 3181 15146 56867 74085 19483 18301 17420 50967 10758 21471 1210790 1660218
"9" 9 12468 8562 33426 10535 9377 4043 15065 1960 7428 32523 38710 11342 8818 10300 31050 6112 11066 698931 951716
"10" 10 9118 6266 22000 6198 6137 2836 10194 1442 4343 18794 24309 7893 4574 7093 20658 4001 6212 486075 648143
