"grupo" "33001" "33002" "33003" "33004" "33005" "33006" "33007" "33008" "33009" "33010" "33011" "33012" "33013" "33014" "33015" "33016" "33017" "33018" "total"
"1" 1 2604 1542 9125 5072 2269 883 2966 397 3452 9211 9256 2394 3854 2030 6395 1603 3870 161427 228350
"2" 2 10431 6179 36528 19732 9180 3556 11788 1622 13435 36046 36942 9503 14839 8069 25348 6400 15046 634824 899468
"3" 3 25098 14885 86066 45028 21644 8416 28640 3766 29799 82252 88490 22839 33834 19700 61543 15141 34813 1524899 2146853
"4" 4 28270 16718 94366 51529 23701 9191 33147 3932 32607 94873 102953 26189 40041 25000 74153 17574 41053 1830223 2545520
"5" 5 30889 18361 100042 57208 24743 9595 35990 4334 35071 95273 112204 27202 40412 27249 76258 18402 41816 1902701 2657750
"6" 6 30771 18673 93478 51333 23667 9662 36753 4351 34677 91991 109785 26650 39310 25890 74411 18252 39243 1895790 2624687
"7" 7 28676 17805 80965 36595 21936 9043 34251 4344 27290 85285 96810 24666 30277 24574 69153 15929 32888 1602773 2243260
"8" 8 24520 15396 67218 27395 18894 7657 29573 3642 19575 72408 86752 22554 22581 20827 58380 12660 25687 1354563 1890282
"9" 9 15187 10127 39570 13626 11467 4952 18987 2301 9791 42253 50998 14041 11972 12478 37797 7627 14231 848631 1166036
"10" 10 10608 7357 25857 7462 7217 3357 12289 1665 5360 25023 29592 9316 5917 8378 24805 4786 7698 561067 757754
