"grupo" "33001" "33002" "33003" "33004" "33005" "33006" "33007" "33008" "33009" "33010" "33011" "33012" "33013" "33014" "33015" "33016" "33017" "33018" "total"
"1" 1 2551 1511 8868 4834 2218 867 2909 392 3279 8908 9019 2332 3726 1992 6265 1567 3750 157125 222113
"2" 2 10435 6197 36417 19409 9199 3562 11820 1629 13098 35579 36962 9500 14598 8063 25318 6379 14860 633274 896299
"3" 3 25319 15088 86190 44257 21646 8472 28970 3799 29162 81948 88893 23025 33740 19916 62150 15195 34750 1531293 2153813
"4" 4 28871 17183 96148 51100 24191 9397 33806 4080 32174 95790 105052 26666 39919 25733 75610 17941 41314 1851149 2576124
"5" 5 31136 18526 100216 57159 24822 9694 36391 4354 34644 94218 113385 27362 40293 27126 76250 18436 41527 1921235 2676774
"6" 6 30390 18542 91684 49395 23451 9555 36510 4336 33422 90269 107964 26316 38282 25583 73942 18128 38485 1872553 2588807
"7" 7 28740 17881 80979 36297 22002 9043 34336 4335 26448 84134 97422 24867 29747 24631 69111 15755 32262 1597624 2235614
"8" 8 23742 14906 65207 26290 18435 7435 28867 3557 18675 69148 84580 21986 21784 20133 56888 12283 24917 1330351 1849184
"9" 9 14562 9800 38159 12922 11007 4757 18129 2220 9235 40097 48178 13439 11282 12004 36357 7285 13521 814695 1117649
"10" 10 10281 7120 25077 7198 6991 3240 11813 1618 5158 23690 28466 9008 5622 8105 23938 4616 7389 545758 735088
