"grupo" "33001" "33002" "33003" "33004" "33005" "33006" "33007" "33008" "33009" "33010" "33011" "33012" "33013" "33014" "33015" "33016" "33017" "33018" "total"
"1" 1 2584 1533 8922 4766 2239 875 2952 396 3226 8923 9092 2351 3730 2024 6354 1587 3760 158285 223599
"2" 2 10408 6191 36182 19029 9191 3561 11810 1634 12719 34994 36850 9462 14308 8028 25199 6334 14621 629426 889947
"3" 3 25613 15340 86579 43651 21710 8556 29388 3840 28635 81917 89556 23283 33757 20196 62943 15293 34796 1542196 2167249
"4" 4 29420 17610 97771 50623 24647 9585 34406 4218 31714 96613 106962 27103 39754 26419 76948 18279 41531 1868926 2602529
"5" 5 31376 18693 100347 57136 24886 9781 36767 4367 34248 93179 114556 27500 40181 26993 76184 18457 41257 1939202 2695110
"6" 6 29988 18381 89809 47448 23209 9444 36235 4320 32181 88544 106104 25965 37253 25270 73424 17993 37709 1847892 2551169
"7" 7 28799 17955 81002 36018 22075 9042 34423 4329 25628 83005 98025 25067 29232 24691 69076 15587 31650 1592603 2228207
"8" 8 22921 14397 63092 25155 17940 7206 28120 3466 17765 65811 82259 21379 20962 19404 55301 11888 24108 1303872 1805046
"9" 9 13964 9491 36824 12241 10571 4567 17306 2142 8705 38037 45448 12863 10615 11550 34988 6959 12834 782257 1071362
"10" 10 9970 6889 24335 6944 6772 3128 11347 1574 4966 22401 27381 8712 5335 7841 23102 4453 7094 531276 713520
