"grupo" "33001" "33002" "33003" "33004" "33005" "33006" "33007" "33008" "33009" "33010" "33011" "33012" "33013" "33014" "33015" "33016" "33017" "33018" "total"
"1" 1 2562 1518 9052 5134 2242 868 2913 389 3506 9180 9165 2368 3847 1998 6289 1582 3855 159935 226403
"2" 2 10431 6166 36671 20068 9168 3553 11771 1615 13780 36541 36956 9520 15091 8079 25404 6427 15247 637065 903553
"3" 3 24951 14719 86186 45921 21706 8382 28393 3744 30508 82780 88355 22715 34026 19534 61110 15132 34975 1523046 2146183
"4" 4 27636 16232 92444 51870 23181 8976 32439 3778 32976 93802 100730 25679 40100 24239 72586 17183 40723 1806835 2511409
"5" 5 30683 18225 100041 57311 24709 9528 35664 4328 35533 96431 111195 27097 40587 27413 76425 18404 42155 1887373 2643102
"6" 6 31080 18769 95059 53128 23829 9729 36917 4354 35823 93457 111314 26914 40225 26129 74700 18331 39900 1914482 2654140
"7" 7 28664 17756 81084 36946 21903 9061 34225 4359 28164 86560 96376 24509 30852 24557 69308 16127 33562 1610771 2254784
"8" 8 25243 15844 69071 28428 19312 7858 30204 3718 20411 75479 88736 23070 23318 21479 59734 13007 26399 1375778 1927089
"9" 9 15825 10469 41010 14343 11929 5152 19858 2386 10350 44433 53866 14654 12670 12965 39269 7973 14952 883294 1215398
"10" 10 10971 7624 26729 7752 7471 3485 12808 1716 5581 26437 30824 9655 6234 8683 25755 4972 8031 578154 782882
