"grupo" "33001" "33002" "33003" "33004" "33005" "33006" "33007" "33008" "33009" "33010" "33011" "33012" "33013" "33014" "33015" "33016" "33017" "33018" "total"
"1" 1 2521 1494 8970 5194 2213 853 2861 381 3553 9143 9061 2342 3833 1962 6182 1560 3836 158348 224307
"2" 2 10334 6099 36478 20204 9073 3515 11644 1593 13992 36682 36643 9447 15200 8019 25228 6395 15301 633490 899337
"3" 3 24928 14631 86740 47037 21878 8393 28287 3744 31361 83695 88666 22706 34379 19469 60982 15199 35304 1528805 2156204
"4" 4 26912 15699 90228 52009 22583 8732 31630 3612 33204 92346 98168 25083 39997 23381 70784 16734 40258 1777453 2468813
"5" 5 30557 18137 100308 57539 24738 9476 35430 4334 36068 97848 110487 27062 40869 27661 76794 18449 42590 1877380 2635727
"6" 6 31281 18800 96290 54725 23902 9774 36953 4344 36818 94569 112460 27092 40992 26276 74721 18346 40407 1926535 2674285
"7" 7 28728 17752 81413 37390 21929 9099 34286 4382 29098 88038 96200 24414 31510 24607 69648 16371 34321 1623214 2272400
"8" 8 25898 16256 70744 29380 19682 8040 30761 3785 21184 78311 90500 23528 23992 22073 60939 13320 27034 1393536 1958963
"9" 9 16465 10806 42451 15057 12401 5353 20735 2470 10907 46610 56749 15271 13370 13455 40741 8323 15677 918077 1264918
"10" 10 11381 7917 27710 8076 7755 3627 13382 1774 5823 27968 32186 10032 6582 9021 26815 5179 8403 597604 811235
