"grupo" "33001" "33002" "33003" "33004" "33005" "33006" "33007" "33008" "33009" "33010" "33011" "33012" "33013" "33014" "33015" "33016" "33017" "33018" "total"
"1" 1 2520 1503 8728 4492 2293 872 2883 402 2846 8214 9146 2315 3317 1966 6104 1538 3457 154665 217261
"2" 2 10092 6108 34396 16979 8798 3452 11590 1592 10888 31887 35493 9167 12972 7741 24328 5986 13413 601699 846581
"3" 3 28395 17249 93139 42694 23545 9466 32582 4344 27725 87576 98441 25797 35848 23237 70599 17014 37354 1679464 2354469
"4" 4 30871 18720 100373 48014 25387 9893 36106 4535 28564 92425 111108 27799 37168 27264 78238 18602 40327 1877904 2613298
"5" 5 31745 19210 99241 54247 24906 9989 38056 4440 31828 90100 116007 27698 39360 26329 76535 18567 39626 1987687 2735571
"6" 6 28836 17989 84770 41376 22803 9292 35560 4296 27139 81622 101083 25050 33317 24812 72306 17133 34517 1752057 2413958
"7" 7 27444 17318 78117 33823 21592 8579 33454 4139 22049 75299 98157 25069 26836 23827 66409 14694 29240 1570411 2176457
"8" 8 20093 12873 55195 20712 15916 6404 24905 3083 14305 54057 71087 18814 17382 16785 49546 10383 20545 1176433 1608518
"9" 9 12069 8290 32530 10077 9037 3891 14424 1920 7102 30970 36879 10919 8298 9950 29899 5880 10581 676460 919176
"10" 10 8841 6060 21171 5946 5918 2743 9833 1397 4126 17626 23282 7619 4334 6841 19824 3851 5915 470011 625338
