"grupo" "33001" "33002" "33003" "33004" "33005" "33006" "33007" "33008" "33009" "33010" "33011" "33012" "33013" "33014" "33015" "33016" "33017" "33018" "total"
"1" 1 2490 1467 8895 5214 2192 842 2817 374 3575 9099 8956 2311 3828 1932 6110 1537 3814 156481 221934
"2" 2 10304 6061 36542 20506 9058 3501 11589 1581 14247 36930 36591 9432 15344 7997 25182 6386 15398 633422 900071
"3" 3 24917 14588 87054 47764 21878 8385 28229 3731 32099 84721 88671 22713 34920 19486 61069 15268 35737 1533339 2164569
"4" 4 26236 15265 88499 52062 22105 8512 30866 3504 33157 90350 95835 24444 39235 22588 68801 16271 39410 1740069 2417209
"5" 5 30192 17893 99746 58006 24582 9426 35021 4276 36821 99042 109538 26912 41532 27558 76647 18409 42899 1876358 2634858
"6" 6 31471 18819 97337 55797 24108 9796 36938 4353 37485 95617 113199 27286 41388 26647 75147 18445 41068 1930815 2685716
"7" 7 28863 17777 82093 38340 21918 9083 34314 4369 30116 89263 96881 24514 32236 24556 69606 16540 34936 1640212 2295617
"8" 8 26540 16606 72109 30027 20005 8252 31336 3871 22039 80960 91290 23754 24662 22515 62231 13638 27749 1408564 1986148
"9" 9 17141 11171 44268 15946 12909 5552 21599 2568 11557 49361 59667 15930 14185 14085 42207 8688 16494 951051 1314379
"10" 10 11772 8200 28612 8429 8077 3773 14006 1822 6072 29568 33948 10446 7016 9374 27996 5400 8824 619513 842848
